feature_key,layer,feature,prompt,peak_token,peak_token_idx,activation_max,sparsity_ratio,peak_token_type,target_tokens,tokens_source,pred_label,subtype,confidence,review,why_review,supernode_name,top_activations_probe_original
0_51434,0,51434,entity: A famous product is the iPhone, the,7,82.99693298339844,0.875,functional,"[{""token"": "" iPhone"", ""index"": 8, ""distance"": 1, ""direction"": ""forward""}]",json,Semantic,Dictionary,0.8,False,,The,"[{""tk"": ""the"", ""act"": 85.57115936279297}, {""tk"": ""is"", ""act"": 0.0}, {""tk"": ""iPhone"", ""act"": 0.0}, {""tk"": ""technology"", ""act"": 0.0}, {""tk"": ""company"", ""act"": 0.0}, {""tk"": ""Apple"", ""act"": 0.0}, {""tk"": ""founder"", ""act"": 0.0}, {""tk"": ""of"", ""act"": 0.0}, {""tk"": ""Steve"", ""act"": 0.0}, {""tk"": ""Jobs"", ""act"": 0.0}, {""tk"": ""who"", ""act"": 0.0}, {""tk"": ""started"", ""act"": 0.0}, {""tk"": ""called"", ""act"": 0.0}, {""tk"": ""established"", ""act"": 0.0}]"
0_95475,0,95475,entity: A famous product is the iPhone, product,5,70.21309661865234,0.5622120563022528,semantic,"[{""token"": "" product"", ""index"": 5, ""distance"": 0, ""direction"": ""self""}]",n/a,Semantic,Dictionary (fallback),0.9,False,,technology,"[{""tk"": ""technology"", ""act"": 93.322021484375}, {""tk"": ""founder"", ""act"": 81.49853515625}, {""tk"": ""company"", ""act"": 69.5289535522461}, {""tk"": ""iPhone"", ""act"": 67.94441986083984}, {""tk"": ""Apple"", ""act"": 61.332576751708984}, {""tk"": ""established"", ""act"": 57.30805969238281}, {""tk"": ""Steve"", ""act"": 43.965614318847656}, {""tk"": ""Jobs"", ""act"": 43.11543655395508}, {""tk"": ""started"", ""act"": 30.94107437133789}, {""tk"": ""called"", ""act"": 26.789133071899414}, {""tk"": ""is"", ""act"": 0.0}, {""tk"": ""the"", ""act"": 0.0}, {""tk"": ""of"", ""act"": 0.0}, {""tk"": ""who"", ""act"": 0.0}]"
0_39122,0,39122,entity: A famous product is the iPhone,:,2,55.24455642700195,0.7919320127725197,functional,"[{""token"": "" famous"", ""index"": 4, ""distance"": 2, ""direction"": ""forward""}, {""token"": ""entity"", ""index"": 1, ""distance"": 1, ""direction"": ""backward""}]",json,Semantic,Dictionary (fallback),0.9,False,,punctuation,"[{""tk"": ""of"", ""act"": 38.268653869628906}, {""tk"": ""the"", ""act"": 36.712432861328125}, {""tk"": ""is"", ""act"": 0.0}, {""tk"": ""iPhone"", ""act"": 0.0}, {""tk"": ""technology"", ""act"": 0.0}, {""tk"": ""company"", ""act"": 0.0}, {""tk"": ""Apple"", ""act"": 0.0}, {""tk"": ""founder"", ""act"": 0.0}, {""tk"": ""Steve"", ""act"": 0.0}, {""tk"": ""Jobs"", ""act"": 0.0}, {""tk"": ""who"", ""act"": 0.0}, {""tk"": ""started"", ""act"": 0.0}, {""tk"": ""called"", ""act"": 0.0}, {""tk"": ""established"", ""act"": 0.0}]"
0_40780,0,40780,entity: A famous product is the iPhone, is,6,51.99443817138672,0.6562996095524001,functional,"[{""token"": "" iPhone"", ""index"": 8, ""distance"": 2, ""direction"": ""forward""}]",json,Semantic,Dictionary (fallback),0.9,False,,the,"[{""tk"": ""the"", ""act"": 57.46990203857422}, {""tk"": ""who"", ""act"": 54.23466110229492}, {""tk"": ""is"", ""act"": 53.85965347290039}, {""tk"": ""of"", ""act"": 40.54933166503906}, {""tk"": ""iPhone"", ""act"": 0.0}, {""tk"": ""technology"", ""act"": 0.0}, {""tk"": ""company"", ""act"": 0.0}, {""tk"": ""Apple"", ""act"": 0.0}, {""tk"": ""founder"", ""act"": 0.0}, {""tk"": ""Steve"", ""act"": 0.0}, {""tk"": ""Jobs"", ""act"": 0.0}, {""tk"": ""started"", ""act"": 0.0}, {""tk"": ""called"", ""act"": 0.0}, {""tk"": ""established"", ""act"": 0.0}]"
0_18753,0,18753,entity: A famous product is the iPhone,:,2,51.97817993164063,0.6526011047597464,functional,"[{""token"": "" famous"", ""index"": 4, ""distance"": 2, ""direction"": ""forward""}, {""token"": ""entity"", ""index"": 1, ""distance"": 1, ""direction"": ""backward""}]",json,Semantic,Dictionary (fallback),0.9,False,,punctuation,"[{""tk"": ""is"", ""act"": 47.909812927246094}, {""tk"": ""the"", ""act"": 45.05503845214844}, {""tk"": ""of"", ""act"": 43.002586364746094}, {""tk"": ""iPhone"", ""act"": 0.0}, {""tk"": ""technology"", ""act"": 0.0}, {""tk"": ""company"", ""act"": 0.0}, {""tk"": ""Apple"", ""act"": 0.0}, {""tk"": ""founder"", ""act"": 0.0}, {""tk"": ""Steve"", ""act"": 0.0}, {""tk"": ""Jobs"", ""act"": 0.0}, {""tk"": ""who"", ""act"": 0.0}, {""tk"": ""started"", ""act"": 0.0}, {""tk"": ""called"", ""act"": 0.0}, {""tk"": ""established"", ""act"": 0.0}]"
0_54198,0,54198,entity: A famous product is the iPhone, A,3,47.806453704833984,0.875,functional,"[{""token"": "" famous"", ""index"": 4, ""distance"": 1, ""direction"": ""forward""}]",json,Semantic,Dictionary (fallback),0.9,False,,The,"[{""tk"": ""The"", ""act"": 58.90497970581055}, {""tk"": ""is"", ""act"": 0.0}, {""tk"": ""iPhone"", ""act"": 0.0}, {""tk"": ""technology"", ""act"": 0.0}, {""tk"": ""company"", ""act"": 0.0}, {""tk"": ""Apple"", ""act"": 0.0}, {""tk"": ""founder"", ""act"": 0.0}, {""tk"": ""of"", ""act"": 0.0}, {""tk"": ""Steve"", ""act"": 0.0}, {""tk"": ""Jobs"", ""act"": 0.0}, {""tk"": ""who"", ""act"": 0.0}, {""tk"": ""started"", ""act"": 0.0}, {""tk"": ""called"", ""act"": 0.0}, {""tk"": ""established"", ""act"": 0.0}]"
0_49560,0,49560,entity: A famous product is the iPhone, is,6,45.99850845336914,0.875,functional,"[{""token"": "" iPhone"", ""index"": 8, ""distance"": 2, ""direction"": ""forward""}]",json,Semantic,Dictionary,1.0,False,,is,"[{""tk"": ""is"", ""act"": 50.08353042602539}, {""tk"": ""the"", ""act"": 0.0}, {""tk"": ""iPhone"", ""act"": 0.0}, {""tk"": ""technology"", ""act"": 0.0}, {""tk"": ""company"", ""act"": 0.0}, {""tk"": ""Apple"", ""act"": 0.0}, {""tk"": ""founder"", ""act"": 0.0}, {""tk"": ""of"", ""act"": 0.0}, {""tk"": ""Steve"", ""act"": 0.0}, {""tk"": ""Jobs"", ""act"": 0.0}, {""tk"": ""who"", ""act"": 0.0}, {""tk"": ""started"", ""act"": 0.0}, {""tk"": ""called"", ""act"": 0.0}, {""tk"": ""established"", ""act"": 0.0}]"
0_95057,0,95057,entity: A famous product is the iPhone,:,2,44.86204528808594,0.6225730988010867,functional,"[{""token"": "" famous"", ""index"": 4, ""distance"": 2, ""direction"": ""forward""}, {""token"": ""entity"", ""index"": 1, ""distance"": 1, ""direction"": ""backward""}]",json,Semantic,Dictionary (fallback),0.9,False,,punctuation,"[{""tk"": ""The"", ""act"": 34.374595642089844}, {""tk"": ""is"", ""act"": 30.81856346130371}, {""tk"": ""iPhone"", ""act"": 0.0}, {""tk"": ""technology"", ""act"": 0.0}, {""tk"": ""company"", ""act"": 0.0}, {""tk"": ""Apple"", ""act"": 0.0}, {""tk"": ""founder"", ""act"": 0.0}, {""tk"": ""of"", ""act"": 0.0}, {""tk"": ""Steve"", ""act"": 0.0}, {""tk"": ""Jobs"", ""act"": 0.0}, {""tk"": ""who"", ""act"": 0.0}, {""tk"": ""started"", ""act"": 0.0}, {""tk"": ""called"", ""act"": 0.0}, {""tk"": ""established"", ""act"": 0.0}]"
0_5200,0,5200,entity: A famous product is the iPhone, is,6,42.7060432434082,0.875,functional,"[{""token"": "" iPhone"", ""index"": 8, ""distance"": 2, ""direction"": ""forward""}]",json,Semantic,Dictionary,1.0,False,,is,"[{""tk"": ""is"", ""act"": 46.00471878051758}, {""tk"": ""the"", ""act"": 0.0}, {""tk"": ""iPhone"", ""act"": 0.0}, {""tk"": ""technology"", ""act"": 0.0}, {""tk"": ""company"", ""act"": 0.0}, {""tk"": ""Apple"", ""act"": 0.0}, {""tk"": ""founder"", ""act"": 0.0}, {""tk"": ""of"", ""act"": 0.0}, {""tk"": ""Steve"", ""act"": 0.0}, {""tk"": ""Jobs"", ""act"": 0.0}, {""tk"": ""who"", ""act"": 0.0}, {""tk"": ""started"", ""act"": 0.0}, {""tk"": ""called"", ""act"": 0.0}, {""tk"": ""established"", ""act"": 0.0}]"
0_98149,0,98149,entity: A famous product is the iPhone,entity,1,25.96688270568848,0.7733943881813925,semantic,"[{""token"": ""entity"", ""index"": 1, ""distance"": 0, ""direction"": ""self""}]",n/a,Semantic,Dictionary (fallback),0.9,False,,Semantic (unknown),"[{""tk"": ""technology"", ""act"": 16.84918785095215}, {""tk"": ""company"", ""act"": 15.803342819213867}, {""tk"": ""founder"", ""act"": 14.010324478149414}, {""tk"": ""established"", ""act"": 8.117849349975586}, {""tk"": ""Apple"", ""act"": 6.845046520233154}, {""tk"": ""started"", ""act"": 1.926740288734436}, {""tk"": ""called"", ""act"": 0.5325685739517212}, {""tk"": ""is"", ""act"": 0.0}, {""tk"": ""the"", ""act"": 0.0}, {""tk"": ""iPhone"", ""act"": 0.0}, {""tk"": ""of"", ""act"": 0.0}, {""tk"": ""Steve"", ""act"": 0.0}, {""tk"": ""Jobs"", ""act"": 0.0}, {""tk"": ""who"", ""act"": 0.0}]"
0_44634,0,44634,entity: A famous product is the iPhone,entity,1,14.357372283935549,0.875,semantic,"[{""token"": ""entity"", ""index"": 1, ""distance"": 0, ""direction"": ""self""}]",n/a,Semantic,Dictionary (fallback),0.9,False,,Semantic (unknown),"[{""tk"": ""is"", ""act"": 0.0}, {""tk"": ""the"", ""act"": 0.0}, {""tk"": ""iPhone"", ""act"": 0.0}, {""tk"": ""technology"", ""act"": 0.0}, {""tk"": ""company"", ""act"": 0.0}, {""tk"": ""Apple"", ""act"": 0.0}, {""tk"": ""founder"", ""act"": 0.0}, {""tk"": ""of"", ""act"": 0.0}, {""tk"": ""Steve"", ""act"": 0.0}, {""tk"": ""Jobs"", ""act"": 0.0}, {""tk"": ""who"", ""act"": 0.0}, {""tk"": ""started"", ""act"": 0.0}, {""tk"": ""called"", ""act"": 0.0}, {""tk"": ""established"", ""act"": 0.0}]"
0_97077,0,97077,entity: A famous product is the iPhone,entity,1,0.0,0.0,semantic,"[{""token"": ""entity"", ""index"": 1, ""distance"": 0, ""direction"": ""self""}]",n/a,Relationship,,1.0,False,,(is) related,"[{""tk"": ""is"", ""act"": 0.0}, {""tk"": ""the"", ""act"": 0.0}, {""tk"": ""iPhone"", ""act"": 0.0}, {""tk"": ""technology"", ""act"": 0.0}, {""tk"": ""company"", ""act"": 0.0}, {""tk"": ""Apple"", ""act"": 0.0}, {""tk"": ""founder"", ""act"": 0.0}, {""tk"": ""of"", ""act"": 0.0}, {""tk"": ""Steve"", ""act"": 0.0}, {""tk"": ""Jobs"", ""act"": 0.0}, {""tk"": ""who"", ""act"": 0.0}, {""tk"": ""started"", ""act"": 0.0}, {""tk"": ""called"", ""act"": 0.0}, {""tk"": ""established"", ""act"": 0.0}]"
0_36289,0,36289,entity: A famous product is the iPhone, iPhone,8,20.29351806640625,0.875,semantic,"[{""token"": "" iPhone"", ""index"": 8, ""distance"": 0, ""direction"": ""self""}]",n/a,Semantic,Dictionary,1.0,False,,iphone,"[{""tk"": ""iPhone"", ""act"": 20.29351806640625}, {""tk"": ""is"", ""act"": 0.0}, {""tk"": ""the"", ""act"": 0.0}, {""tk"": ""technology"", ""act"": 0.0}, {""tk"": ""company"", ""act"": 0.0}, {""tk"": ""Apple"", ""act"": 0.0}, {""tk"": ""founder"", ""act"": 0.0}, {""tk"": ""of"", ""act"": 0.0}, {""tk"": ""Steve"", ""act"": 0.0}, {""tk"": ""Jobs"", ""act"": 0.0}, {""tk"": ""who"", ""act"": 0.0}, {""tk"": ""started"", ""act"": 0.0}, {""tk"": ""called"", ""act"": 0.0}, {""tk"": ""established"", ""act"": 0.0}]"
0_19204,0,19204,entity: A famous product is the iPhone,entity,1,0.0,0.0,semantic,"[{""token"": ""entity"", ""index"": 1, ""distance"": 0, ""direction"": ""self""}]",n/a,Relationship,,1.0,False,,(is) related,"[{""tk"": ""is"", ""act"": 0.0}, {""tk"": ""the"", ""act"": 0.0}, {""tk"": ""iPhone"", ""act"": 0.0}, {""tk"": ""technology"", ""act"": 0.0}, {""tk"": ""company"", ""act"": 0.0}, {""tk"": ""Apple"", ""act"": 0.0}, {""tk"": ""founder"", ""act"": 0.0}, {""tk"": ""of"", ""act"": 0.0}, {""tk"": ""Steve"", ""act"": 0.0}, {""tk"": ""Jobs"", ""act"": 0.0}, {""tk"": ""who"", ""act"": 0.0}, {""tk"": ""started"", ""act"": 0.0}, {""tk"": ""called"", ""act"": 0.0}, {""tk"": ""established"", ""act"": 0.0}]"
0_95889,0,95889,entity: A famous product is the iPhone, iPhone,8,19.28626251220703,0.875,semantic,"[{""token"": "" iPhone"", ""index"": 8, ""distance"": 0, ""direction"": ""self""}]",n/a,Semantic,Dictionary,1.0,False,,iphone,"[{""tk"": ""iPhone"", ""act"": 19.28626251220703}, {""tk"": ""is"", ""act"": 0.0}, {""tk"": ""the"", ""act"": 0.0}, {""tk"": ""technology"", ""act"": 0.0}, {""tk"": ""company"", ""act"": 0.0}, {""tk"": ""Apple"", ""act"": 0.0}, {""tk"": ""founder"", ""act"": 0.0}, {""tk"": ""of"", ""act"": 0.0}, {""tk"": ""Steve"", ""act"": 0.0}, {""tk"": ""Jobs"", ""act"": 0.0}, {""tk"": ""who"", ""act"": 0.0}, {""tk"": ""started"", ""act"": 0.0}, {""tk"": ""called"", ""act"": 0.0}, {""tk"": ""established"", ""act"": 0.0}]"
0_20171,0,20171,entity: A famous product is the iPhone,entity,1,0.0,0.0,semantic,"[{""token"": ""entity"", ""index"": 1, ""distance"": 0, ""direction"": ""self""}]",n/a,Relationship,,1.0,False,,(is) related,"[{""tk"": ""is"", ""act"": 0.0}, {""tk"": ""the"", ""act"": 0.0}, {""tk"": ""iPhone"", ""act"": 0.0}, {""tk"": ""technology"", ""act"": 0.0}, {""tk"": ""company"", ""act"": 0.0}, {""tk"": ""Apple"", ""act"": 0.0}, {""tk"": ""founder"", ""act"": 0.0}, {""tk"": ""of"", ""act"": 0.0}, {""tk"": ""Steve"", ""act"": 0.0}, {""tk"": ""Jobs"", ""act"": 0.0}, {""tk"": ""who"", ""act"": 0.0}, {""tk"": ""started"", ""act"": 0.0}, {""tk"": ""called"", ""act"": 0.0}, {""tk"": ""established"", ""act"": 0.0}]"
0_44217,0,44217,entity: A famous product is the iPhone,entity,1,0.0,0.0,semantic,"[{""token"": ""entity"", ""index"": 1, ""distance"": 0, ""direction"": ""self""}]",n/a,Relationship,,1.0,False,,(is) related,"[{""tk"": ""is"", ""act"": 0.0}, {""tk"": ""the"", ""act"": 0.0}, {""tk"": ""iPhone"", ""act"": 0.0}, {""tk"": ""technology"", ""act"": 0.0}, {""tk"": ""company"", ""act"": 0.0}, {""tk"": ""Apple"", ""act"": 0.0}, {""tk"": ""founder"", ""act"": 0.0}, {""tk"": ""of"", ""act"": 0.0}, {""tk"": ""Steve"", ""act"": 0.0}, {""tk"": ""Jobs"", ""act"": 0.0}, {""tk"": ""who"", ""act"": 0.0}, {""tk"": ""started"", ""act"": 0.0}, {""tk"": ""called"", ""act"": 0.0}, {""tk"": ""established"", ""act"": 0.0}]"
0_1170,0,1170,entity: A famous product is the iPhone, iPhone,8,17.711040496826172,0.875,semantic,"[{""token"": "" iPhone"", ""index"": 8, ""distance"": 0, ""direction"": ""self""}]",n/a,Semantic,Dictionary (fallback),0.9,False,,iphone,"[{""tk"": ""iPhone"", ""act"": 17.711040496826172}, {""tk"": ""Apple"", ""act"": 10.955910682678223}, {""tk"": ""is"", ""act"": 0.0}, {""tk"": ""the"", ""act"": 0.0}, {""tk"": ""technology"", ""act"": 0.0}, {""tk"": ""company"", ""act"": 0.0}, {""tk"": ""founder"", ""act"": 0.0}, {""tk"": ""of"", ""act"": 0.0}, {""tk"": ""Steve"", ""act"": 0.0}, {""tk"": ""Jobs"", ""act"": 0.0}, {""tk"": ""who"", ""act"": 0.0}, {""tk"": ""started"", ""act"": 0.0}, {""tk"": ""called"", ""act"": 0.0}, {""tk"": ""established"", ""act"": 0.0}]"
0_91570,0,91570,entity: A famous product is the iPhone,entity,1,7.780837059020996,0.875,semantic,"[{""token"": ""entity"", ""index"": 1, ""distance"": 0, ""direction"": ""self""}]",n/a,Semantic,Dictionary (fallback),0.9,False,,Semantic (unknown),"[{""tk"": ""is"", ""act"": 0.0}, {""tk"": ""the"", ""act"": 0.0}, {""tk"": ""iPhone"", ""act"": 0.0}, {""tk"": ""technology"", ""act"": 0.0}, {""tk"": ""company"", ""act"": 0.0}, {""tk"": ""Apple"", ""act"": 0.0}, {""tk"": ""founder"", ""act"": 0.0}, {""tk"": ""of"", ""act"": 0.0}, {""tk"": ""Steve"", ""act"": 0.0}, {""tk"": ""Jobs"", ""act"": 0.0}, {""tk"": ""who"", ""act"": 0.0}, {""tk"": ""started"", ""act"": 0.0}, {""tk"": ""called"", ""act"": 0.0}, {""tk"": ""established"", ""act"": 0.0}]"
0_11318,0,11318,entity: A famous product is the iPhone, iPhone,8,14.332988739013672,0.875,semantic,"[{""token"": "" iPhone"", ""index"": 8, ""distance"": 0, ""direction"": ""self""}]",n/a,Semantic,Dictionary,1.0,False,,iphone,"[{""tk"": ""iPhone"", ""act"": 14.332988739013672}, {""tk"": ""is"", ""act"": 0.0}, {""tk"": ""the"", ""act"": 0.0}, {""tk"": ""technology"", ""act"": 0.0}, {""tk"": ""company"", ""act"": 0.0}, {""tk"": ""Apple"", ""act"": 0.0}, {""tk"": ""founder"", ""act"": 0.0}, {""tk"": ""of"", ""act"": 0.0}, {""tk"": ""Steve"", ""act"": 0.0}, {""tk"": ""Jobs"", ""act"": 0.0}, {""tk"": ""who"", ""act"": 0.0}, {""tk"": ""started"", ""act"": 0.0}, {""tk"": ""called"", ""act"": 0.0}, {""tk"": ""established"", ""act"": 0.0}]"
0_35860,0,35860,entity: A famous product is the iPhone, iPhone,8,13.610601425170898,0.875,semantic,"[{""token"": "" iPhone"", ""index"": 8, ""distance"": 0, ""direction"": ""self""}]",n/a,Semantic,Dictionary,1.0,False,,iphone,"[{""tk"": ""iPhone"", ""act"": 13.610601425170898}, {""tk"": ""is"", ""act"": 0.0}, {""tk"": ""the"", ""act"": 0.0}, {""tk"": ""technology"", ""act"": 0.0}, {""tk"": ""company"", ""act"": 0.0}, {""tk"": ""Apple"", ""act"": 0.0}, {""tk"": ""founder"", ""act"": 0.0}, {""tk"": ""of"", ""act"": 0.0}, {""tk"": ""Steve"", ""act"": 0.0}, {""tk"": ""Jobs"", ""act"": 0.0}, {""tk"": ""who"", ""act"": 0.0}, {""tk"": ""started"", ""act"": 0.0}, {""tk"": ""called"", ""act"": 0.0}, {""tk"": ""established"", ""act"": 0.0}]"
0_72628,0,72628,entity: A famous product is the iPhone, iPhone,8,13.571720123291016,0.875,semantic,"[{""token"": "" iPhone"", ""index"": 8, ""distance"": 0, ""direction"": ""self""}]",n/a,Semantic,Dictionary,1.0,False,,iphone,"[{""tk"": ""iPhone"", ""act"": 13.571720123291016}, {""tk"": ""is"", ""act"": 0.0}, {""tk"": ""the"", ""act"": 0.0}, {""tk"": ""technology"", ""act"": 0.0}, {""tk"": ""company"", ""act"": 0.0}, {""tk"": ""Apple"", ""act"": 0.0}, {""tk"": ""founder"", ""act"": 0.0}, {""tk"": ""of"", ""act"": 0.0}, {""tk"": ""Steve"", ""act"": 0.0}, {""tk"": ""Jobs"", ""act"": 0.0}, {""tk"": ""who"", ""act"": 0.0}, {""tk"": ""started"", ""act"": 0.0}, {""tk"": ""called"", ""act"": 0.0}, {""tk"": ""established"", ""act"": 0.0}]"
0_7410,0,7410,entity: A famous product is the iPhone, iPhone,8,13.22584056854248,0.875,semantic,"[{""token"": "" iPhone"", ""index"": 8, ""distance"": 0, ""direction"": ""self""}]",n/a,Semantic,Dictionary,1.0,False,,iphone,"[{""tk"": ""iPhone"", ""act"": 13.22584056854248}, {""tk"": ""is"", ""act"": 0.0}, {""tk"": ""the"", ""act"": 0.0}, {""tk"": ""technology"", ""act"": 0.0}, {""tk"": ""company"", ""act"": 0.0}, {""tk"": ""Apple"", ""act"": 0.0}, {""tk"": ""founder"", ""act"": 0.0}, {""tk"": ""of"", ""act"": 0.0}, {""tk"": ""Steve"", ""act"": 0.0}, {""tk"": ""Jobs"", ""act"": 0.0}, {""tk"": ""who"", ""act"": 0.0}, {""tk"": ""started"", ""act"": 0.0}, {""tk"": ""called"", ""act"": 0.0}, {""tk"": ""established"", ""act"": 0.0}]"
0_81224,0,81224,entity: A famous product is the iPhone, iPhone,8,13.222972869873049,0.875,semantic,"[{""token"": "" iPhone"", ""index"": 8, ""distance"": 0, ""direction"": ""self""}]",n/a,Semantic,Dictionary,1.0,False,,iphone,"[{""tk"": ""iPhone"", ""act"": 13.222972869873047}, {""tk"": ""is"", ""act"": 0.0}, {""tk"": ""the"", ""act"": 0.0}, {""tk"": ""technology"", ""act"": 0.0}, {""tk"": ""company"", ""act"": 0.0}, {""tk"": ""Apple"", ""act"": 0.0}, {""tk"": ""founder"", ""act"": 0.0}, {""tk"": ""of"", ""act"": 0.0}, {""tk"": ""Steve"", ""act"": 0.0}, {""tk"": ""Jobs"", ""act"": 0.0}, {""tk"": ""who"", ""act"": 0.0}, {""tk"": ""started"", ""act"": 0.0}, {""tk"": ""called"", ""act"": 0.0}, {""tk"": ""established"", ""act"": 0.0}]"
0_32732,0,32732,entity: A famous product is the iPhone, famous,4,12.536869049072266,0.8302804361981643,semantic,"[{""token"": "" famous"", ""index"": 4, ""distance"": 0, ""direction"": ""self""}]",n/a,Semantic,Dictionary (fallback),0.9,False,,established,"[{""tk"": ""established"", ""act"": 28.430463790893555}, {""tk"": ""started"", ""act"": 25.020212173461914}, {""tk"": ""who"", ""act"": 20.396818161010742}, {""tk"": ""called"", ""act"": 9.311948776245117}, {""tk"": ""is"", ""act"": 8.960206985473633}, {""tk"": ""founder"", ""act"": 5.750412940979004}, {""tk"": ""technology"", ""act"": 3.8221561908721924}, {""tk"": ""company"", ""act"": 0.25118565559387207}, {""tk"": ""the"", ""act"": 0.0}, {""tk"": ""iPhone"", ""act"": 0.0}, {""tk"": ""Apple"", ""act"": 0.0}, {""tk"": ""of"", ""act"": 0.0}, {""tk"": ""Steve"", ""act"": 0.0}, {""tk"": ""Jobs"", ""act"": 0.0}]"
0_22730,0,22730,entity: A famous product is the iPhone, iPhone,8,12.510161399841309,0.875,semantic,"[{""token"": "" iPhone"", ""index"": 8, ""distance"": 0, ""direction"": ""self""}]",n/a,Semantic,Dictionary,1.0,False,,iphone,"[{""tk"": ""iPhone"", ""act"": 12.510161399841309}, {""tk"": ""is"", ""act"": 0.0}, {""tk"": ""the"", ""act"": 0.0}, {""tk"": ""technology"", ""act"": 0.0}, {""tk"": ""company"", ""act"": 0.0}, {""tk"": ""Apple"", ""act"": 0.0}, {""tk"": ""founder"", ""act"": 0.0}, {""tk"": ""of"", ""act"": 0.0}, {""tk"": ""Steve"", ""act"": 0.0}, {""tk"": ""Jobs"", ""act"": 0.0}, {""tk"": ""who"", ""act"": 0.0}, {""tk"": ""started"", ""act"": 0.0}, {""tk"": ""called"", ""act"": 0.0}, {""tk"": ""established"", ""act"": 0.0}]"
0_46816,0,46816,entity: A famous product is the iPhone, iPhone,8,12.007062911987305,0.875,semantic,"[{""token"": "" iPhone"", ""index"": 8, ""distance"": 0, ""direction"": ""self""}]",n/a,Semantic,Dictionary,1.0,False,,iphone,"[{""tk"": ""iPhone"", ""act"": 12.007062911987305}, {""tk"": ""is"", ""act"": 0.0}, {""tk"": ""the"", ""act"": 0.0}, {""tk"": ""technology"", ""act"": 0.0}, {""tk"": ""company"", ""act"": 0.0}, {""tk"": ""Apple"", ""act"": 0.0}, {""tk"": ""founder"", ""act"": 0.0}, {""tk"": ""of"", ""act"": 0.0}, {""tk"": ""Steve"", ""act"": 0.0}, {""tk"": ""Jobs"", ""act"": 0.0}, {""tk"": ""who"", ""act"": 0.0}, {""tk"": ""started"", ""act"": 0.0}, {""tk"": ""called"", ""act"": 0.0}, {""tk"": ""established"", ""act"": 0.0}]"
0_60856,0,60856,entity: A famous product is the iPhone, iPhone,8,11.922277450561523,0.875,semantic,"[{""token"": "" iPhone"", ""index"": 8, ""distance"": 0, ""direction"": ""self""}]",n/a,Semantic,Dictionary,1.0,False,,iphone,"[{""tk"": ""iPhone"", ""act"": 11.922277450561523}, {""tk"": ""is"", ""act"": 0.0}, {""tk"": ""the"", ""act"": 0.0}, {""tk"": ""technology"", ""act"": 0.0}, {""tk"": ""company"", ""act"": 0.0}, {""tk"": ""Apple"", ""act"": 0.0}, {""tk"": ""founder"", ""act"": 0.0}, {""tk"": ""of"", ""act"": 0.0}, {""tk"": ""Steve"", ""act"": 0.0}, {""tk"": ""Jobs"", ""act"": 0.0}, {""tk"": ""who"", ""act"": 0.0}, {""tk"": ""started"", ""act"": 0.0}, {""tk"": ""called"", ""act"": 0.0}, {""tk"": ""established"", ""act"": 0.0}]"
0_69165,0,69165,entity: A famous product is the iPhone, iPhone,8,11.86459732055664,0.875,semantic,"[{""token"": "" iPhone"", ""index"": 8, ""distance"": 0, ""direction"": ""self""}]",n/a,Semantic,Dictionary (fallback),0.9,False,,iphone,"[{""tk"": ""iPhone"", ""act"": 11.86459732055664}, {""tk"": ""Apple"", ""act"": 11.209722518920898}, {""tk"": ""is"", ""act"": 0.0}, {""tk"": ""the"", ""act"": 0.0}, {""tk"": ""technology"", ""act"": 0.0}, {""tk"": ""company"", ""act"": 0.0}, {""tk"": ""founder"", ""act"": 0.0}, {""tk"": ""of"", ""act"": 0.0}, {""tk"": ""Steve"", ""act"": 0.0}, {""tk"": ""Jobs"", ""act"": 0.0}, {""tk"": ""who"", ""act"": 0.0}, {""tk"": ""started"", ""act"": 0.0}, {""tk"": ""called"", ""act"": 0.0}, {""tk"": ""established"", ""act"": 0.0}]"
0_47726,0,47726,entity: A famous product is the iPhone, iPhone,8,10.73161506652832,0.875,semantic,"[{""token"": "" iPhone"", ""index"": 8, ""distance"": 0, ""direction"": ""self""}]",n/a,Semantic,Dictionary,1.0,False,,iphone,"[{""tk"": ""iPhone"", ""act"": 10.73161506652832}, {""tk"": ""is"", ""act"": 0.0}, {""tk"": ""the"", ""act"": 0.0}, {""tk"": ""technology"", ""act"": 0.0}, {""tk"": ""company"", ""act"": 0.0}, {""tk"": ""Apple"", ""act"": 0.0}, {""tk"": ""founder"", ""act"": 0.0}, {""tk"": ""of"", ""act"": 0.0}, {""tk"": ""Steve"", ""act"": 0.0}, {""tk"": ""Jobs"", ""act"": 0.0}, {""tk"": ""who"", ""act"": 0.0}, {""tk"": ""started"", ""act"": 0.0}, {""tk"": ""called"", ""act"": 0.0}, {""tk"": ""established"", ""act"": 0.0}]"
0_24039,0,24039,entity: A famous product is the iPhone, iPhone,8,10.376995086669922,0.875,semantic,"[{""token"": "" iPhone"", ""index"": 8, ""distance"": 0, ""direction"": ""self""}]",n/a,Semantic,Dictionary,1.0,False,,iphone,"[{""tk"": ""iPhone"", ""act"": 10.376995086669922}, {""tk"": ""is"", ""act"": 0.0}, {""tk"": ""the"", ""act"": 0.0}, {""tk"": ""technology"", ""act"": 0.0}, {""tk"": ""company"", ""act"": 0.0}, {""tk"": ""Apple"", ""act"": 0.0}, {""tk"": ""founder"", ""act"": 0.0}, {""tk"": ""of"", ""act"": 0.0}, {""tk"": ""Steve"", ""act"": 0.0}, {""tk"": ""Jobs"", ""act"": 0.0}, {""tk"": ""who"", ""act"": 0.0}, {""tk"": ""started"", ""act"": 0.0}, {""tk"": ""called"", ""act"": 0.0}, {""tk"": ""established"", ""act"": 0.0}]"
0_91637,0,91637,entity: A famous product is the iPhone, iPhone,8,10.11850929260254,0.875,semantic,"[{""token"": "" iPhone"", ""index"": 8, ""distance"": 0, ""direction"": ""self""}]",n/a,Semantic,Dictionary (fallback),0.9,False,,Apple,"[{""tk"": ""Apple"", ""act"": 11.162574768066406}, {""tk"": ""iPhone"", ""act"": 10.118509292602539}, {""tk"": ""is"", ""act"": 0.0}, {""tk"": ""the"", ""act"": 0.0}, {""tk"": ""technology"", ""act"": 0.0}, {""tk"": ""company"", ""act"": 0.0}, {""tk"": ""founder"", ""act"": 0.0}, {""tk"": ""of"", ""act"": 0.0}, {""tk"": ""Steve"", ""act"": 0.0}, {""tk"": ""Jobs"", ""act"": 0.0}, {""tk"": ""who"", ""act"": 0.0}, {""tk"": ""started"", ""act"": 0.0}, {""tk"": ""called"", ""act"": 0.0}, {""tk"": ""established"", ""act"": 0.0}]"
0_33674,0,33674,entity: A famous product is the iPhone, iPhone,8,9.818336486816406,0.875,semantic,"[{""token"": "" iPhone"", ""index"": 8, ""distance"": 0, ""direction"": ""self""}]",n/a,Semantic,Dictionary,1.0,False,,iphone,"[{""tk"": ""iPhone"", ""act"": 9.818336486816406}, {""tk"": ""is"", ""act"": 0.0}, {""tk"": ""the"", ""act"": 0.0}, {""tk"": ""technology"", ""act"": 0.0}, {""tk"": ""company"", ""act"": 0.0}, {""tk"": ""Apple"", ""act"": 0.0}, {""tk"": ""founder"", ""act"": 0.0}, {""tk"": ""of"", ""act"": 0.0}, {""tk"": ""Steve"", ""act"": 0.0}, {""tk"": ""Jobs"", ""act"": 0.0}, {""tk"": ""who"", ""act"": 0.0}, {""tk"": ""started"", ""act"": 0.0}, {""tk"": ""called"", ""act"": 0.0}, {""tk"": ""established"", ""act"": 0.0}]"
0_66850,0,66850,entity: A famous product is the iPhone, iPhone,8,9.210744857788086,0.875,semantic,"[{""token"": "" iPhone"", ""index"": 8, ""distance"": 0, ""direction"": ""self""}]",n/a,Semantic,Dictionary,1.0,False,,iphone,"[{""tk"": ""iPhone"", ""act"": 9.210744857788086}, {""tk"": ""is"", ""act"": 0.0}, {""tk"": ""the"", ""act"": 0.0}, {""tk"": ""technology"", ""act"": 0.0}, {""tk"": ""company"", ""act"": 0.0}, {""tk"": ""Apple"", ""act"": 0.0}, {""tk"": ""founder"", ""act"": 0.0}, {""tk"": ""of"", ""act"": 0.0}, {""tk"": ""Steve"", ""act"": 0.0}, {""tk"": ""Jobs"", ""act"": 0.0}, {""tk"": ""who"", ""act"": 0.0}, {""tk"": ""started"", ""act"": 0.0}, {""tk"": ""called"", ""act"": 0.0}, {""tk"": ""established"", ""act"": 0.0}]"
0_1285,0,1285,entity: A famous product is the iPhone, iPhone,8,8.839632034301758,0.8107801928163757,semantic,"[{""token"": "" iPhone"", ""index"": 8, ""distance"": 0, ""direction"": ""self""}]",n/a,Semantic,Dictionary,1.0,False,,iphone,"[{""tk"": ""iPhone"", ""act"": 8.839632034301758}, {""tk"": ""Apple"", ""act"": 0.6157822608947754}, {""tk"": ""is"", ""act"": 0.0}, {""tk"": ""the"", ""act"": 0.0}, {""tk"": ""technology"", ""act"": 0.0}, {""tk"": ""company"", ""act"": 0.0}, {""tk"": ""founder"", ""act"": 0.0}, {""tk"": ""of"", ""act"": 0.0}, {""tk"": ""Steve"", ""act"": 0.0}, {""tk"": ""Jobs"", ""act"": 0.0}, {""tk"": ""who"", ""act"": 0.0}, {""tk"": ""started"", ""act"": 0.0}, {""tk"": ""called"", ""act"": 0.0}, {""tk"": ""established"", ""act"": 0.0}]"
0_37403,0,37403,entity: A famous product is the iPhone, iPhone,8,8.71590805053711,0.875,semantic,"[{""token"": "" iPhone"", ""index"": 8, ""distance"": 0, ""direction"": ""self""}]",n/a,Semantic,Dictionary,1.0,False,,iphone,"[{""tk"": ""iPhone"", ""act"": 8.71590805053711}, {""tk"": ""is"", ""act"": 0.0}, {""tk"": ""the"", ""act"": 0.0}, {""tk"": ""technology"", ""act"": 0.0}, {""tk"": ""company"", ""act"": 0.0}, {""tk"": ""Apple"", ""act"": 0.0}, {""tk"": ""founder"", ""act"": 0.0}, {""tk"": ""of"", ""act"": 0.0}, {""tk"": ""Steve"", ""act"": 0.0}, {""tk"": ""Jobs"", ""act"": 0.0}, {""tk"": ""who"", ""act"": 0.0}, {""tk"": ""started"", ""act"": 0.0}, {""tk"": ""called"", ""act"": 0.0}, {""tk"": ""established"", ""act"": 0.0}]"
0_6596,0,6596,entity: A famous product is the iPhone,entity,1,0.0,0.0,semantic,"[{""token"": ""entity"", ""index"": 1, ""distance"": 0, ""direction"": ""self""}]",n/a,Semantic,Dictionary,1.0,False,,called,"[{""tk"": ""called"", ""act"": 28.27146339416504}, {""tk"": ""is"", ""act"": 0.0}, {""tk"": ""the"", ""act"": 0.0}, {""tk"": ""iPhone"", ""act"": 0.0}, {""tk"": ""technology"", ""act"": 0.0}, {""tk"": ""company"", ""act"": 0.0}, {""tk"": ""Apple"", ""act"": 0.0}, {""tk"": ""founder"", ""act"": 0.0}, {""tk"": ""of"", ""act"": 0.0}, {""tk"": ""Steve"", ""act"": 0.0}, {""tk"": ""Jobs"", ""act"": 0.0}, {""tk"": ""who"", ""act"": 0.0}, {""tk"": ""started"", ""act"": 0.0}, {""tk"": ""established"", ""act"": 0.0}]"
0_46235,0,46235,entity: A famous product is the iPhone,entity,1,0.0,0.0,semantic,"[{""token"": ""entity"", ""index"": 1, ""distance"": 0, ""direction"": ""self""}]",n/a,Semantic,Dictionary (fallback),0.9,False,,founder,"[{""tk"": ""founder"", ""act"": 13.413398742675781}, {""tk"": ""is"", ""act"": 0.0}, {""tk"": ""the"", ""act"": 0.0}, {""tk"": ""iPhone"", ""act"": 0.0}, {""tk"": ""technology"", ""act"": 0.0}, {""tk"": ""company"", ""act"": 0.0}, {""tk"": ""Apple"", ""act"": 0.0}, {""tk"": ""of"", ""act"": 0.0}, {""tk"": ""Steve"", ""act"": 0.0}, {""tk"": ""Jobs"", ""act"": 0.0}, {""tk"": ""who"", ""act"": 0.0}, {""tk"": ""started"", ""act"": 0.0}, {""tk"": ""called"", ""act"": 0.0}, {""tk"": ""established"", ""act"": 0.0}]"
0_58439,0,58439,entity: A famous product is the iPhone, iPhone,8,7.56377649307251,0.875,semantic,"[{""token"": "" iPhone"", ""index"": 8, ""distance"": 0, ""direction"": ""self""}]",n/a,Semantic,Dictionary,1.0,False,,iphone,"[{""tk"": ""iPhone"", ""act"": 7.56377649307251}, {""tk"": ""is"", ""act"": 0.0}, {""tk"": ""the"", ""act"": 0.0}, {""tk"": ""technology"", ""act"": 0.0}, {""tk"": ""company"", ""act"": 0.0}, {""tk"": ""Apple"", ""act"": 0.0}, {""tk"": ""founder"", ""act"": 0.0}, {""tk"": ""of"", ""act"": 0.0}, {""tk"": ""Steve"", ""act"": 0.0}, {""tk"": ""Jobs"", ""act"": 0.0}, {""tk"": ""who"", ""act"": 0.0}, {""tk"": ""started"", ""act"": 0.0}, {""tk"": ""called"", ""act"": 0.0}, {""tk"": ""established"", ""act"": 0.0}]"
0_81124,0,81124,entity: A famous product is the iPhone,entity,1,0.0,0.0,semantic,"[{""token"": ""entity"", ""index"": 1, ""distance"": 0, ""direction"": ""self""}]",n/a,Relationship,,1.0,False,,(is) related,"[{""tk"": ""is"", ""act"": 0.0}, {""tk"": ""the"", ""act"": 0.0}, {""tk"": ""iPhone"", ""act"": 0.0}, {""tk"": ""technology"", ""act"": 0.0}, {""tk"": ""company"", ""act"": 0.0}, {""tk"": ""Apple"", ""act"": 0.0}, {""tk"": ""founder"", ""act"": 0.0}, {""tk"": ""of"", ""act"": 0.0}, {""tk"": ""Steve"", ""act"": 0.0}, {""tk"": ""Jobs"", ""act"": 0.0}, {""tk"": ""who"", ""act"": 0.0}, {""tk"": ""started"", ""act"": 0.0}, {""tk"": ""called"", ""act"": 0.0}, {""tk"": ""established"", ""act"": 0.0}]"
0_92510,0,92510,entity: A famous product is the iPhone, iPhone,8,5.416934967041016,0.875,semantic,"[{""token"": "" iPhone"", ""index"": 8, ""distance"": 0, ""direction"": ""self""}]",n/a,Semantic,Dictionary,1.0,False,,iphone,"[{""tk"": ""iPhone"", ""act"": 5.416934967041016}, {""tk"": ""is"", ""act"": 0.0}, {""tk"": ""the"", ""act"": 0.0}, {""tk"": ""technology"", ""act"": 0.0}, {""tk"": ""company"", ""act"": 0.0}, {""tk"": ""Apple"", ""act"": 0.0}, {""tk"": ""founder"", ""act"": 0.0}, {""tk"": ""of"", ""act"": 0.0}, {""tk"": ""Steve"", ""act"": 0.0}, {""tk"": ""Jobs"", ""act"": 0.0}, {""tk"": ""who"", ""act"": 0.0}, {""tk"": ""started"", ""act"": 0.0}, {""tk"": ""called"", ""act"": 0.0}, {""tk"": ""established"", ""act"": 0.0}]"
0_86458,0,86458,entity: A famous product is the iPhone,entity,1,0.0,0.0,semantic,"[{""token"": ""entity"", ""index"": 1, ""distance"": 0, ""direction"": ""self""}]",n/a,Relationship,,1.0,False,,(is) related,"[{""tk"": ""is"", ""act"": 0.0}, {""tk"": ""the"", ""act"": 0.0}, {""tk"": ""iPhone"", ""act"": 0.0}, {""tk"": ""technology"", ""act"": 0.0}, {""tk"": ""company"", ""act"": 0.0}, {""tk"": ""Apple"", ""act"": 0.0}, {""tk"": ""founder"", ""act"": 0.0}, {""tk"": ""of"", ""act"": 0.0}, {""tk"": ""Steve"", ""act"": 0.0}, {""tk"": ""Jobs"", ""act"": 0.0}, {""tk"": ""who"", ""act"": 0.0}, {""tk"": ""started"", ""act"": 0.0}, {""tk"": ""called"", ""act"": 0.0}, {""tk"": ""established"", ""act"": 0.0}]"
0_97435,0,97435,entity: A famous product is the iPhone,entity,1,0.0,0.0,semantic,"[{""token"": ""entity"", ""index"": 1, ""distance"": 0, ""direction"": ""self""}]",n/a,Relationship,,1.0,False,,(is) related,"[{""tk"": ""is"", ""act"": 0.0}, {""tk"": ""the"", ""act"": 0.0}, {""tk"": ""iPhone"", ""act"": 0.0}, {""tk"": ""technology"", ""act"": 0.0}, {""tk"": ""company"", ""act"": 0.0}, {""tk"": ""Apple"", ""act"": 0.0}, {""tk"": ""founder"", ""act"": 0.0}, {""tk"": ""of"", ""act"": 0.0}, {""tk"": ""Steve"", ""act"": 0.0}, {""tk"": ""Jobs"", ""act"": 0.0}, {""tk"": ""who"", ""act"": 0.0}, {""tk"": ""started"", ""act"": 0.0}, {""tk"": ""called"", ""act"": 0.0}, {""tk"": ""established"", ""act"": 0.0}]"
0_13453,0,13453,entity: A famous product is the iPhone,entity,1,0.0,0.0,semantic,"[{""token"": ""entity"", ""index"": 1, ""distance"": 0, ""direction"": ""self""}]",n/a,Relationship,,1.0,False,,(is) related,"[{""tk"": ""is"", ""act"": 0.0}, {""tk"": ""the"", ""act"": 0.0}, {""tk"": ""iPhone"", ""act"": 0.0}, {""tk"": ""technology"", ""act"": 0.0}, {""tk"": ""company"", ""act"": 0.0}, {""tk"": ""Apple"", ""act"": 0.0}, {""tk"": ""founder"", ""act"": 0.0}, {""tk"": ""of"", ""act"": 0.0}, {""tk"": ""Steve"", ""act"": 0.0}, {""tk"": ""Jobs"", ""act"": 0.0}, {""tk"": ""who"", ""act"": 0.0}, {""tk"": ""started"", ""act"": 0.0}, {""tk"": ""called"", ""act"": 0.0}, {""tk"": ""established"", ""act"": 0.0}]"
0_57857,0,57857,entity: A famous product is the iPhone,entity,1,0.0,0.0,semantic,"[{""token"": ""entity"", ""index"": 1, ""distance"": 0, ""direction"": ""self""}]",n/a,Relationship,,1.0,False,,(is) related,"[{""tk"": ""is"", ""act"": 0.0}, {""tk"": ""the"", ""act"": 0.0}, {""tk"": ""iPhone"", ""act"": 0.0}, {""tk"": ""technology"", ""act"": 0.0}, {""tk"": ""company"", ""act"": 0.0}, {""tk"": ""Apple"", ""act"": 0.0}, {""tk"": ""founder"", ""act"": 0.0}, {""tk"": ""of"", ""act"": 0.0}, {""tk"": ""Steve"", ""act"": 0.0}, {""tk"": ""Jobs"", ""act"": 0.0}, {""tk"": ""who"", ""act"": 0.0}, {""tk"": ""started"", ""act"": 0.0}, {""tk"": ""called"", ""act"": 0.0}, {""tk"": ""established"", ""act"": 0.0}]"
0_1003,0,1003,entity: A famous product is the iPhone,entity,1,0.0,0.0,semantic,"[{""token"": ""entity"", ""index"": 1, ""distance"": 0, ""direction"": ""self""}]",n/a,Relationship,,1.0,False,,(is) related,"[{""tk"": ""is"", ""act"": 0.0}, {""tk"": ""the"", ""act"": 0.0}, {""tk"": ""iPhone"", ""act"": 0.0}, {""tk"": ""technology"", ""act"": 0.0}, {""tk"": ""company"", ""act"": 0.0}, {""tk"": ""Apple"", ""act"": 0.0}, {""tk"": ""founder"", ""act"": 0.0}, {""tk"": ""of"", ""act"": 0.0}, {""tk"": ""Steve"", ""act"": 0.0}, {""tk"": ""Jobs"", ""act"": 0.0}, {""tk"": ""who"", ""act"": 0.0}, {""tk"": ""started"", ""act"": 0.0}, {""tk"": ""called"", ""act"": 0.0}, {""tk"": ""established"", ""act"": 0.0}]"
0_4591,0,4591,entity: A famous product is the iPhone,entity,1,0.0,0.0,semantic,"[{""token"": ""entity"", ""index"": 1, ""distance"": 0, ""direction"": ""self""}]",n/a,Semantic,Dictionary,1.0,False,,established,"[{""tk"": ""established"", ""act"": 11.716001510620117}, {""tk"": ""is"", ""act"": 0.0}, {""tk"": ""the"", ""act"": 0.0}, {""tk"": ""iPhone"", ""act"": 0.0}, {""tk"": ""technology"", ""act"": 0.0}, {""tk"": ""company"", ""act"": 0.0}, {""tk"": ""Apple"", ""act"": 0.0}, {""tk"": ""founder"", ""act"": 0.0}, {""tk"": ""of"", ""act"": 0.0}, {""tk"": ""Steve"", ""act"": 0.0}, {""tk"": ""Jobs"", ""act"": 0.0}, {""tk"": ""who"", ""act"": 0.0}, {""tk"": ""started"", ""act"": 0.0}, {""tk"": ""called"", ""act"": 0.0}]"
0_15001,0,15001,entity: A famous product is the iPhone,entity,1,0.0,0.0,semantic,"[{""token"": ""entity"", ""index"": 1, ""distance"": 0, ""direction"": ""self""}]",n/a,Semantic,Dictionary,1.0,False,,who,"[{""tk"": ""who"", ""act"": 14.920398712158203}, {""tk"": ""is"", ""act"": 0.0}, {""tk"": ""the"", ""act"": 0.0}, {""tk"": ""iPhone"", ""act"": 0.0}, {""tk"": ""technology"", ""act"": 0.0}, {""tk"": ""company"", ""act"": 0.0}, {""tk"": ""Apple"", ""act"": 0.0}, {""tk"": ""founder"", ""act"": 0.0}, {""tk"": ""of"", ""act"": 0.0}, {""tk"": ""Steve"", ""act"": 0.0}, {""tk"": ""Jobs"", ""act"": 0.0}, {""tk"": ""started"", ""act"": 0.0}, {""tk"": ""called"", ""act"": 0.0}, {""tk"": ""established"", ""act"": 0.0}]"
0_18535,0,18535,entity: A famous product is the iPhone,entity,1,0.0,0.0,semantic,"[{""token"": ""entity"", ""index"": 1, ""distance"": 0, ""direction"": ""self""}]",n/a,Relationship,,1.0,False,,(is) related,"[{""tk"": ""is"", ""act"": 0.0}, {""tk"": ""the"", ""act"": 0.0}, {""tk"": ""iPhone"", ""act"": 0.0}, {""tk"": ""technology"", ""act"": 0.0}, {""tk"": ""company"", ""act"": 0.0}, {""tk"": ""Apple"", ""act"": 0.0}, {""tk"": ""founder"", ""act"": 0.0}, {""tk"": ""of"", ""act"": 0.0}, {""tk"": ""Steve"", ""act"": 0.0}, {""tk"": ""Jobs"", ""act"": 0.0}, {""tk"": ""who"", ""act"": 0.0}, {""tk"": ""started"", ""act"": 0.0}, {""tk"": ""called"", ""act"": 0.0}, {""tk"": ""established"", ""act"": 0.0}]"
0_23477,0,23477,entity: A famous product is the iPhone,entity,1,0.0,0.0,semantic,"[{""token"": ""entity"", ""index"": 1, ""distance"": 0, ""direction"": ""self""}]",n/a,Relationship,,1.0,False,,(is) related,"[{""tk"": ""is"", ""act"": 0.0}, {""tk"": ""the"", ""act"": 0.0}, {""tk"": ""iPhone"", ""act"": 0.0}, {""tk"": ""technology"", ""act"": 0.0}, {""tk"": ""company"", ""act"": 0.0}, {""tk"": ""Apple"", ""act"": 0.0}, {""tk"": ""founder"", ""act"": 0.0}, {""tk"": ""of"", ""act"": 0.0}, {""tk"": ""Steve"", ""act"": 0.0}, {""tk"": ""Jobs"", ""act"": 0.0}, {""tk"": ""who"", ""act"": 0.0}, {""tk"": ""started"", ""act"": 0.0}, {""tk"": ""called"", ""act"": 0.0}, {""tk"": ""established"", ""act"": 0.0}]"
0_25156,0,25156,entity: A famous product is the iPhone,entity,1,0.0,0.0,semantic,"[{""token"": ""entity"", ""index"": 1, ""distance"": 0, ""direction"": ""self""}]",n/a,Relationship,,1.0,False,,(is) related,"[{""tk"": ""is"", ""act"": 0.0}, {""tk"": ""the"", ""act"": 0.0}, {""tk"": ""iPhone"", ""act"": 0.0}, {""tk"": ""technology"", ""act"": 0.0}, {""tk"": ""company"", ""act"": 0.0}, {""tk"": ""Apple"", ""act"": 0.0}, {""tk"": ""founder"", ""act"": 0.0}, {""tk"": ""of"", ""act"": 0.0}, {""tk"": ""Steve"", ""act"": 0.0}, {""tk"": ""Jobs"", ""act"": 0.0}, {""tk"": ""who"", ""act"": 0.0}, {""tk"": ""started"", ""act"": 0.0}, {""tk"": ""called"", ""act"": 0.0}, {""tk"": ""established"", ""act"": 0.0}]"
0_28229,0,28229,entity: A famous product is the iPhone,entity,1,0.0,0.0,semantic,"[{""token"": ""entity"", ""index"": 1, ""distance"": 0, ""direction"": ""self""}]",n/a,Relationship,,1.0,False,,(is) related,"[{""tk"": ""is"", ""act"": 0.0}, {""tk"": ""the"", ""act"": 0.0}, {""tk"": ""iPhone"", ""act"": 0.0}, {""tk"": ""technology"", ""act"": 0.0}, {""tk"": ""company"", ""act"": 0.0}, {""tk"": ""Apple"", ""act"": 0.0}, {""tk"": ""founder"", ""act"": 0.0}, {""tk"": ""of"", ""act"": 0.0}, {""tk"": ""Steve"", ""act"": 0.0}, {""tk"": ""Jobs"", ""act"": 0.0}, {""tk"": ""who"", ""act"": 0.0}, {""tk"": ""started"", ""act"": 0.0}, {""tk"": ""called"", ""act"": 0.0}, {""tk"": ""established"", ""act"": 0.0}]"
0_31731,0,31731,entity: A famous product is the iPhone,entity,1,0.0,0.0,semantic,"[{""token"": ""entity"", ""index"": 1, ""distance"": 0, ""direction"": ""self""}]",n/a,Relationship,,1.0,False,,(is) related,"[{""tk"": ""is"", ""act"": 0.0}, {""tk"": ""the"", ""act"": 0.0}, {""tk"": ""iPhone"", ""act"": 0.0}, {""tk"": ""technology"", ""act"": 0.0}, {""tk"": ""company"", ""act"": 0.0}, {""tk"": ""Apple"", ""act"": 0.0}, {""tk"": ""founder"", ""act"": 0.0}, {""tk"": ""of"", ""act"": 0.0}, {""tk"": ""Steve"", ""act"": 0.0}, {""tk"": ""Jobs"", ""act"": 0.0}, {""tk"": ""who"", ""act"": 0.0}, {""tk"": ""started"", ""act"": 0.0}, {""tk"": ""called"", ""act"": 0.0}, {""tk"": ""established"", ""act"": 0.0}]"
0_35288,0,35288,entity: A famous product is the iPhone,entity,1,0.0,0.0,semantic,"[{""token"": ""entity"", ""index"": 1, ""distance"": 0, ""direction"": ""self""}]",n/a,Relationship,,1.0,False,,(is) related,"[{""tk"": ""is"", ""act"": 0.0}, {""tk"": ""the"", ""act"": 0.0}, {""tk"": ""iPhone"", ""act"": 0.0}, {""tk"": ""technology"", ""act"": 0.0}, {""tk"": ""company"", ""act"": 0.0}, {""tk"": ""Apple"", ""act"": 0.0}, {""tk"": ""founder"", ""act"": 0.0}, {""tk"": ""of"", ""act"": 0.0}, {""tk"": ""Steve"", ""act"": 0.0}, {""tk"": ""Jobs"", ""act"": 0.0}, {""tk"": ""who"", ""act"": 0.0}, {""tk"": ""started"", ""act"": 0.0}, {""tk"": ""called"", ""act"": 0.0}, {""tk"": ""established"", ""act"": 0.0}]"
0_35945,0,35945,entity: A famous product is the iPhone,entity,1,0.0,0.0,semantic,"[{""token"": ""entity"", ""index"": 1, ""distance"": 0, ""direction"": ""self""}]",n/a,Semantic,Dictionary (fallback),0.9,False,,The,"[{""tk"": ""The"", ""act"": 47.75575637817383}, {""tk"": ""is"", ""act"": 0.0}, {""tk"": ""iPhone"", ""act"": 0.0}, {""tk"": ""technology"", ""act"": 0.0}, {""tk"": ""company"", ""act"": 0.0}, {""tk"": ""Apple"", ""act"": 0.0}, {""tk"": ""founder"", ""act"": 0.0}, {""tk"": ""of"", ""act"": 0.0}, {""tk"": ""Steve"", ""act"": 0.0}, {""tk"": ""Jobs"", ""act"": 0.0}, {""tk"": ""who"", ""act"": 0.0}, {""tk"": ""started"", ""act"": 0.0}, {""tk"": ""called"", ""act"": 0.0}, {""tk"": ""established"", ""act"": 0.0}]"
0_42514,0,42514,entity: A famous product is the iPhone,entity,1,0.0,0.0,semantic,"[{""token"": ""entity"", ""index"": 1, ""distance"": 0, ""direction"": ""self""}]",n/a,Relationship,,1.0,False,,(is) related,"[{""tk"": ""is"", ""act"": 0.0}, {""tk"": ""the"", ""act"": 0.0}, {""tk"": ""iPhone"", ""act"": 0.0}, {""tk"": ""technology"", ""act"": 0.0}, {""tk"": ""company"", ""act"": 0.0}, {""tk"": ""Apple"", ""act"": 0.0}, {""tk"": ""founder"", ""act"": 0.0}, {""tk"": ""of"", ""act"": 0.0}, {""tk"": ""Steve"", ""act"": 0.0}, {""tk"": ""Jobs"", ""act"": 0.0}, {""tk"": ""who"", ""act"": 0.0}, {""tk"": ""started"", ""act"": 0.0}, {""tk"": ""called"", ""act"": 0.0}, {""tk"": ""established"", ""act"": 0.0}]"
0_44489,0,44489,entity: A famous product is the iPhone,entity,1,0.0,0.0,semantic,"[{""token"": ""entity"", ""index"": 1, ""distance"": 0, ""direction"": ""self""}]",n/a,Relationship,,1.0,False,,(is) related,"[{""tk"": ""is"", ""act"": 0.0}, {""tk"": ""the"", ""act"": 0.0}, {""tk"": ""iPhone"", ""act"": 0.0}, {""tk"": ""technology"", ""act"": 0.0}, {""tk"": ""company"", ""act"": 0.0}, {""tk"": ""Apple"", ""act"": 0.0}, {""tk"": ""founder"", ""act"": 0.0}, {""tk"": ""of"", ""act"": 0.0}, {""tk"": ""Steve"", ""act"": 0.0}, {""tk"": ""Jobs"", ""act"": 0.0}, {""tk"": ""who"", ""act"": 0.0}, {""tk"": ""started"", ""act"": 0.0}, {""tk"": ""called"", ""act"": 0.0}, {""tk"": ""established"", ""act"": 0.0}]"
0_46475,0,46475,entity: A famous product is the iPhone,entity,1,0.0,0.0,semantic,"[{""token"": ""entity"", ""index"": 1, ""distance"": 0, ""direction"": ""self""}]",n/a,Relationship,,1.0,False,,(is) related,"[{""tk"": ""is"", ""act"": 0.0}, {""tk"": ""the"", ""act"": 0.0}, {""tk"": ""iPhone"", ""act"": 0.0}, {""tk"": ""technology"", ""act"": 0.0}, {""tk"": ""company"", ""act"": 0.0}, {""tk"": ""Apple"", ""act"": 0.0}, {""tk"": ""founder"", ""act"": 0.0}, {""tk"": ""of"", ""act"": 0.0}, {""tk"": ""Steve"", ""act"": 0.0}, {""tk"": ""Jobs"", ""act"": 0.0}, {""tk"": ""who"", ""act"": 0.0}, {""tk"": ""started"", ""act"": 0.0}, {""tk"": ""called"", ""act"": 0.0}, {""tk"": ""established"", ""act"": 0.0}]"
0_47894,0,47894,entity: A famous product is the iPhone,entity,1,0.0,0.0,semantic,"[{""token"": ""entity"", ""index"": 1, ""distance"": 0, ""direction"": ""self""}]",n/a,Relationship,,1.0,False,,(is) related,"[{""tk"": ""is"", ""act"": 0.0}, {""tk"": ""the"", ""act"": 0.0}, {""tk"": ""iPhone"", ""act"": 0.0}, {""tk"": ""technology"", ""act"": 0.0}, {""tk"": ""company"", ""act"": 0.0}, {""tk"": ""Apple"", ""act"": 0.0}, {""tk"": ""founder"", ""act"": 0.0}, {""tk"": ""of"", ""act"": 0.0}, {""tk"": ""Steve"", ""act"": 0.0}, {""tk"": ""Jobs"", ""act"": 0.0}, {""tk"": ""who"", ""act"": 0.0}, {""tk"": ""started"", ""act"": 0.0}, {""tk"": ""called"", ""act"": 0.0}, {""tk"": ""established"", ""act"": 0.0}]"
0_54572,0,54572,entity: A famous product is the iPhone,entity,1,0.0,0.0,semantic,"[{""token"": ""entity"", ""index"": 1, ""distance"": 0, ""direction"": ""self""}]",n/a,Semantic,Dictionary (fallback),0.9,False,,The,"[{""tk"": ""The"", ""act"": 30.52366828918457}, {""tk"": ""is"", ""act"": 0.0}, {""tk"": ""iPhone"", ""act"": 0.0}, {""tk"": ""technology"", ""act"": 0.0}, {""tk"": ""company"", ""act"": 0.0}, {""tk"": ""Apple"", ""act"": 0.0}, {""tk"": ""founder"", ""act"": 0.0}, {""tk"": ""of"", ""act"": 0.0}, {""tk"": ""Steve"", ""act"": 0.0}, {""tk"": ""Jobs"", ""act"": 0.0}, {""tk"": ""who"", ""act"": 0.0}, {""tk"": ""started"", ""act"": 0.0}, {""tk"": ""called"", ""act"": 0.0}, {""tk"": ""established"", ""act"": 0.0}]"
0_55411,0,55411,entity: A famous product is the iPhone,entity,1,0.0,0.0,semantic,"[{""token"": ""entity"", ""index"": 1, ""distance"": 0, ""direction"": ""self""}]",n/a,Semantic,Dictionary (fallback),0.9,False,,company,"[{""tk"": ""company"", ""act"": 7.441006660461426}, {""tk"": ""is"", ""act"": 0.0}, {""tk"": ""the"", ""act"": 0.0}, {""tk"": ""iPhone"", ""act"": 0.0}, {""tk"": ""technology"", ""act"": 0.0}, {""tk"": ""Apple"", ""act"": 0.0}, {""tk"": ""founder"", ""act"": 0.0}, {""tk"": ""of"", ""act"": 0.0}, {""tk"": ""Steve"", ""act"": 0.0}, {""tk"": ""Jobs"", ""act"": 0.0}, {""tk"": ""who"", ""act"": 0.0}, {""tk"": ""started"", ""act"": 0.0}, {""tk"": ""called"", ""act"": 0.0}, {""tk"": ""established"", ""act"": 0.0}]"
0_56575,0,56575,entity: A famous product is the iPhone,entity,1,0.0,0.0,semantic,"[{""token"": ""entity"", ""index"": 1, ""distance"": 0, ""direction"": ""self""}]",n/a,Semantic,Dictionary,1.0,False,,started,"[{""tk"": ""started"", ""act"": 11.946228981018066}, {""tk"": ""is"", ""act"": 0.0}, {""tk"": ""the"", ""act"": 0.0}, {""tk"": ""iPhone"", ""act"": 0.0}, {""tk"": ""technology"", ""act"": 0.0}, {""tk"": ""company"", ""act"": 0.0}, {""tk"": ""Apple"", ""act"": 0.0}, {""tk"": ""founder"", ""act"": 0.0}, {""tk"": ""of"", ""act"": 0.0}, {""tk"": ""Steve"", ""act"": 0.0}, {""tk"": ""Jobs"", ""act"": 0.0}, {""tk"": ""who"", ""act"": 0.0}, {""tk"": ""called"", ""act"": 0.0}, {""tk"": ""established"", ""act"": 0.0}]"
0_58540,0,58540,entity: A famous product is the iPhone,entity,1,0.0,0.0,semantic,"[{""token"": ""entity"", ""index"": 1, ""distance"": 0, ""direction"": ""self""}]",n/a,Relationship,,1.0,False,,(is) related,"[{""tk"": ""is"", ""act"": 0.0}, {""tk"": ""the"", ""act"": 0.0}, {""tk"": ""iPhone"", ""act"": 0.0}, {""tk"": ""technology"", ""act"": 0.0}, {""tk"": ""company"", ""act"": 0.0}, {""tk"": ""Apple"", ""act"": 0.0}, {""tk"": ""founder"", ""act"": 0.0}, {""tk"": ""of"", ""act"": 0.0}, {""tk"": ""Steve"", ""act"": 0.0}, {""tk"": ""Jobs"", ""act"": 0.0}, {""tk"": ""who"", ""act"": 0.0}, {""tk"": ""started"", ""act"": 0.0}, {""tk"": ""called"", ""act"": 0.0}, {""tk"": ""established"", ""act"": 0.0}]"
0_62012,0,62012,entity: A famous product is the iPhone,entity,1,0.0,0.0,semantic,"[{""token"": ""entity"", ""index"": 1, ""distance"": 0, ""direction"": ""self""}]",n/a,Semantic,Dictionary,1.0,False,,company,"[{""tk"": ""company"", ""act"": 20.670909881591797}, {""tk"": ""is"", ""act"": 0.0}, {""tk"": ""the"", ""act"": 0.0}, {""tk"": ""iPhone"", ""act"": 0.0}, {""tk"": ""technology"", ""act"": 0.0}, {""tk"": ""Apple"", ""act"": 0.0}, {""tk"": ""founder"", ""act"": 0.0}, {""tk"": ""of"", ""act"": 0.0}, {""tk"": ""Steve"", ""act"": 0.0}, {""tk"": ""Jobs"", ""act"": 0.0}, {""tk"": ""who"", ""act"": 0.0}, {""tk"": ""started"", ""act"": 0.0}, {""tk"": ""called"", ""act"": 0.0}, {""tk"": ""established"", ""act"": 0.0}]"
0_65721,0,65721,entity: A famous product is the iPhone,entity,1,0.0,0.0,semantic,"[{""token"": ""entity"", ""index"": 1, ""distance"": 0, ""direction"": ""self""}]",n/a,Relationship,,1.0,False,,(is) related,"[{""tk"": ""is"", ""act"": 0.0}, {""tk"": ""the"", ""act"": 0.0}, {""tk"": ""iPhone"", ""act"": 0.0}, {""tk"": ""technology"", ""act"": 0.0}, {""tk"": ""company"", ""act"": 0.0}, {""tk"": ""Apple"", ""act"": 0.0}, {""tk"": ""founder"", ""act"": 0.0}, {""tk"": ""of"", ""act"": 0.0}, {""tk"": ""Steve"", ""act"": 0.0}, {""tk"": ""Jobs"", ""act"": 0.0}, {""tk"": ""who"", ""act"": 0.0}, {""tk"": ""started"", ""act"": 0.0}, {""tk"": ""called"", ""act"": 0.0}, {""tk"": ""established"", ""act"": 0.0}]"
0_67902,0,67902,entity: A famous product is the iPhone,entity,1,0.0,0.0,semantic,"[{""token"": ""entity"", ""index"": 1, ""distance"": 0, ""direction"": ""self""}]",n/a,Relationship,,1.0,False,,(is) related,"[{""tk"": ""is"", ""act"": 0.0}, {""tk"": ""the"", ""act"": 0.0}, {""tk"": ""iPhone"", ""act"": 0.0}, {""tk"": ""technology"", ""act"": 0.0}, {""tk"": ""company"", ""act"": 0.0}, {""tk"": ""Apple"", ""act"": 0.0}, {""tk"": ""founder"", ""act"": 0.0}, {""tk"": ""of"", ""act"": 0.0}, {""tk"": ""Steve"", ""act"": 0.0}, {""tk"": ""Jobs"", ""act"": 0.0}, {""tk"": ""who"", ""act"": 0.0}, {""tk"": ""started"", ""act"": 0.0}, {""tk"": ""called"", ""act"": 0.0}, {""tk"": ""established"", ""act"": 0.0}]"
0_69528,0,69528,entity: A famous product is the iPhone,entity,1,0.0,0.0,semantic,"[{""token"": ""entity"", ""index"": 1, ""distance"": 0, ""direction"": ""self""}]",n/a,Semantic,Dictionary,1.0,False,,company,"[{""tk"": ""company"", ""act"": 42.14494705200195}, {""tk"": ""is"", ""act"": 0.0}, {""tk"": ""the"", ""act"": 0.0}, {""tk"": ""iPhone"", ""act"": 0.0}, {""tk"": ""technology"", ""act"": 0.0}, {""tk"": ""Apple"", ""act"": 0.0}, {""tk"": ""founder"", ""act"": 0.0}, {""tk"": ""of"", ""act"": 0.0}, {""tk"": ""Steve"", ""act"": 0.0}, {""tk"": ""Jobs"", ""act"": 0.0}, {""tk"": ""who"", ""act"": 0.0}, {""tk"": ""started"", ""act"": 0.0}, {""tk"": ""called"", ""act"": 0.0}, {""tk"": ""established"", ""act"": 0.0}]"
0_71189,0,71189,entity: A famous product is the iPhone,entity,1,0.0,0.0,semantic,"[{""token"": ""entity"", ""index"": 1, ""distance"": 0, ""direction"": ""self""}]",n/a,Relationship,,1.0,False,,(is) related,"[{""tk"": ""is"", ""act"": 0.0}, {""tk"": ""the"", ""act"": 0.0}, {""tk"": ""iPhone"", ""act"": 0.0}, {""tk"": ""technology"", ""act"": 0.0}, {""tk"": ""company"", ""act"": 0.0}, {""tk"": ""Apple"", ""act"": 0.0}, {""tk"": ""founder"", ""act"": 0.0}, {""tk"": ""of"", ""act"": 0.0}, {""tk"": ""Steve"", ""act"": 0.0}, {""tk"": ""Jobs"", ""act"": 0.0}, {""tk"": ""who"", ""act"": 0.0}, {""tk"": ""started"", ""act"": 0.0}, {""tk"": ""called"", ""act"": 0.0}, {""tk"": ""established"", ""act"": 0.0}]"
0_71287,0,71287,entity: A famous product is the iPhone,entity,1,0.0,0.0,semantic,"[{""token"": ""entity"", ""index"": 1, ""distance"": 0, ""direction"": ""self""}]",n/a,Relationship,,1.0,False,,(is) related,"[{""tk"": ""is"", ""act"": 0.0}, {""tk"": ""the"", ""act"": 0.0}, {""tk"": ""iPhone"", ""act"": 0.0}, {""tk"": ""technology"", ""act"": 0.0}, {""tk"": ""company"", ""act"": 0.0}, {""tk"": ""Apple"", ""act"": 0.0}, {""tk"": ""founder"", ""act"": 0.0}, {""tk"": ""of"", ""act"": 0.0}, {""tk"": ""Steve"", ""act"": 0.0}, {""tk"": ""Jobs"", ""act"": 0.0}, {""tk"": ""who"", ""act"": 0.0}, {""tk"": ""started"", ""act"": 0.0}, {""tk"": ""called"", ""act"": 0.0}, {""tk"": ""established"", ""act"": 0.0}]"
0_78128,0,78128,entity: A famous product is the iPhone,entity,1,0.0,0.0,semantic,"[{""token"": ""entity"", ""index"": 1, ""distance"": 0, ""direction"": ""self""}]",n/a,Semantic,Dictionary,1.0,False,,company,"[{""tk"": ""company"", ""act"": 17.328067779541016}, {""tk"": ""is"", ""act"": 0.0}, {""tk"": ""the"", ""act"": 0.0}, {""tk"": ""iPhone"", ""act"": 0.0}, {""tk"": ""technology"", ""act"": 0.0}, {""tk"": ""Apple"", ""act"": 0.0}, {""tk"": ""founder"", ""act"": 0.0}, {""tk"": ""of"", ""act"": 0.0}, {""tk"": ""Steve"", ""act"": 0.0}, {""tk"": ""Jobs"", ""act"": 0.0}, {""tk"": ""who"", ""act"": 0.0}, {""tk"": ""started"", ""act"": 0.0}, {""tk"": ""called"", ""act"": 0.0}, {""tk"": ""established"", ""act"": 0.0}]"
0_79311,0,79311,entity: A famous product is the iPhone,entity,1,0.0,0.0,semantic,"[{""token"": ""entity"", ""index"": 1, ""distance"": 0, ""direction"": ""self""}]",n/a,Relationship,,1.0,False,,(is) related,"[{""tk"": ""is"", ""act"": 0.0}, {""tk"": ""the"", ""act"": 0.0}, {""tk"": ""iPhone"", ""act"": 0.0}, {""tk"": ""technology"", ""act"": 0.0}, {""tk"": ""company"", ""act"": 0.0}, {""tk"": ""Apple"", ""act"": 0.0}, {""tk"": ""founder"", ""act"": 0.0}, {""tk"": ""of"", ""act"": 0.0}, {""tk"": ""Steve"", ""act"": 0.0}, {""tk"": ""Jobs"", ""act"": 0.0}, {""tk"": ""who"", ""act"": 0.0}, {""tk"": ""started"", ""act"": 0.0}, {""tk"": ""called"", ""act"": 0.0}, {""tk"": ""established"", ""act"": 0.0}]"
0_79557,0,79557,entity: A famous product is the iPhone,entity,1,0.0,0.0,semantic,"[{""token"": ""entity"", ""index"": 1, ""distance"": 0, ""direction"": ""self""}]",n/a,Relationship,,1.0,False,,(is) related,"[{""tk"": ""is"", ""act"": 0.0}, {""tk"": ""the"", ""act"": 0.0}, {""tk"": ""iPhone"", ""act"": 0.0}, {""tk"": ""technology"", ""act"": 0.0}, {""tk"": ""company"", ""act"": 0.0}, {""tk"": ""Apple"", ""act"": 0.0}, {""tk"": ""founder"", ""act"": 0.0}, {""tk"": ""of"", ""act"": 0.0}, {""tk"": ""Steve"", ""act"": 0.0}, {""tk"": ""Jobs"", ""act"": 0.0}, {""tk"": ""who"", ""act"": 0.0}, {""tk"": ""started"", ""act"": 0.0}, {""tk"": ""called"", ""act"": 0.0}, {""tk"": ""established"", ""act"": 0.0}]"
0_80278,0,80278,entity: A famous product is the iPhone,entity,1,0.0,0.0,semantic,"[{""token"": ""entity"", ""index"": 1, ""distance"": 0, ""direction"": ""self""}]",n/a,Relationship,,1.0,False,,(is) related,"[{""tk"": ""is"", ""act"": 0.0}, {""tk"": ""the"", ""act"": 0.0}, {""tk"": ""iPhone"", ""act"": 0.0}, {""tk"": ""technology"", ""act"": 0.0}, {""tk"": ""company"", ""act"": 0.0}, {""tk"": ""Apple"", ""act"": 0.0}, {""tk"": ""founder"", ""act"": 0.0}, {""tk"": ""of"", ""act"": 0.0}, {""tk"": ""Steve"", ""act"": 0.0}, {""tk"": ""Jobs"", ""act"": 0.0}, {""tk"": ""who"", ""act"": 0.0}, {""tk"": ""started"", ""act"": 0.0}, {""tk"": ""called"", ""act"": 0.0}, {""tk"": ""established"", ""act"": 0.0}]"
0_80932,0,80932,entity: A famous product is the iPhone,entity,1,0.0,0.0,semantic,"[{""token"": ""entity"", ""index"": 1, ""distance"": 0, ""direction"": ""self""}]",n/a,Semantic,Dictionary,1.0,False,,company,"[{""tk"": ""company"", ""act"": 12.409629821777344}, {""tk"": ""is"", ""act"": 0.0}, {""tk"": ""the"", ""act"": 0.0}, {""tk"": ""iPhone"", ""act"": 0.0}, {""tk"": ""technology"", ""act"": 0.0}, {""tk"": ""Apple"", ""act"": 0.0}, {""tk"": ""founder"", ""act"": 0.0}, {""tk"": ""of"", ""act"": 0.0}, {""tk"": ""Steve"", ""act"": 0.0}, {""tk"": ""Jobs"", ""act"": 0.0}, {""tk"": ""who"", ""act"": 0.0}, {""tk"": ""started"", ""act"": 0.0}, {""tk"": ""called"", ""act"": 0.0}, {""tk"": ""established"", ""act"": 0.0}]"
0_81040,0,81040,entity: A famous product is the iPhone,entity,1,0.0,0.0,semantic,"[{""token"": ""entity"", ""index"": 1, ""distance"": 0, ""direction"": ""self""}]",n/a,Relationship,,1.0,False,,(is) related,"[{""tk"": ""is"", ""act"": 0.0}, {""tk"": ""the"", ""act"": 0.0}, {""tk"": ""iPhone"", ""act"": 0.0}, {""tk"": ""technology"", ""act"": 0.0}, {""tk"": ""company"", ""act"": 0.0}, {""tk"": ""Apple"", ""act"": 0.0}, {""tk"": ""founder"", ""act"": 0.0}, {""tk"": ""of"", ""act"": 0.0}, {""tk"": ""Steve"", ""act"": 0.0}, {""tk"": ""Jobs"", ""act"": 0.0}, {""tk"": ""who"", ""act"": 0.0}, {""tk"": ""started"", ""act"": 0.0}, {""tk"": ""called"", ""act"": 0.0}, {""tk"": ""established"", ""act"": 0.0}]"
0_82862,0,82862,entity: A famous product is the iPhone,entity,1,0.0,0.0,semantic,"[{""token"": ""entity"", ""index"": 1, ""distance"": 0, ""direction"": ""self""}]",n/a,Semantic,Dictionary (fallback),0.9,False,,company,"[{""tk"": ""company"", ""act"": 8.054851531982422}, {""tk"": ""founder"", ""act"": 7.564595699310303}, {""tk"": ""is"", ""act"": 0.0}, {""tk"": ""the"", ""act"": 0.0}, {""tk"": ""iPhone"", ""act"": 0.0}, {""tk"": ""technology"", ""act"": 0.0}, {""tk"": ""Apple"", ""act"": 0.0}, {""tk"": ""of"", ""act"": 0.0}, {""tk"": ""Steve"", ""act"": 0.0}, {""tk"": ""Jobs"", ""act"": 0.0}, {""tk"": ""who"", ""act"": 0.0}, {""tk"": ""started"", ""act"": 0.0}, {""tk"": ""called"", ""act"": 0.0}, {""tk"": ""established"", ""act"": 0.0}]"
0_86119,0,86119,entity: A famous product is the iPhone,entity,1,0.0,0.0,semantic,"[{""token"": ""entity"", ""index"": 1, ""distance"": 0, ""direction"": ""self""}]",n/a,Semantic,Dictionary,1.0,False,,founder,"[{""tk"": ""founder"", ""act"": 31.241363525390625}, {""tk"": ""is"", ""act"": 0.0}, {""tk"": ""the"", ""act"": 0.0}, {""tk"": ""iPhone"", ""act"": 0.0}, {""tk"": ""technology"", ""act"": 0.0}, {""tk"": ""company"", ""act"": 0.0}, {""tk"": ""Apple"", ""act"": 0.0}, {""tk"": ""of"", ""act"": 0.0}, {""tk"": ""Steve"", ""act"": 0.0}, {""tk"": ""Jobs"", ""act"": 0.0}, {""tk"": ""who"", ""act"": 0.0}, {""tk"": ""started"", ""act"": 0.0}, {""tk"": ""called"", ""act"": 0.0}, {""tk"": ""established"", ""act"": 0.0}]"
0_87647,0,87647,entity: A famous product is the iPhone,entity,1,0.0,0.0,semantic,"[{""token"": ""entity"", ""index"": 1, ""distance"": 0, ""direction"": ""self""}]",n/a,Relationship,,1.0,False,,(is) related,"[{""tk"": ""is"", ""act"": 0.0}, {""tk"": ""the"", ""act"": 0.0}, {""tk"": ""iPhone"", ""act"": 0.0}, {""tk"": ""technology"", ""act"": 0.0}, {""tk"": ""company"", ""act"": 0.0}, {""tk"": ""Apple"", ""act"": 0.0}, {""tk"": ""founder"", ""act"": 0.0}, {""tk"": ""of"", ""act"": 0.0}, {""tk"": ""Steve"", ""act"": 0.0}, {""tk"": ""Jobs"", ""act"": 0.0}, {""tk"": ""who"", ""act"": 0.0}, {""tk"": ""started"", ""act"": 0.0}, {""tk"": ""called"", ""act"": 0.0}, {""tk"": ""established"", ""act"": 0.0}]"
0_89546,0,89546,entity: A famous product is the iPhone,entity,1,0.0,0.0,semantic,"[{""token"": ""entity"", ""index"": 1, ""distance"": 0, ""direction"": ""self""}]",n/a,Relationship,,1.0,False,,(is) related,"[{""tk"": ""is"", ""act"": 0.0}, {""tk"": ""the"", ""act"": 0.0}, {""tk"": ""iPhone"", ""act"": 0.0}, {""tk"": ""technology"", ""act"": 0.0}, {""tk"": ""company"", ""act"": 0.0}, {""tk"": ""Apple"", ""act"": 0.0}, {""tk"": ""founder"", ""act"": 0.0}, {""tk"": ""of"", ""act"": 0.0}, {""tk"": ""Steve"", ""act"": 0.0}, {""tk"": ""Jobs"", ""act"": 0.0}, {""tk"": ""who"", ""act"": 0.0}, {""tk"": ""started"", ""act"": 0.0}, {""tk"": ""called"", ""act"": 0.0}, {""tk"": ""established"", ""act"": 0.0}]"
0_95082,0,95082,entity: A famous product is the iPhone,entity,1,0.0,0.0,semantic,"[{""token"": ""entity"", ""index"": 1, ""distance"": 0, ""direction"": ""self""}]",n/a,Relationship,,1.0,False,,(is) related,"[{""tk"": ""is"", ""act"": 0.0}, {""tk"": ""the"", ""act"": 0.0}, {""tk"": ""iPhone"", ""act"": 0.0}, {""tk"": ""technology"", ""act"": 0.0}, {""tk"": ""company"", ""act"": 0.0}, {""tk"": ""Apple"", ""act"": 0.0}, {""tk"": ""founder"", ""act"": 0.0}, {""tk"": ""of"", ""act"": 0.0}, {""tk"": ""Steve"", ""act"": 0.0}, {""tk"": ""Jobs"", ""act"": 0.0}, {""tk"": ""who"", ""act"": 0.0}, {""tk"": ""started"", ""act"": 0.0}, {""tk"": ""called"", ""act"": 0.0}, {""tk"": ""established"", ""act"": 0.0}]"
0_95200,0,95200,entity: A famous product is the iPhone,entity,1,0.0,0.0,semantic,"[{""token"": ""entity"", ""index"": 1, ""distance"": 0, ""direction"": ""self""}]",n/a,Relationship,,1.0,False,,(is) related,"[{""tk"": ""is"", ""act"": 0.0}, {""tk"": ""the"", ""act"": 0.0}, {""tk"": ""iPhone"", ""act"": 0.0}, {""tk"": ""technology"", ""act"": 0.0}, {""tk"": ""company"", ""act"": 0.0}, {""tk"": ""Apple"", ""act"": 0.0}, {""tk"": ""founder"", ""act"": 0.0}, {""tk"": ""of"", ""act"": 0.0}, {""tk"": ""Steve"", ""act"": 0.0}, {""tk"": ""Jobs"", ""act"": 0.0}, {""tk"": ""who"", ""act"": 0.0}, {""tk"": ""started"", ""act"": 0.0}, {""tk"": ""called"", ""act"": 0.0}, {""tk"": ""established"", ""act"": 0.0}]"
0_95264,0,95264,entity: A famous product is the iPhone,entity,1,0.0,0.0,semantic,"[{""token"": ""entity"", ""index"": 1, ""distance"": 0, ""direction"": ""self""}]",n/a,Semantic,Dictionary (fallback),0.9,False,,Semantic (unknown),"[{""tk"": ""is"", ""act"": 0.0}, {""tk"": ""the"", ""act"": 0.0}, {""tk"": ""iPhone"", ""act"": 0.0}, {""tk"": ""technology"", ""act"": 0.0}, {""tk"": ""company"", ""act"": 0.0}, {""tk"": ""Apple"", ""act"": 0.0}, {""tk"": ""founder"", ""act"": 0.0}, {""tk"": ""of"", ""act"": 0.0}, {""tk"": ""Steve"", ""act"": 0.0}, {""tk"": ""Jobs"", ""act"": 0.0}, {""tk"": ""who"", ""act"": 0.0}, {""tk"": ""started"", ""act"": 0.0}, {""tk"": ""called"", ""act"": 0.0}, {""tk"": ""established"", ""act"": 0.0}]"
1_12928,1,12928,entity: A famous product is the iPhone,entity,1,105.55604553222656,0.274655618158061,semantic,"[{""token"": ""entity"", ""index"": 1, ""distance"": 0, ""direction"": ""self""}]",n/a,Relationship,,1.0,False,,(company) related,"[{""tk"": ""company"", ""act"": 103.49964904785156}, {""tk"": ""established"", ""act"": 92.58650970458984}, {""tk"": ""iPhone"", ""act"": 90.49929809570312}, {""tk"": ""Steve"", ""act"": 86.70033264160156}, {""tk"": ""founder"", ""act"": 86.57603454589844}, {""tk"": ""the"", ""act"": 86.19105529785156}, {""tk"": ""is"", ""act"": 80.84886169433594}, {""tk"": ""who"", ""act"": 76.71305847167969}, {""tk"": ""Apple"", ""act"": 75.59980010986328}, {""tk"": ""started"", ""act"": 75.0350570678711}, {""tk"": ""technology"", ""act"": 74.70613098144531}, {""tk"": ""Jobs"", ""act"": 70.95344543457031}, {""tk"": ""called"", ""act"": 70.83543395996094}, {""tk"": ""of"", ""act"": 65.76375579833984}]"
1_57794,1,57794,entity: A famous product is the iPhone,entity,1,114.00083923339844,0.2668089884046103,semantic,"[{""token"": ""entity"", ""index"": 1, ""distance"": 0, ""direction"": ""self""}]",n/a,Relationship,,1.0,False,,(founder) related,"[{""tk"": ""founder"", ""act"": 91.56708526611328}, {""tk"": ""The"", ""act"": 90.82074737548828}, {""tk"": ""company"", ""act"": 88.58515930175781}, {""tk"": ""is"", ""act"": 87.5733871459961}, {""tk"": ""iPhone"", ""act"": 87.30318450927734}, {""tk"": ""Steve"", ""act"": 84.86897277832031}, {""tk"": ""called"", ""act"": 83.69468688964844}, {""tk"": ""established"", ""act"": 81.81749725341797}, {""tk"": ""Apple"", ""act"": 81.7845230102539}, {""tk"": ""of"", ""act"": 76.51925659179688}, {""tk"": ""technology"", ""act"": 74.1735610961914}, {""tk"": ""started"", ""act"": 71.23902893066406}, {""tk"": ""who"", ""act"": 66.8528060913086}, {""tk"": ""Jobs"", ""act"": 57.128662109375}]"
1_52044,1,52044,entity: A famous product is the iPhone, product,5,106.42017364501952,0.2713417482124685,semantic,"[{""token"": "" product"", ""index"": 5, ""distance"": 0, ""direction"": ""self""}]",n/a,Relationship,,1.0,False,,(started) related,"[{""tk"": ""started"", ""act"": 120.04768371582031}, {""tk"": ""called"", ""act"": 115.20313262939453}, {""tk"": ""founder"", ""act"": 114.00474548339844}, {""tk"": ""company"", ""act"": 113.04615020751953}, {""tk"": ""established"", ""act"": 108.39888000488281}, {""tk"": ""who"", ""act"": 107.64916229248047}, {""tk"": ""technology"", ""act"": 96.14112091064453}, {""tk"": ""is"", ""act"": 94.12593841552734}, {""tk"": ""Apple"", ""act"": 92.30553436279297}, {""tk"": ""Jobs"", ""act"": 90.52021789550781}, {""tk"": ""the"", ""act"": 87.14351654052734}, {""tk"": ""Steve"", ""act"": 81.05712127685547}, {""tk"": ""of"", ""act"": 76.76270294189453}, {""tk"": ""iPhone"", ""act"": 75.94082641601562}]"
1_72774,1,72774,entity: A famous product is the iPhone, famous,4,100.21566772460938,0.3447637533736902,semantic,"[{""token"": "" famous"", ""index"": 4, ""distance"": 0, ""direction"": ""self""}]",n/a,Relationship,,1.0,False,,(company) related,"[{""tk"": ""company"", ""act"": 106.63935089111328}, {""tk"": ""started"", ""act"": 98.42762756347656}, {""tk"": ""founder"", ""act"": 94.7982177734375}, {""tk"": ""who"", ""act"": 93.58486938476562}, {""tk"": ""technology"", ""act"": 90.14810943603516}, {""tk"": ""called"", ""act"": 88.46238708496094}, {""tk"": ""Apple"", ""act"": 86.1917724609375}, {""tk"": ""is"", ""act"": 83.7561264038086}, {""tk"": ""Jobs"", ""act"": 83.56375122070312}, {""tk"": ""established"", ""act"": 77.50685119628906}, {""tk"": ""The"", ""act"": 74.08993530273438}, {""tk"": ""Steve"", ""act"": 72.27926635742188}, {""tk"": ""of"", ""act"": 68.65750885009766}, {""tk"": ""iPhone"", ""act"": 59.02979278564453}]"
1_97938,1,97938,entity: A famous product is the iPhone, iPhone,8,22.150123596191406,0.875,semantic,"[{""token"": "" iPhone"", ""index"": 8, ""distance"": 0, ""direction"": ""self""}]",n/a,Semantic,Dictionary,1.0,False,,iphone,"[{""tk"": ""iPhone"", ""act"": 22.150123596191406}, {""tk"": ""is"", ""act"": 0.0}, {""tk"": ""the"", ""act"": 0.0}, {""tk"": ""technology"", ""act"": 0.0}, {""tk"": ""company"", ""act"": 0.0}, {""tk"": ""Apple"", ""act"": 0.0}, {""tk"": ""founder"", ""act"": 0.0}, {""tk"": ""of"", ""act"": 0.0}, {""tk"": ""Steve"", ""act"": 0.0}, {""tk"": ""Jobs"", ""act"": 0.0}, {""tk"": ""who"", ""act"": 0.0}, {""tk"": ""started"", ""act"": 0.0}, {""tk"": ""called"", ""act"": 0.0}, {""tk"": ""established"", ""act"": 0.0}]"
1_94373,1,94373,entity: A famous product is the iPhone, iPhone,8,19.97370719909668,0.875,semantic,"[{""token"": "" iPhone"", ""index"": 8, ""distance"": 0, ""direction"": ""self""}]",n/a,Semantic,Dictionary,1.0,False,,iphone,"[{""tk"": ""iPhone"", ""act"": 19.97370719909668}, {""tk"": ""is"", ""act"": 0.0}, {""tk"": ""the"", ""act"": 0.0}, {""tk"": ""technology"", ""act"": 0.0}, {""tk"": ""company"", ""act"": 0.0}, {""tk"": ""Apple"", ""act"": 0.0}, {""tk"": ""founder"", ""act"": 0.0}, {""tk"": ""of"", ""act"": 0.0}, {""tk"": ""Steve"", ""act"": 0.0}, {""tk"": ""Jobs"", ""act"": 0.0}, {""tk"": ""who"", ""act"": 0.0}, {""tk"": ""started"", ""act"": 0.0}, {""tk"": ""called"", ""act"": 0.0}, {""tk"": ""established"", ""act"": 0.0}]"
1_31678,1,31678,entity: A famous product is the iPhone, iPhone,8,16.88176727294922,0.875,semantic,"[{""token"": "" iPhone"", ""index"": 8, ""distance"": 0, ""direction"": ""self""}]",n/a,Semantic,Dictionary,1.0,False,,iphone,"[{""tk"": ""iPhone"", ""act"": 16.88176727294922}, {""tk"": ""is"", ""act"": 0.0}, {""tk"": ""the"", ""act"": 0.0}, {""tk"": ""technology"", ""act"": 0.0}, {""tk"": ""company"", ""act"": 0.0}, {""tk"": ""Apple"", ""act"": 0.0}, {""tk"": ""founder"", ""act"": 0.0}, {""tk"": ""of"", ""act"": 0.0}, {""tk"": ""Steve"", ""act"": 0.0}, {""tk"": ""Jobs"", ""act"": 0.0}, {""tk"": ""who"", ""act"": 0.0}, {""tk"": ""started"", ""act"": 0.0}, {""tk"": ""called"", ""act"": 0.0}, {""tk"": ""established"", ""act"": 0.0}]"
1_98014,1,98014,entity: A famous product is the iPhone, iPhone,8,14.45395851135254,0.875,semantic,"[{""token"": "" iPhone"", ""index"": 8, ""distance"": 0, ""direction"": ""self""}]",n/a,Semantic,Dictionary,1.0,False,,iphone,"[{""tk"": ""iPhone"", ""act"": 14.453958511352539}, {""tk"": ""is"", ""act"": 0.0}, {""tk"": ""the"", ""act"": 0.0}, {""tk"": ""technology"", ""act"": 0.0}, {""tk"": ""company"", ""act"": 0.0}, {""tk"": ""Apple"", ""act"": 0.0}, {""tk"": ""founder"", ""act"": 0.0}, {""tk"": ""of"", ""act"": 0.0}, {""tk"": ""Steve"", ""act"": 0.0}, {""tk"": ""Jobs"", ""act"": 0.0}, {""tk"": ""who"", ""act"": 0.0}, {""tk"": ""started"", ""act"": 0.0}, {""tk"": ""called"", ""act"": 0.0}, {""tk"": ""established"", ""act"": 0.0}]"
1_1319,1,1319,entity: A famous product is the iPhone, iPhone,8,12.844186782836914,0.875,semantic,"[{""token"": "" iPhone"", ""index"": 8, ""distance"": 0, ""direction"": ""self""}]",n/a,Semantic,Dictionary,1.0,False,,iphone,"[{""tk"": ""iPhone"", ""act"": 12.844186782836914}, {""tk"": ""is"", ""act"": 0.0}, {""tk"": ""the"", ""act"": 0.0}, {""tk"": ""technology"", ""act"": 0.0}, {""tk"": ""company"", ""act"": 0.0}, {""tk"": ""Apple"", ""act"": 0.0}, {""tk"": ""founder"", ""act"": 0.0}, {""tk"": ""of"", ""act"": 0.0}, {""tk"": ""Steve"", ""act"": 0.0}, {""tk"": ""Jobs"", ""act"": 0.0}, {""tk"": ""who"", ""act"": 0.0}, {""tk"": ""started"", ""act"": 0.0}, {""tk"": ""called"", ""act"": 0.0}, {""tk"": ""established"", ""act"": 0.0}]"
1_66937,1,66937,entity: A famous product is the iPhone, iPhone,8,5.526341915130615,0.875,semantic,"[{""token"": "" iPhone"", ""index"": 8, ""distance"": 0, ""direction"": ""self""}]",n/a,Semantic,Dictionary (fallback),0.9,False,,Apple,"[{""tk"": ""Apple"", ""act"": 27.83917999267578}, {""tk"": ""iPhone"", ""act"": 5.526341915130615}, {""tk"": ""is"", ""act"": 0.0}, {""tk"": ""the"", ""act"": 0.0}, {""tk"": ""technology"", ""act"": 0.0}, {""tk"": ""company"", ""act"": 0.0}, {""tk"": ""founder"", ""act"": 0.0}, {""tk"": ""of"", ""act"": 0.0}, {""tk"": ""Steve"", ""act"": 0.0}, {""tk"": ""Jobs"", ""act"": 0.0}, {""tk"": ""who"", ""act"": 0.0}, {""tk"": ""started"", ""act"": 0.0}, {""tk"": ""called"", ""act"": 0.0}, {""tk"": ""established"", ""act"": 0.0}]"
1_1693,1,1693,entity: A famous product is the iPhone,entity,1,0.0,0.0,semantic,"[{""token"": ""entity"", ""index"": 1, ""distance"": 0, ""direction"": ""self""}]",n/a,Relationship,,1.0,False,,(is) related,"[{""tk"": ""is"", ""act"": 0.0}, {""tk"": ""the"", ""act"": 0.0}, {""tk"": ""iPhone"", ""act"": 0.0}, {""tk"": ""technology"", ""act"": 0.0}, {""tk"": ""company"", ""act"": 0.0}, {""tk"": ""Apple"", ""act"": 0.0}, {""tk"": ""founder"", ""act"": 0.0}, {""tk"": ""of"", ""act"": 0.0}, {""tk"": ""Steve"", ""act"": 0.0}, {""tk"": ""Jobs"", ""act"": 0.0}, {""tk"": ""who"", ""act"": 0.0}, {""tk"": ""started"", ""act"": 0.0}, {""tk"": ""called"", ""act"": 0.0}, {""tk"": ""established"", ""act"": 0.0}]"
1_58469,1,58469,entity: A famous product is the iPhone,entity,1,0.0,0.0,semantic,"[{""token"": ""entity"", ""index"": 1, ""distance"": 0, ""direction"": ""self""}]",n/a,Relationship,,1.0,False,,(is) related,"[{""tk"": ""is"", ""act"": 0.0}, {""tk"": ""the"", ""act"": 0.0}, {""tk"": ""iPhone"", ""act"": 0.0}, {""tk"": ""technology"", ""act"": 0.0}, {""tk"": ""company"", ""act"": 0.0}, {""tk"": ""Apple"", ""act"": 0.0}, {""tk"": ""founder"", ""act"": 0.0}, {""tk"": ""of"", ""act"": 0.0}, {""tk"": ""Steve"", ""act"": 0.0}, {""tk"": ""Jobs"", ""act"": 0.0}, {""tk"": ""who"", ""act"": 0.0}, {""tk"": ""started"", ""act"": 0.0}, {""tk"": ""called"", ""act"": 0.0}, {""tk"": ""established"", ""act"": 0.0}]"
1_69838,1,69838,entity: A famous product is the iPhone,entity,1,0.0,0.0,semantic,"[{""token"": ""entity"", ""index"": 1, ""distance"": 0, ""direction"": ""self""}]",n/a,Semantic,Dictionary,1.0,False,,of,"[{""tk"": ""of"", ""act"": 7.127059459686279}, {""tk"": ""is"", ""act"": 0.0}, {""tk"": ""the"", ""act"": 0.0}, {""tk"": ""iPhone"", ""act"": 0.0}, {""tk"": ""technology"", ""act"": 0.0}, {""tk"": ""company"", ""act"": 0.0}, {""tk"": ""Apple"", ""act"": 0.0}, {""tk"": ""founder"", ""act"": 0.0}, {""tk"": ""Steve"", ""act"": 0.0}, {""tk"": ""Jobs"", ""act"": 0.0}, {""tk"": ""who"", ""act"": 0.0}, {""tk"": ""started"", ""act"": 0.0}, {""tk"": ""called"", ""act"": 0.0}, {""tk"": ""established"", ""act"": 0.0}]"
2_20615,2,20615,entity: A famous product is the iPhone, iPhone,8,34.026004791259766,0.875,semantic,"[{""token"": "" iPhone"", ""index"": 8, ""distance"": 0, ""direction"": ""self""}]",n/a,Semantic,Dictionary (fallback),0.9,False,,iphone,"[{""tk"": ""iPhone"", ""act"": 34.026004791259766}, {""tk"": ""Apple"", ""act"": 21.881959915161133}, {""tk"": ""is"", ""act"": 0.0}, {""tk"": ""the"", ""act"": 0.0}, {""tk"": ""technology"", ""act"": 0.0}, {""tk"": ""company"", ""act"": 0.0}, {""tk"": ""founder"", ""act"": 0.0}, {""tk"": ""of"", ""act"": 0.0}, {""tk"": ""Steve"", ""act"": 0.0}, {""tk"": ""Jobs"", ""act"": 0.0}, {""tk"": ""who"", ""act"": 0.0}, {""tk"": ""started"", ""act"": 0.0}, {""tk"": ""called"", ""act"": 0.0}, {""tk"": ""established"", ""act"": 0.0}]"
2_91572,2,91572,entity: A famous product is the iPhone, iPhone,8,11.315791130065918,0.875,semantic,"[{""token"": "" iPhone"", ""index"": 8, ""distance"": 0, ""direction"": ""self""}]",n/a,Semantic,Dictionary,1.0,False,,iphone,"[{""tk"": ""iPhone"", ""act"": 11.315791130065918}, {""tk"": ""is"", ""act"": 0.0}, {""tk"": ""the"", ""act"": 0.0}, {""tk"": ""technology"", ""act"": 0.0}, {""tk"": ""company"", ""act"": 0.0}, {""tk"": ""Apple"", ""act"": 0.0}, {""tk"": ""founder"", ""act"": 0.0}, {""tk"": ""of"", ""act"": 0.0}, {""tk"": ""Steve"", ""act"": 0.0}, {""tk"": ""Jobs"", ""act"": 0.0}, {""tk"": ""who"", ""act"": 0.0}, {""tk"": ""started"", ""act"": 0.0}, {""tk"": ""called"", ""act"": 0.0}, {""tk"": ""established"", ""act"": 0.0}]"
2_79904,2,79904,entity: A famous product is the iPhone,entity,1,0.0,0.0,semantic,"[{""token"": ""entity"", ""index"": 1, ""distance"": 0, ""direction"": ""self""}]",n/a,Semantic,Dictionary (fallback),0.9,False,,started,"[{""tk"": ""started"", ""act"": 11.334894180297852}, {""tk"": ""established"", ""act"": 8.485861778259277}, {""tk"": ""is"", ""act"": 0.0}, {""tk"": ""the"", ""act"": 0.0}, {""tk"": ""iPhone"", ""act"": 0.0}, {""tk"": ""technology"", ""act"": 0.0}, {""tk"": ""company"", ""act"": 0.0}, {""tk"": ""Apple"", ""act"": 0.0}, {""tk"": ""founder"", ""act"": 0.0}, {""tk"": ""of"", ""act"": 0.0}, {""tk"": ""Steve"", ""act"": 0.0}, {""tk"": ""Jobs"", ""act"": 0.0}, {""tk"": ""who"", ""act"": 0.0}, {""tk"": ""called"", ""act"": 0.0}]"
2_49383,2,49383,entity: A famous product is the iPhone,entity,1,0.0,0.0,semantic,"[{""token"": ""entity"", ""index"": 1, ""distance"": 0, ""direction"": ""self""}]",n/a,Semantic,Dictionary,1.0,False,,founder,"[{""tk"": ""founder"", ""act"": 8.838245391845703}, {""tk"": ""is"", ""act"": 0.0}, {""tk"": ""the"", ""act"": 0.0}, {""tk"": ""iPhone"", ""act"": 0.0}, {""tk"": ""technology"", ""act"": 0.0}, {""tk"": ""company"", ""act"": 0.0}, {""tk"": ""Apple"", ""act"": 0.0}, {""tk"": ""of"", ""act"": 0.0}, {""tk"": ""Steve"", ""act"": 0.0}, {""tk"": ""Jobs"", ""act"": 0.0}, {""tk"": ""who"", ""act"": 0.0}, {""tk"": ""started"", ""act"": 0.0}, {""tk"": ""called"", ""act"": 0.0}, {""tk"": ""established"", ""act"": 0.0}]"
2_35295,2,35295,entity: A famous product is the iPhone,entity,1,0.0,0.0,semantic,"[{""token"": ""entity"", ""index"": 1, ""distance"": 0, ""direction"": ""self""}]",n/a,Relationship,,1.0,False,,(is) related,"[{""tk"": ""is"", ""act"": 0.0}, {""tk"": ""the"", ""act"": 0.0}, {""tk"": ""iPhone"", ""act"": 0.0}, {""tk"": ""technology"", ""act"": 0.0}, {""tk"": ""company"", ""act"": 0.0}, {""tk"": ""Apple"", ""act"": 0.0}, {""tk"": ""founder"", ""act"": 0.0}, {""tk"": ""of"", ""act"": 0.0}, {""tk"": ""Steve"", ""act"": 0.0}, {""tk"": ""Jobs"", ""act"": 0.0}, {""tk"": ""who"", ""act"": 0.0}, {""tk"": ""started"", ""act"": 0.0}, {""tk"": ""called"", ""act"": 0.0}, {""tk"": ""established"", ""act"": 0.0}]"
2_39335,2,39335,entity: A famous product is the iPhone,entity,1,0.0,0.0,semantic,"[{""token"": ""entity"", ""index"": 1, ""distance"": 0, ""direction"": ""self""}]",n/a,Relationship,,1.0,False,,(is) related,"[{""tk"": ""is"", ""act"": 0.0}, {""tk"": ""the"", ""act"": 0.0}, {""tk"": ""iPhone"", ""act"": 0.0}, {""tk"": ""technology"", ""act"": 0.0}, {""tk"": ""company"", ""act"": 0.0}, {""tk"": ""Apple"", ""act"": 0.0}, {""tk"": ""founder"", ""act"": 0.0}, {""tk"": ""of"", ""act"": 0.0}, {""tk"": ""Steve"", ""act"": 0.0}, {""tk"": ""Jobs"", ""act"": 0.0}, {""tk"": ""who"", ""act"": 0.0}, {""tk"": ""started"", ""act"": 0.0}, {""tk"": ""called"", ""act"": 0.0}, {""tk"": ""established"", ""act"": 0.0}]"
2_42519,2,42519,entity: A famous product is the iPhone,entity,1,0.0,0.0,semantic,"[{""token"": ""entity"", ""index"": 1, ""distance"": 0, ""direction"": ""self""}]",n/a,Semantic,Dictionary,1.0,False,,who,"[{""tk"": ""who"", ""act"": 15.062068939208984}, {""tk"": ""is"", ""act"": 0.0}, {""tk"": ""the"", ""act"": 0.0}, {""tk"": ""iPhone"", ""act"": 0.0}, {""tk"": ""technology"", ""act"": 0.0}, {""tk"": ""company"", ""act"": 0.0}, {""tk"": ""Apple"", ""act"": 0.0}, {""tk"": ""founder"", ""act"": 0.0}, {""tk"": ""of"", ""act"": 0.0}, {""tk"": ""Steve"", ""act"": 0.0}, {""tk"": ""Jobs"", ""act"": 0.0}, {""tk"": ""started"", ""act"": 0.0}, {""tk"": ""called"", ""act"": 0.0}, {""tk"": ""established"", ""act"": 0.0}]"
2_79229,2,79229,entity: A famous product is the iPhone,entity,1,0.0,0.0,semantic,"[{""token"": ""entity"", ""index"": 1, ""distance"": 0, ""direction"": ""self""}]",n/a,Relationship,,1.0,False,,(is) related,"[{""tk"": ""is"", ""act"": 0.0}, {""tk"": ""the"", ""act"": 0.0}, {""tk"": ""iPhone"", ""act"": 0.0}, {""tk"": ""technology"", ""act"": 0.0}, {""tk"": ""company"", ""act"": 0.0}, {""tk"": ""Apple"", ""act"": 0.0}, {""tk"": ""founder"", ""act"": 0.0}, {""tk"": ""of"", ""act"": 0.0}, {""tk"": ""Steve"", ""act"": 0.0}, {""tk"": ""Jobs"", ""act"": 0.0}, {""tk"": ""who"", ""act"": 0.0}, {""tk"": ""started"", ""act"": 0.0}, {""tk"": ""called"", ""act"": 0.0}, {""tk"": ""established"", ""act"": 0.0}]"
3_66599,3,66599,entity: A famous product is the iPhone, iPhone,8,15.3125,0.5180087653958068,semantic,"[{""token"": "" iPhone"", ""index"": 8, ""distance"": 0, ""direction"": ""self""}]",n/a,Semantic,Dictionary (fallback),0.9,False,,Jobs,"[{""tk"": ""Jobs"", ""act"": 21.734445571899414}, {""tk"": ""Apple"", ""act"": 16.169097900390625}, {""tk"": ""iPhone"", ""act"": 15.3125}, {""tk"": ""founder"", ""act"": 13.962577819824219}, {""tk"": ""technology"", ""act"": 9.817445755004883}, {""tk"": ""company"", ""act"": 8.836379051208496}, {""tk"": ""Steve"", ""act"": 3.4961094856262207}, {""tk"": ""started"", ""act"": 1.8817652463912964}, {""tk"": ""of"", ""act"": 1.0519121885299683}, {""tk"": ""is"", ""act"": 0.0}, {""tk"": ""the"", ""act"": 0.0}, {""tk"": ""who"", ""act"": 0.0}, {""tk"": ""called"", ""act"": 0.0}, {""tk"": ""established"", ""act"": 0.0}]"
3_61203,3,61203,entity: A famous product is the iPhone,entity,1,0.0,0.0,semantic,"[{""token"": ""entity"", ""index"": 1, ""distance"": 0, ""direction"": ""self""}]",n/a,Relationship,,1.0,False,,(is) related,"[{""tk"": ""is"", ""act"": 0.0}, {""tk"": ""the"", ""act"": 0.0}, {""tk"": ""iPhone"", ""act"": 0.0}, {""tk"": ""technology"", ""act"": 0.0}, {""tk"": ""company"", ""act"": 0.0}, {""tk"": ""Apple"", ""act"": 0.0}, {""tk"": ""founder"", ""act"": 0.0}, {""tk"": ""of"", ""act"": 0.0}, {""tk"": ""Steve"", ""act"": 0.0}, {""tk"": ""Jobs"", ""act"": 0.0}, {""tk"": ""who"", ""act"": 0.0}, {""tk"": ""started"", ""act"": 0.0}, {""tk"": ""called"", ""act"": 0.0}, {""tk"": ""established"", ""act"": 0.0}]"
3_36390,3,36390,entity: A famous product is the iPhone,entity,1,0.0,0.0,semantic,"[{""token"": ""entity"", ""index"": 1, ""distance"": 0, ""direction"": ""self""}]",n/a,Relationship,,1.0,False,,(is) related,"[{""tk"": ""is"", ""act"": 0.0}, {""tk"": ""the"", ""act"": 0.0}, {""tk"": ""iPhone"", ""act"": 0.0}, {""tk"": ""technology"", ""act"": 0.0}, {""tk"": ""company"", ""act"": 0.0}, {""tk"": ""Apple"", ""act"": 0.0}, {""tk"": ""founder"", ""act"": 0.0}, {""tk"": ""of"", ""act"": 0.0}, {""tk"": ""Steve"", ""act"": 0.0}, {""tk"": ""Jobs"", ""act"": 0.0}, {""tk"": ""who"", ""act"": 0.0}, {""tk"": ""started"", ""act"": 0.0}, {""tk"": ""called"", ""act"": 0.0}, {""tk"": ""established"", ""act"": 0.0}]"
3_7789,3,7789,entity: A famous product is the iPhone,entity,1,0.0,0.0,semantic,"[{""token"": ""entity"", ""index"": 1, ""distance"": 0, ""direction"": ""self""}]",n/a,Relationship,,1.0,False,,(is) related,"[{""tk"": ""is"", ""act"": 0.0}, {""tk"": ""the"", ""act"": 0.0}, {""tk"": ""iPhone"", ""act"": 0.0}, {""tk"": ""technology"", ""act"": 0.0}, {""tk"": ""company"", ""act"": 0.0}, {""tk"": ""Apple"", ""act"": 0.0}, {""tk"": ""founder"", ""act"": 0.0}, {""tk"": ""of"", ""act"": 0.0}, {""tk"": ""Steve"", ""act"": 0.0}, {""tk"": ""Jobs"", ""act"": 0.0}, {""tk"": ""who"", ""act"": 0.0}, {""tk"": ""started"", ""act"": 0.0}, {""tk"": ""called"", ""act"": 0.0}, {""tk"": ""established"", ""act"": 0.0}]"
3_12249,3,12249,entity: A famous product is the iPhone,entity,1,0.0,0.0,semantic,"[{""token"": ""entity"", ""index"": 1, ""distance"": 0, ""direction"": ""self""}]",n/a,Semantic,Dictionary,1.0,False,,of,"[{""tk"": ""of"", ""act"": 13.55992603302002}, {""tk"": ""is"", ""act"": 6.075645446777344}, {""tk"": ""the"", ""act"": 0.0}, {""tk"": ""iPhone"", ""act"": 0.0}, {""tk"": ""technology"", ""act"": 0.0}, {""tk"": ""company"", ""act"": 0.0}, {""tk"": ""Apple"", ""act"": 0.0}, {""tk"": ""founder"", ""act"": 0.0}, {""tk"": ""Steve"", ""act"": 0.0}, {""tk"": ""Jobs"", ""act"": 0.0}, {""tk"": ""who"", ""act"": 0.0}, {""tk"": ""started"", ""act"": 0.0}, {""tk"": ""called"", ""act"": 0.0}, {""tk"": ""established"", ""act"": 0.0}]"
3_25991,3,25991,entity: A famous product is the iPhone,entity,1,0.0,0.0,semantic,"[{""token"": ""entity"", ""index"": 1, ""distance"": 0, ""direction"": ""self""}]",n/a,Relationship,,1.0,False,,(is) related,"[{""tk"": ""is"", ""act"": 0.0}, {""tk"": ""the"", ""act"": 0.0}, {""tk"": ""iPhone"", ""act"": 0.0}, {""tk"": ""technology"", ""act"": 0.0}, {""tk"": ""company"", ""act"": 0.0}, {""tk"": ""Apple"", ""act"": 0.0}, {""tk"": ""founder"", ""act"": 0.0}, {""tk"": ""of"", ""act"": 0.0}, {""tk"": ""Steve"", ""act"": 0.0}, {""tk"": ""Jobs"", ""act"": 0.0}, {""tk"": ""who"", ""act"": 0.0}, {""tk"": ""started"", ""act"": 0.0}, {""tk"": ""called"", ""act"": 0.0}, {""tk"": ""established"", ""act"": 0.0}]"
3_52974,3,52974,entity: A famous product is the iPhone,entity,1,0.0,0.0,semantic,"[{""token"": ""entity"", ""index"": 1, ""distance"": 0, ""direction"": ""self""}]",n/a,Relationship,,1.0,False,,(is) related,"[{""tk"": ""is"", ""act"": 0.0}, {""tk"": ""the"", ""act"": 0.0}, {""tk"": ""iPhone"", ""act"": 0.0}, {""tk"": ""technology"", ""act"": 0.0}, {""tk"": ""company"", ""act"": 0.0}, {""tk"": ""Apple"", ""act"": 0.0}, {""tk"": ""founder"", ""act"": 0.0}, {""tk"": ""of"", ""act"": 0.0}, {""tk"": ""Steve"", ""act"": 0.0}, {""tk"": ""Jobs"", ""act"": 0.0}, {""tk"": ""who"", ""act"": 0.0}, {""tk"": ""started"", ""act"": 0.0}, {""tk"": ""called"", ""act"": 0.0}, {""tk"": ""established"", ""act"": 0.0}]"
3_77354,3,77354,entity: A famous product is the iPhone,entity,1,0.0,0.0,semantic,"[{""token"": ""entity"", ""index"": 1, ""distance"": 0, ""direction"": ""self""}]",n/a,Relationship,,1.0,False,,(is) related,"[{""tk"": ""is"", ""act"": 0.0}, {""tk"": ""the"", ""act"": 0.0}, {""tk"": ""iPhone"", ""act"": 0.0}, {""tk"": ""technology"", ""act"": 0.0}, {""tk"": ""company"", ""act"": 0.0}, {""tk"": ""Apple"", ""act"": 0.0}, {""tk"": ""founder"", ""act"": 0.0}, {""tk"": ""of"", ""act"": 0.0}, {""tk"": ""Steve"", ""act"": 0.0}, {""tk"": ""Jobs"", ""act"": 0.0}, {""tk"": ""who"", ""act"": 0.0}, {""tk"": ""started"", ""act"": 0.0}, {""tk"": ""called"", ""act"": 0.0}, {""tk"": ""established"", ""act"": 0.0}]"
3_89695,3,89695,entity: A famous product is the iPhone,entity,1,0.0,0.0,semantic,"[{""token"": ""entity"", ""index"": 1, ""distance"": 0, ""direction"": ""self""}]",n/a,Relationship,,1.0,False,,(is) related,"[{""tk"": ""is"", ""act"": 0.0}, {""tk"": ""the"", ""act"": 0.0}, {""tk"": ""iPhone"", ""act"": 0.0}, {""tk"": ""technology"", ""act"": 0.0}, {""tk"": ""company"", ""act"": 0.0}, {""tk"": ""Apple"", ""act"": 0.0}, {""tk"": ""founder"", ""act"": 0.0}, {""tk"": ""of"", ""act"": 0.0}, {""tk"": ""Steve"", ""act"": 0.0}, {""tk"": ""Jobs"", ""act"": 0.0}, {""tk"": ""who"", ""act"": 0.0}, {""tk"": ""started"", ""act"": 0.0}, {""tk"": ""called"", ""act"": 0.0}, {""tk"": ""established"", ""act"": 0.0}]"
3_92640,3,92640,entity: A famous product is the iPhone,entity,1,0.0,0.0,semantic,"[{""token"": ""entity"", ""index"": 1, ""distance"": 0, ""direction"": ""self""}]",n/a,Relationship,,1.0,False,,(is) related,"[{""tk"": ""is"", ""act"": 0.0}, {""tk"": ""the"", ""act"": 0.0}, {""tk"": ""iPhone"", ""act"": 0.0}, {""tk"": ""technology"", ""act"": 0.0}, {""tk"": ""company"", ""act"": 0.0}, {""tk"": ""Apple"", ""act"": 0.0}, {""tk"": ""founder"", ""act"": 0.0}, {""tk"": ""of"", ""act"": 0.0}, {""tk"": ""Steve"", ""act"": 0.0}, {""tk"": ""Jobs"", ""act"": 0.0}, {""tk"": ""who"", ""act"": 0.0}, {""tk"": ""started"", ""act"": 0.0}, {""tk"": ""called"", ""act"": 0.0}, {""tk"": ""established"", ""act"": 0.0}]"
4_83635,4,83635,entity: A famous product is the iPhone, iPhone,8,26.749794006347656,0.6807294506914852,semantic,"[{""token"": "" iPhone"", ""index"": 8, ""distance"": 0, ""direction"": ""self""}]",n/a,Semantic,Concept,0.7,False,,Apple,"[{""tk"": ""Apple"", ""act"": 29.273523330688477}, {""tk"": ""iPhone"", ""act"": 26.749794006347656}, {""tk"": ""founder"", ""act"": 20.79131507873535}, {""tk"": ""company"", ""act"": 19.679771423339844}, {""tk"": ""technology"", ""act"": 15.477765083312988}, {""tk"": ""of"", ""act"": 6.801421165466309}, {""tk"": ""started"", ""act"": 5.415152549743652}, {""tk"": ""called"", ""act"": 4.690086364746094}, {""tk"": ""established"", ""act"": 4.53714656829834}, {""tk"": ""is"", ""act"": 3.837414026260376}, {""tk"": ""who"", ""act"": 3.641669511795044}, {""tk"": ""the"", ""act"": 1.723905086517334}, {""tk"": ""Steve"", ""act"": 0.0}, {""tk"": ""Jobs"", ""act"": 0.0}]"
4_49272,4,49272,entity: A famous product is the iPhone, iPhone,8,2.735218048095703,0.875,semantic,"[{""token"": "" iPhone"", ""index"": 8, ""distance"": 0, ""direction"": ""self""}]",n/a,Semantic,Concept,0.7,False,,iphone,"[{""tk"": ""iPhone"", ""act"": 2.735218048095703}, {""tk"": ""Apple"", ""act"": 0.2487431764602661}, {""tk"": ""is"", ""act"": 0.0}, {""tk"": ""the"", ""act"": 0.0}, {""tk"": ""technology"", ""act"": 0.0}, {""tk"": ""company"", ""act"": 0.0}, {""tk"": ""founder"", ""act"": 0.0}, {""tk"": ""of"", ""act"": 0.0}, {""tk"": ""Steve"", ""act"": 0.0}, {""tk"": ""Jobs"", ""act"": 0.0}, {""tk"": ""who"", ""act"": 0.0}, {""tk"": ""started"", ""act"": 0.0}, {""tk"": ""called"", ""act"": 0.0}, {""tk"": ""established"", ""act"": 0.0}]"
4_61585,4,61585,entity: A famous product is the iPhone,entity,1,0.0,0.0,semantic,"[{""token"": ""entity"", ""index"": 1, ""distance"": 0, ""direction"": ""self""}]",n/a,Relationship,,1.0,False,,(is) related,"[{""tk"": ""is"", ""act"": 0.0}, {""tk"": ""the"", ""act"": 0.0}, {""tk"": ""iPhone"", ""act"": 0.0}, {""tk"": ""technology"", ""act"": 0.0}, {""tk"": ""company"", ""act"": 0.0}, {""tk"": ""Apple"", ""act"": 0.0}, {""tk"": ""founder"", ""act"": 0.0}, {""tk"": ""of"", ""act"": 0.0}, {""tk"": ""Steve"", ""act"": 0.0}, {""tk"": ""Jobs"", ""act"": 0.0}, {""tk"": ""who"", ""act"": 0.0}, {""tk"": ""started"", ""act"": 0.0}, {""tk"": ""called"", ""act"": 0.0}, {""tk"": ""established"", ""act"": 0.0}]"
4_25485,4,25485,entity: A famous product is the iPhone,entity,1,0.0,0.0,semantic,"[{""token"": ""entity"", ""index"": 1, ""distance"": 0, ""direction"": ""self""}]",n/a,Relationship,,1.0,False,,(is) related,"[{""tk"": ""is"", ""act"": 0.0}, {""tk"": ""the"", ""act"": 0.0}, {""tk"": ""iPhone"", ""act"": 0.0}, {""tk"": ""technology"", ""act"": 0.0}, {""tk"": ""company"", ""act"": 0.0}, {""tk"": ""Apple"", ""act"": 0.0}, {""tk"": ""founder"", ""act"": 0.0}, {""tk"": ""of"", ""act"": 0.0}, {""tk"": ""Steve"", ""act"": 0.0}, {""tk"": ""Jobs"", ""act"": 0.0}, {""tk"": ""who"", ""act"": 0.0}, {""tk"": ""started"", ""act"": 0.0}, {""tk"": ""called"", ""act"": 0.0}, {""tk"": ""established"", ""act"": 0.0}]"
4_50389,4,50389,entity: A famous product is the iPhone,entity,1,0.0,0.0,semantic,"[{""token"": ""entity"", ""index"": 1, ""distance"": 0, ""direction"": ""self""}]",n/a,Relationship,,1.0,False,,(is) related,"[{""tk"": ""is"", ""act"": 0.0}, {""tk"": ""the"", ""act"": 0.0}, {""tk"": ""iPhone"", ""act"": 0.0}, {""tk"": ""technology"", ""act"": 0.0}, {""tk"": ""company"", ""act"": 0.0}, {""tk"": ""Apple"", ""act"": 0.0}, {""tk"": ""founder"", ""act"": 0.0}, {""tk"": ""of"", ""act"": 0.0}, {""tk"": ""Steve"", ""act"": 0.0}, {""tk"": ""Jobs"", ""act"": 0.0}, {""tk"": ""who"", ""act"": 0.0}, {""tk"": ""started"", ""act"": 0.0}, {""tk"": ""called"", ""act"": 0.0}, {""tk"": ""established"", ""act"": 0.0}]"
4_53843,4,53843,entity: A famous product is the iPhone,entity,1,0.0,0.0,semantic,"[{""token"": ""entity"", ""index"": 1, ""distance"": 0, ""direction"": ""self""}]",n/a,Semantic,Concept,0.7,False,,founder,"[{""tk"": ""founder"", ""act"": 0.08846926689147949}, {""tk"": ""is"", ""act"": 0.0}, {""tk"": ""the"", ""act"": 0.0}, {""tk"": ""iPhone"", ""act"": 0.0}, {""tk"": ""technology"", ""act"": 0.0}, {""tk"": ""company"", ""act"": 0.0}, {""tk"": ""Apple"", ""act"": 0.0}, {""tk"": ""of"", ""act"": 0.0}, {""tk"": ""Steve"", ""act"": 0.0}, {""tk"": ""Jobs"", ""act"": 0.0}, {""tk"": ""who"", ""act"": 0.0}, {""tk"": ""started"", ""act"": 0.0}, {""tk"": ""called"", ""act"": 0.0}, {""tk"": ""established"", ""act"": 0.0}]"
4_65972,4,65972,entity: A famous product is the iPhone,entity,1,0.0,0.0,semantic,"[{""token"": ""entity"", ""index"": 1, ""distance"": 0, ""direction"": ""self""}]",n/a,Semantic,Concept,0.7,False,,company,"[{""tk"": ""company"", ""act"": 0.7668347358703613}, {""tk"": ""is"", ""act"": 0.0}, {""tk"": ""the"", ""act"": 0.0}, {""tk"": ""iPhone"", ""act"": 0.0}, {""tk"": ""technology"", ""act"": 0.0}, {""tk"": ""Apple"", ""act"": 0.0}, {""tk"": ""founder"", ""act"": 0.0}, {""tk"": ""of"", ""act"": 0.0}, {""tk"": ""Steve"", ""act"": 0.0}, {""tk"": ""Jobs"", ""act"": 0.0}, {""tk"": ""who"", ""act"": 0.0}, {""tk"": ""started"", ""act"": 0.0}, {""tk"": ""called"", ""act"": 0.0}, {""tk"": ""established"", ""act"": 0.0}]"
5_1551,5,1551,entity: A famous product is the iPhone,entity,1,37.90834045410156,0.875,semantic,"[{""token"": ""entity"", ""index"": 1, ""distance"": 0, ""direction"": ""self""}]",n/a,Semantic,Concept,0.7,False,,Semantic (unknown),"[{""tk"": ""is"", ""act"": 0.0}, {""tk"": ""the"", ""act"": 0.0}, {""tk"": ""iPhone"", ""act"": 0.0}, {""tk"": ""technology"", ""act"": 0.0}, {""tk"": ""company"", ""act"": 0.0}, {""tk"": ""Apple"", ""act"": 0.0}, {""tk"": ""founder"", ""act"": 0.0}, {""tk"": ""of"", ""act"": 0.0}, {""tk"": ""Steve"", ""act"": 0.0}, {""tk"": ""Jobs"", ""act"": 0.0}, {""tk"": ""who"", ""act"": 0.0}, {""tk"": ""started"", ""act"": 0.0}, {""tk"": ""called"", ""act"": 0.0}, {""tk"": ""established"", ""act"": 0.0}]"
5_95640,5,95640,entity: A famous product is the iPhone,entity,1,24.504920959472656,0.875,semantic,"[{""token"": ""entity"", ""index"": 1, ""distance"": 0, ""direction"": ""self""}]",n/a,Semantic,Concept,0.7,False,,Semantic (unknown),"[{""tk"": ""is"", ""act"": 0.0}, {""tk"": ""the"", ""act"": 0.0}, {""tk"": ""iPhone"", ""act"": 0.0}, {""tk"": ""technology"", ""act"": 0.0}, {""tk"": ""company"", ""act"": 0.0}, {""tk"": ""Apple"", ""act"": 0.0}, {""tk"": ""founder"", ""act"": 0.0}, {""tk"": ""of"", ""act"": 0.0}, {""tk"": ""Steve"", ""act"": 0.0}, {""tk"": ""Jobs"", ""act"": 0.0}, {""tk"": ""who"", ""act"": 0.0}, {""tk"": ""started"", ""act"": 0.0}, {""tk"": ""called"", ""act"": 0.0}, {""tk"": ""established"", ""act"": 0.0}]"
5_97304,5,97304,entity: A famous product is the iPhone, iPhone,8,9.699518203735352,0.8465691632085243,semantic,"[{""token"": "" iPhone"", ""index"": 8, ""distance"": 0, ""direction"": ""self""}]",n/a,Semantic,Concept,0.7,False,,Apple,"[{""tk"": ""Apple"", ""act"": 10.507890701293945}, {""tk"": ""iPhone"", ""act"": 9.699518203735352}, {""tk"": ""Jobs"", ""act"": 9.227739334106445}, {""tk"": ""Steve"", ""act"": 0.9180450439453125}, {""tk"": ""is"", ""act"": 0.0}, {""tk"": ""the"", ""act"": 0.0}, {""tk"": ""technology"", ""act"": 0.0}, {""tk"": ""company"", ""act"": 0.0}, {""tk"": ""founder"", ""act"": 0.0}, {""tk"": ""of"", ""act"": 0.0}, {""tk"": ""who"", ""act"": 0.0}, {""tk"": ""started"", ""act"": 0.0}, {""tk"": ""called"", ""act"": 0.0}, {""tk"": ""established"", ""act"": 0.0}]"
5_26299,5,26299,entity: A famous product is the iPhone,entity,1,0.0,0.0,semantic,"[{""token"": ""entity"", ""index"": 1, ""distance"": 0, ""direction"": ""self""}]",n/a,Relationship,,1.0,False,,(is) related,"[{""tk"": ""is"", ""act"": 0.0}, {""tk"": ""the"", ""act"": 0.0}, {""tk"": ""iPhone"", ""act"": 0.0}, {""tk"": ""technology"", ""act"": 0.0}, {""tk"": ""company"", ""act"": 0.0}, {""tk"": ""Apple"", ""act"": 0.0}, {""tk"": ""founder"", ""act"": 0.0}, {""tk"": ""of"", ""act"": 0.0}, {""tk"": ""Steve"", ""act"": 0.0}, {""tk"": ""Jobs"", ""act"": 0.0}, {""tk"": ""who"", ""act"": 0.0}, {""tk"": ""started"", ""act"": 0.0}, {""tk"": ""called"", ""act"": 0.0}, {""tk"": ""established"", ""act"": 0.0}]"
5_42294,5,42294,entity: A famous product is the iPhone,entity,1,0.0,0.0,semantic,"[{""token"": ""entity"", ""index"": 1, ""distance"": 0, ""direction"": ""self""}]",n/a,Relationship,,1.0,False,,(is) related,"[{""tk"": ""is"", ""act"": 0.0}, {""tk"": ""the"", ""act"": 0.0}, {""tk"": ""iPhone"", ""act"": 0.0}, {""tk"": ""technology"", ""act"": 0.0}, {""tk"": ""company"", ""act"": 0.0}, {""tk"": ""Apple"", ""act"": 0.0}, {""tk"": ""founder"", ""act"": 0.0}, {""tk"": ""of"", ""act"": 0.0}, {""tk"": ""Steve"", ""act"": 0.0}, {""tk"": ""Jobs"", ""act"": 0.0}, {""tk"": ""who"", ""act"": 0.0}, {""tk"": ""started"", ""act"": 0.0}, {""tk"": ""called"", ""act"": 0.0}, {""tk"": ""established"", ""act"": 0.0}]"
5_54263,5,54263,entity: A famous product is the iPhone,entity,1,0.0,0.0,semantic,"[{""token"": ""entity"", ""index"": 1, ""distance"": 0, ""direction"": ""self""}]",n/a,Relationship,,1.0,False,,(is) related,"[{""tk"": ""is"", ""act"": 0.0}, {""tk"": ""the"", ""act"": 0.0}, {""tk"": ""iPhone"", ""act"": 0.0}, {""tk"": ""technology"", ""act"": 0.0}, {""tk"": ""company"", ""act"": 0.0}, {""tk"": ""Apple"", ""act"": 0.0}, {""tk"": ""founder"", ""act"": 0.0}, {""tk"": ""of"", ""act"": 0.0}, {""tk"": ""Steve"", ""act"": 0.0}, {""tk"": ""Jobs"", ""act"": 0.0}, {""tk"": ""who"", ""act"": 0.0}, {""tk"": ""started"", ""act"": 0.0}, {""tk"": ""called"", ""act"": 0.0}, {""tk"": ""established"", ""act"": 0.0}]"
6_22808,6,22808,entity: A famous product is the iPhone, iPhone,8,48.54792785644531,0.875,semantic,"[{""token"": "" iPhone"", ""index"": 8, ""distance"": 0, ""direction"": ""self""}]",n/a,Semantic,Dictionary,1.0,False,,iphone,"[{""tk"": ""iPhone"", ""act"": 48.54792785644531}, {""tk"": ""is"", ""act"": 0.0}, {""tk"": ""the"", ""act"": 0.0}, {""tk"": ""technology"", ""act"": 0.0}, {""tk"": ""company"", ""act"": 0.0}, {""tk"": ""Apple"", ""act"": 0.0}, {""tk"": ""founder"", ""act"": 0.0}, {""tk"": ""of"", ""act"": 0.0}, {""tk"": ""Steve"", ""act"": 0.0}, {""tk"": ""Jobs"", ""act"": 0.0}, {""tk"": ""who"", ""act"": 0.0}, {""tk"": ""started"", ""act"": 0.0}, {""tk"": ""called"", ""act"": 0.0}, {""tk"": ""established"", ""act"": 0.0}]"
6_22143,6,22143,entity: A famous product is the iPhone,entity,1,23.50536346435547,0.361152742851509,semantic,"[{""token"": ""entity"", ""index"": 1, ""distance"": 0, ""direction"": ""self""}]",n/a,Semantic,Concept,0.7,False,,company,"[{""tk"": ""Apple"", ""act"": 22.002117156982422}, {""tk"": ""company"", ""act"": 21.061681747436523}, {""tk"": ""called"", ""act"": 19.890174865722656}, {""tk"": ""is"", ""act"": 19.172073364257812}, {""tk"": ""technology"", ""act"": 15.491524696350098}, {""tk"": ""the"", ""act"": 15.198439598083496}, {""tk"": ""Jobs"", ""act"": 13.937668800354004}, {""tk"": ""founder"", ""act"": 12.949738502502441}, {""tk"": ""of"", ""act"": 8.630607604980469}, {""tk"": ""iPhone"", ""act"": 7.2083420753479}, {""tk"": ""started"", ""act"": 6.396762371063232}, {""tk"": ""who"", ""act"": 4.663736820220947}, {""tk"": ""established"", ""act"": 3.2520933151245117}, {""tk"": ""Steve"", ""act"": 0.0}]"
6_67161,6,67161,entity: A famous product is the iPhone, iPhone,8,16.878387451171875,0.875,semantic,"[{""token"": "" iPhone"", ""index"": 8, ""distance"": 0, ""direction"": ""self""}]",n/a,Semantic,Concept,0.7,False,,iphone,"[{""tk"": ""iPhone"", ""act"": 16.878387451171875}, {""tk"": ""Apple"", ""act"": 14.257761001586914}, {""tk"": ""is"", ""act"": 0.0}, {""tk"": ""the"", ""act"": 0.0}, {""tk"": ""technology"", ""act"": 0.0}, {""tk"": ""company"", ""act"": 0.0}, {""tk"": ""founder"", ""act"": 0.0}, {""tk"": ""of"", ""act"": 0.0}, {""tk"": ""Steve"", ""act"": 0.0}, {""tk"": ""Jobs"", ""act"": 0.0}, {""tk"": ""who"", ""act"": 0.0}, {""tk"": ""started"", ""act"": 0.0}, {""tk"": ""called"", ""act"": 0.0}, {""tk"": ""established"", ""act"": 0.0}]"
6_32160,6,32160,entity: A famous product is the iPhone, iPhone,8,9.09296989440918,0.875,semantic,"[{""token"": "" iPhone"", ""index"": 8, ""distance"": 0, ""direction"": ""self""}]",n/a,Semantic,Concept,0.7,False,,iphone,"[{""tk"": ""iPhone"", ""act"": 9.09296989440918}, {""tk"": ""Apple"", ""act"": 8.404762268066406}, {""tk"": ""company"", ""act"": 3.5738229751586914}, {""tk"": ""technology"", ""act"": 2.721566677093506}, {""tk"": ""is"", ""act"": 0.0}, {""tk"": ""the"", ""act"": 0.0}, {""tk"": ""founder"", ""act"": 0.0}, {""tk"": ""of"", ""act"": 0.0}, {""tk"": ""Steve"", ""act"": 0.0}, {""tk"": ""Jobs"", ""act"": 0.0}, {""tk"": ""who"", ""act"": 0.0}, {""tk"": ""started"", ""act"": 0.0}, {""tk"": ""called"", ""act"": 0.0}, {""tk"": ""established"", ""act"": 0.0}]"
6_5981,6,5981,entity: A famous product is the iPhone,entity,1,0.0,0.0,semantic,"[{""token"": ""entity"", ""index"": 1, ""distance"": 0, ""direction"": ""self""}]",n/a,Relationship,,1.0,False,,(is) related,"[{""tk"": ""is"", ""act"": 0.0}, {""tk"": ""the"", ""act"": 0.0}, {""tk"": ""iPhone"", ""act"": 0.0}, {""tk"": ""technology"", ""act"": 0.0}, {""tk"": ""company"", ""act"": 0.0}, {""tk"": ""Apple"", ""act"": 0.0}, {""tk"": ""founder"", ""act"": 0.0}, {""tk"": ""of"", ""act"": 0.0}, {""tk"": ""Steve"", ""act"": 0.0}, {""tk"": ""Jobs"", ""act"": 0.0}, {""tk"": ""who"", ""act"": 0.0}, {""tk"": ""started"", ""act"": 0.0}, {""tk"": ""called"", ""act"": 0.0}, {""tk"": ""established"", ""act"": 0.0}]"
6_16539,6,16539,entity: A famous product is the iPhone,entity,1,0.0,0.0,semantic,"[{""token"": ""entity"", ""index"": 1, ""distance"": 0, ""direction"": ""self""}]",n/a,Semantic,Concept,0.7,False,,founder,"[{""tk"": ""founder"", ""act"": 7.115179061889648}, {""tk"": ""established"", ""act"": 5.883291244506836}, {""tk"": ""is"", ""act"": 5.590049743652344}, {""tk"": ""started"", ""act"": 4.993588447570801}, {""tk"": ""of"", ""act"": 4.755459785461426}, {""tk"": ""company"", ""act"": 3.195023775100708}, {""tk"": ""the"", ""act"": 0.0}, {""tk"": ""iPhone"", ""act"": 0.0}, {""tk"": ""technology"", ""act"": 0.0}, {""tk"": ""Apple"", ""act"": 0.0}, {""tk"": ""Steve"", ""act"": 0.0}, {""tk"": ""Jobs"", ""act"": 0.0}, {""tk"": ""who"", ""act"": 0.0}, {""tk"": ""called"", ""act"": 0.0}]"
6_24069,6,24069,entity: A famous product is the iPhone,entity,1,0.0,0.0,semantic,"[{""token"": ""entity"", ""index"": 1, ""distance"": 0, ""direction"": ""self""}]",n/a,Relationship,,1.0,False,,(is) related,"[{""tk"": ""is"", ""act"": 0.0}, {""tk"": ""the"", ""act"": 0.0}, {""tk"": ""iPhone"", ""act"": 0.0}, {""tk"": ""technology"", ""act"": 0.0}, {""tk"": ""company"", ""act"": 0.0}, {""tk"": ""Apple"", ""act"": 0.0}, {""tk"": ""founder"", ""act"": 0.0}, {""tk"": ""of"", ""act"": 0.0}, {""tk"": ""Steve"", ""act"": 0.0}, {""tk"": ""Jobs"", ""act"": 0.0}, {""tk"": ""who"", ""act"": 0.0}, {""tk"": ""started"", ""act"": 0.0}, {""tk"": ""called"", ""act"": 0.0}, {""tk"": ""established"", ""act"": 0.0}]"
6_62464,6,62464,entity: A famous product is the iPhone,entity,1,0.0,0.0,semantic,"[{""token"": ""entity"", ""index"": 1, ""distance"": 0, ""direction"": ""self""}]",n/a,Semantic,Ambiguous,0.3,True,"Ambiguous: peak_cons=0.20, n_peaks=1, func_vs_sem=100.0%, layer=6",is,"[{""tk"": ""is"", ""act"": 0.027451038360595703}, {""tk"": ""the"", ""act"": 0.0}, {""tk"": ""iPhone"", ""act"": 0.0}, {""tk"": ""technology"", ""act"": 0.0}, {""tk"": ""company"", ""act"": 0.0}, {""tk"": ""Apple"", ""act"": 0.0}, {""tk"": ""founder"", ""act"": 0.0}, {""tk"": ""of"", ""act"": 0.0}, {""tk"": ""Steve"", ""act"": 0.0}, {""tk"": ""Jobs"", ""act"": 0.0}, {""tk"": ""who"", ""act"": 0.0}, {""tk"": ""started"", ""act"": 0.0}, {""tk"": ""called"", ""act"": 0.0}, {""tk"": ""established"", ""act"": 0.0}]"
7_66851,7,66851,entity: A famous product is the iPhone, product,5,41.313602447509766,0.1727938226498652,semantic,"[{""token"": "" product"", ""index"": 5, ""distance"": 0, ""direction"": ""self""}]",n/a,Relationship,,1.0,False,,(The) related,"[{""tk"": ""The"", ""act"": 49.6574592590332}, {""tk"": ""technology"", ""act"": 42.79720687866211}, {""tk"": ""founder"", ""act"": 42.7050895690918}, {""tk"": ""started"", ""act"": 40.24308776855469}, {""tk"": ""of"", ""act"": 37.997066497802734}, {""tk"": ""Jobs"", ""act"": 36.86534118652344}, {""tk"": ""company"", ""act"": 32.645748138427734}, {""tk"": ""is"", ""act"": 32.06440353393555}, {""tk"": ""Apple"", ""act"": 31.23112678527832}, {""tk"": ""called"", ""act"": 31.141996383666992}, {""tk"": ""established"", ""act"": 29.129192352294922}, {""tk"": ""iPhone"", ""act"": 26.690139770507812}, {""tk"": ""who"", ""act"": 25.22102928161621}, {""tk"": ""Steve"", ""act"": 21.973251342773438}]"
7_93139,7,93139,entity: A famous product is the iPhone, iPhone,8,18.84098052978516,0.875,semantic,"[{""token"": "" iPhone"", ""index"": 8, ""distance"": 0, ""direction"": ""self""}]",n/a,Semantic,Concept,0.7,False,,Apple,"[{""tk"": ""Apple"", ""act"": 46.836097717285156}, {""tk"": ""iPhone"", ""act"": 18.840980529785156}, {""tk"": ""Jobs"", ""act"": 16.64583396911621}, {""tk"": ""is"", ""act"": 0.43924927711486816}, {""tk"": ""the"", ""act"": 0.0}, {""tk"": ""technology"", ""act"": 0.0}, {""tk"": ""company"", ""act"": 0.0}, {""tk"": ""founder"", ""act"": 0.0}, {""tk"": ""of"", ""act"": 0.0}, {""tk"": ""Steve"", ""act"": 0.0}, {""tk"": ""who"", ""act"": 0.0}, {""tk"": ""started"", ""act"": 0.0}, {""tk"": ""called"", ""act"": 0.0}, {""tk"": ""established"", ""act"": 0.0}]"
7_16578,7,16578,entity: A famous product is the iPhone,entity,1,0.0,0.0,semantic,"[{""token"": ""entity"", ""index"": 1, ""distance"": 0, ""direction"": ""self""}]",n/a,"Say ""X""",,1.0,False,,Say (Steve),"[{""tk"": ""is"", ""act"": 0.22064924240112305}, {""tk"": ""the"", ""act"": 0.0}, {""tk"": ""iPhone"", ""act"": 0.0}, {""tk"": ""technology"", ""act"": 0.0}, {""tk"": ""company"", ""act"": 0.0}, {""tk"": ""Apple"", ""act"": 0.0}, {""tk"": ""founder"", ""act"": 0.0}, {""tk"": ""of"", ""act"": 0.0}, {""tk"": ""Steve"", ""act"": 0.0}, {""tk"": ""Jobs"", ""act"": 0.0}, {""tk"": ""who"", ""act"": 0.0}, {""tk"": ""started"", ""act"": 0.0}, {""tk"": ""called"", ""act"": 0.0}, {""tk"": ""established"", ""act"": 0.0}]"
7_2079,7,2079,entity: A famous product is the iPhone,entity,1,0.0,0.0,semantic,"[{""token"": ""entity"", ""index"": 1, ""distance"": 0, ""direction"": ""self""}]",n/a,Semantic,Concept,0.7021985009678795,False,,founder,"[{""tk"": ""founder"", ""act"": 16.959388732910156}, {""tk"": ""company"", ""act"": 13.919597625732422}, {""tk"": ""is"", ""act"": 11.908857345581055}, {""tk"": ""Steve"", ""act"": 8.737485885620117}, {""tk"": ""the"", ""act"": 8.54307746887207}, {""tk"": ""Apple"", ""act"": 4.928235054016113}, {""tk"": ""Jobs"", ""act"": 3.651355504989624}, {""tk"": ""called"", ""act"": 1.868877649307251}, {""tk"": ""of"", ""act"": 1.3174381256103516}, {""tk"": ""iPhone"", ""act"": 0.0}, {""tk"": ""technology"", ""act"": 0.0}, {""tk"": ""who"", ""act"": 0.0}, {""tk"": ""started"", ""act"": 0.0}, {""tk"": ""established"", ""act"": 0.0}]"
7_3975,7,3975,entity: A famous product is the iPhone,entity,1,0.0,0.0,semantic,"[{""token"": ""entity"", ""index"": 1, ""distance"": 0, ""direction"": ""self""}]",n/a,"Say ""X""",,1.0,False,,Say (called),"[{""tk"": ""is"", ""act"": 0.6776852607727051}, {""tk"": ""the"", ""act"": 0.0}, {""tk"": ""iPhone"", ""act"": 0.0}, {""tk"": ""technology"", ""act"": 0.0}, {""tk"": ""company"", ""act"": 0.0}, {""tk"": ""Apple"", ""act"": 0.0}, {""tk"": ""founder"", ""act"": 0.0}, {""tk"": ""of"", ""act"": 0.0}, {""tk"": ""Steve"", ""act"": 0.0}, {""tk"": ""Jobs"", ""act"": 0.0}, {""tk"": ""who"", ""act"": 0.0}, {""tk"": ""started"", ""act"": 0.0}, {""tk"": ""called"", ""act"": 0.0}, {""tk"": ""established"", ""act"": 0.0}]"
7_11873,7,11873,entity: A famous product is the iPhone,entity,1,0.0,0.0,semantic,"[{""token"": ""entity"", ""index"": 1, ""distance"": 0, ""direction"": ""self""}]",n/a,"Say ""X""",,1.0,False,,Say (Steve),"[{""tk"": ""is"", ""act"": 22.19942855834961}, {""tk"": ""Apple"", ""act"": 0.6409783363342285}, {""tk"": ""the"", ""act"": 0.0}, {""tk"": ""iPhone"", ""act"": 0.0}, {""tk"": ""technology"", ""act"": 0.0}, {""tk"": ""company"", ""act"": 0.0}, {""tk"": ""founder"", ""act"": 0.0}, {""tk"": ""of"", ""act"": 0.0}, {""tk"": ""Steve"", ""act"": 0.0}, {""tk"": ""Jobs"", ""act"": 0.0}, {""tk"": ""who"", ""act"": 0.0}, {""tk"": ""started"", ""act"": 0.0}, {""tk"": ""called"", ""act"": 0.0}, {""tk"": ""established"", ""act"": 0.0}]"
7_19995,7,19995,entity: A famous product is the iPhone,entity,1,0.0,0.0,semantic,"[{""token"": ""entity"", ""index"": 1, ""distance"": 0, ""direction"": ""self""}]",n/a,Relationship,,1.0,False,,(is) related,"[{""tk"": ""is"", ""act"": 0.0}, {""tk"": ""the"", ""act"": 0.0}, {""tk"": ""iPhone"", ""act"": 0.0}, {""tk"": ""technology"", ""act"": 0.0}, {""tk"": ""company"", ""act"": 0.0}, {""tk"": ""Apple"", ""act"": 0.0}, {""tk"": ""founder"", ""act"": 0.0}, {""tk"": ""of"", ""act"": 0.0}, {""tk"": ""Steve"", ""act"": 0.0}, {""tk"": ""Jobs"", ""act"": 0.0}, {""tk"": ""who"", ""act"": 0.0}, {""tk"": ""started"", ""act"": 0.0}, {""tk"": ""called"", ""act"": 0.0}, {""tk"": ""established"", ""act"": 0.0}]"
7_33532,7,33532,entity: A famous product is the iPhone,entity,1,0.0,0.0,semantic,"[{""token"": ""entity"", ""index"": 1, ""distance"": 0, ""direction"": ""self""}]",n/a,"Say ""X""",,1.0,False,,Say (Steve),"[{""tk"": ""is"", ""act"": 11.828958511352539}, {""tk"": ""Steve"", ""act"": 1.8266286849975586}, {""tk"": ""company"", ""act"": 0.6913690567016602}, {""tk"": ""the"", ""act"": 0.0}, {""tk"": ""iPhone"", ""act"": 0.0}, {""tk"": ""technology"", ""act"": 0.0}, {""tk"": ""Apple"", ""act"": 0.0}, {""tk"": ""founder"", ""act"": 0.0}, {""tk"": ""of"", ""act"": 0.0}, {""tk"": ""Jobs"", ""act"": 0.0}, {""tk"": ""who"", ""act"": 0.0}, {""tk"": ""started"", ""act"": 0.0}, {""tk"": ""called"", ""act"": 0.0}, {""tk"": ""established"", ""act"": 0.0}]"
7_70719,7,70719,entity: A famous product is the iPhone,entity,1,0.0,0.0,semantic,"[{""token"": ""entity"", ""index"": 1, ""distance"": 0, ""direction"": ""self""}]",n/a,"Say ""X""",,1.0,False,,Say (Steve),"[{""tk"": ""is"", ""act"": 3.7739624977111816}, {""tk"": ""Steve"", ""act"": 2.748950481414795}, {""tk"": ""the"", ""act"": 0.0}, {""tk"": ""iPhone"", ""act"": 0.0}, {""tk"": ""technology"", ""act"": 0.0}, {""tk"": ""company"", ""act"": 0.0}, {""tk"": ""Apple"", ""act"": 0.0}, {""tk"": ""founder"", ""act"": 0.0}, {""tk"": ""of"", ""act"": 0.0}, {""tk"": ""Jobs"", ""act"": 0.0}, {""tk"": ""who"", ""act"": 0.0}, {""tk"": ""started"", ""act"": 0.0}, {""tk"": ""called"", ""act"": 0.0}, {""tk"": ""established"", ""act"": 0.0}]"
8_37691,8,37691,entity: A famous product is the iPhone, iPhone,8,40.64215850830078,0.476575813539072,semantic,"[{""token"": "" iPhone"", ""index"": 8, ""distance"": 0, ""direction"": ""self""}]",n/a,Semantic,Concept,0.7,False,,Apple,"[{""tk"": ""Apple"", ""act"": 50.39360809326172}, {""tk"": ""technology"", ""act"": 42.32038497924805}, {""tk"": ""iPhone"", ""act"": 40.64215850830078}, {""tk"": ""Jobs"", ""act"": 39.74195861816406}, {""tk"": ""company"", ""act"": 29.09471893310547}, {""tk"": ""is"", ""act"": 24.91400718688965}, {""tk"": ""of"", ""act"": 20.2155818939209}, {""tk"": ""founder"", ""act"": 19.808534622192383}, {""tk"": ""The"", ""act"": 17.78764533996582}, {""tk"": ""started"", ""act"": 15.96922492980957}, {""tk"": ""Steve"", ""act"": 14.52833366394043}, {""tk"": ""who"", ""act"": 13.755594253540039}, {""tk"": ""called"", ""act"": 2.6217615604400635}, {""tk"": ""established"", ""act"": 1.7261515855789185}]"
8_45733,8,45733,entity: A famous product is the iPhone, iPhone,8,16.869352340698242,0.869360336129114,semantic,"[{""token"": "" iPhone"", ""index"": 8, ""distance"": 0, ""direction"": ""self""}]",n/a,Semantic,Concept,0.7,False,,iphone,"[{""tk"": ""iPhone"", ""act"": 16.869352340698242}, {""tk"": ""Apple"", ""act"": 3.071747064590454}, {""tk"": ""is"", ""act"": 0.5286533832550049}, {""tk"": ""the"", ""act"": 0.0}, {""tk"": ""technology"", ""act"": 0.0}, {""tk"": ""company"", ""act"": 0.0}, {""tk"": ""founder"", ""act"": 0.0}, {""tk"": ""of"", ""act"": 0.0}, {""tk"": ""Steve"", ""act"": 0.0}, {""tk"": ""Jobs"", ""act"": 0.0}, {""tk"": ""who"", ""act"": 0.0}, {""tk"": ""started"", ""act"": 0.0}, {""tk"": ""called"", ""act"": 0.0}, {""tk"": ""established"", ""act"": 0.0}]"
8_91305,8,91305,entity: A famous product is the iPhone, iPhone,8,2.5748400688171387,0.875,semantic,"[{""token"": "" iPhone"", ""index"": 8, ""distance"": 0, ""direction"": ""self""}]",n/a,Semantic,Dictionary,1.0,False,,iphone,"[{""tk"": ""iPhone"", ""act"": 2.5748400688171387}, {""tk"": ""is"", ""act"": 0.0}, {""tk"": ""the"", ""act"": 0.0}, {""tk"": ""technology"", ""act"": 0.0}, {""tk"": ""company"", ""act"": 0.0}, {""tk"": ""Apple"", ""act"": 0.0}, {""tk"": ""founder"", ""act"": 0.0}, {""tk"": ""of"", ""act"": 0.0}, {""tk"": ""Steve"", ""act"": 0.0}, {""tk"": ""Jobs"", ""act"": 0.0}, {""tk"": ""who"", ""act"": 0.0}, {""tk"": ""started"", ""act"": 0.0}, {""tk"": ""called"", ""act"": 0.0}, {""tk"": ""established"", ""act"": 0.0}]"
8_6898,8,6898,entity: A famous product is the iPhone,entity,1,0.0,0.0,semantic,"[{""token"": ""entity"", ""index"": 1, ""distance"": 0, ""direction"": ""self""}]",n/a,Semantic,Dictionary,1.0,False,,Jobs,"[{""tk"": ""Jobs"", ""act"": 31.87445068359375}, {""tk"": ""is"", ""act"": 19.704254150390625}, {""tk"": ""Steve"", ""act"": 19.04952621459961}, {""tk"": ""the"", ""act"": 0.0}, {""tk"": ""iPhone"", ""act"": 0.0}, {""tk"": ""technology"", ""act"": 0.0}, {""tk"": ""company"", ""act"": 0.0}, {""tk"": ""Apple"", ""act"": 0.0}, {""tk"": ""founder"", ""act"": 0.0}, {""tk"": ""of"", ""act"": 0.0}, {""tk"": ""who"", ""act"": 0.0}, {""tk"": ""started"", ""act"": 0.0}, {""tk"": ""called"", ""act"": 0.0}, {""tk"": ""established"", ""act"": 0.0}]"
8_14420,8,14420,entity: A famous product is the iPhone,entity,1,0.0,0.0,semantic,"[{""token"": ""entity"", ""index"": 1, ""distance"": 0, ""direction"": ""self""}]",n/a,"Say ""X""",,1.0,False,,Say (called),"[{""tk"": ""is"", ""act"": 0.29546642303466797}, {""tk"": ""the"", ""act"": 0.0}, {""tk"": ""iPhone"", ""act"": 0.0}, {""tk"": ""technology"", ""act"": 0.0}, {""tk"": ""company"", ""act"": 0.0}, {""tk"": ""Apple"", ""act"": 0.0}, {""tk"": ""founder"", ""act"": 0.0}, {""tk"": ""of"", ""act"": 0.0}, {""tk"": ""Steve"", ""act"": 0.0}, {""tk"": ""Jobs"", ""act"": 0.0}, {""tk"": ""who"", ""act"": 0.0}, {""tk"": ""started"", ""act"": 0.0}, {""tk"": ""called"", ""act"": 0.0}, {""tk"": ""established"", ""act"": 0.0}]"
8_25440,8,25440,entity: A famous product is the iPhone,entity,1,0.0,0.0,semantic,"[{""token"": ""entity"", ""index"": 1, ""distance"": 0, ""direction"": ""self""}]",n/a,"Say ""X""",,1.0,False,,Say (Steve),"[{""tk"": ""is"", ""act"": 11.09250545501709}, {""tk"": ""the"", ""act"": 0.0}, {""tk"": ""iPhone"", ""act"": 0.0}, {""tk"": ""technology"", ""act"": 0.0}, {""tk"": ""company"", ""act"": 0.0}, {""tk"": ""Apple"", ""act"": 0.0}, {""tk"": ""founder"", ""act"": 0.0}, {""tk"": ""of"", ""act"": 0.0}, {""tk"": ""Steve"", ""act"": 0.0}, {""tk"": ""Jobs"", ""act"": 0.0}, {""tk"": ""who"", ""act"": 0.0}, {""tk"": ""started"", ""act"": 0.0}, {""tk"": ""called"", ""act"": 0.0}, {""tk"": ""established"", ""act"": 0.0}]"
8_27661,8,27661,entity: A famous product is the iPhone,entity,1,0.0,0.0,semantic,"[{""token"": ""entity"", ""index"": 1, ""distance"": 0, ""direction"": ""self""}]",n/a,"Say ""X""",,1.0,False,,Say (Steve),"[{""tk"": ""is"", ""act"": 6.962493419647217}, {""tk"": ""the"", ""act"": 0.0}, {""tk"": ""iPhone"", ""act"": 0.0}, {""tk"": ""technology"", ""act"": 0.0}, {""tk"": ""company"", ""act"": 0.0}, {""tk"": ""Apple"", ""act"": 0.0}, {""tk"": ""founder"", ""act"": 0.0}, {""tk"": ""of"", ""act"": 0.0}, {""tk"": ""Steve"", ""act"": 0.0}, {""tk"": ""Jobs"", ""act"": 0.0}, {""tk"": ""who"", ""act"": 0.0}, {""tk"": ""started"", ""act"": 0.0}, {""tk"": ""called"", ""act"": 0.0}, {""tk"": ""established"", ""act"": 0.0}]"
8_60437,8,60437,entity: A famous product is the iPhone,entity,1,0.0,0.0,semantic,"[{""token"": ""entity"", ""index"": 1, ""distance"": 0, ""direction"": ""self""}]",n/a,"Say ""X""",,1.0,False,,Say (Steve),"[{""tk"": ""is"", ""act"": 3.4731979370117188}, {""tk"": ""the"", ""act"": 0.0}, {""tk"": ""iPhone"", ""act"": 0.0}, {""tk"": ""technology"", ""act"": 0.0}, {""tk"": ""company"", ""act"": 0.0}, {""tk"": ""Apple"", ""act"": 0.0}, {""tk"": ""founder"", ""act"": 0.0}, {""tk"": ""of"", ""act"": 0.0}, {""tk"": ""Steve"", ""act"": 0.0}, {""tk"": ""Jobs"", ""act"": 0.0}, {""tk"": ""who"", ""act"": 0.0}, {""tk"": ""started"", ""act"": 0.0}, {""tk"": ""called"", ""act"": 0.0}, {""tk"": ""established"", ""act"": 0.0}]"
9_12344,9,12344,entity: A famous product is the iPhone,entity,1,0.0,0.0,semantic,"[{""token"": ""entity"", ""index"": 1, ""distance"": 0, ""direction"": ""self""}]",n/a,"Say ""X""",,1.0,False,,Say (Steve),"[{""tk"": ""is"", ""act"": 13.435708045959473}, {""tk"": ""founder"", ""act"": 9.268843650817871}, {""tk"": ""of"", ""act"": 8.137393951416016}, {""tk"": ""the"", ""act"": 3.502883195877075}, {""tk"": ""started"", ""act"": 2.638355016708374}, {""tk"": ""Steve"", ""act"": 1.7567155361175537}, {""tk"": ""company"", ""act"": 0.9922618865966797}, {""tk"": ""iPhone"", ""act"": 0.0}, {""tk"": ""technology"", ""act"": 0.0}, {""tk"": ""Apple"", ""act"": 0.0}, {""tk"": ""Jobs"", ""act"": 0.0}, {""tk"": ""who"", ""act"": 0.0}, {""tk"": ""called"", ""act"": 0.0}, {""tk"": ""established"", ""act"": 0.0}]"
9_29156,9,29156,entity: A famous product is the iPhone,entity,1,0.0,0.0,semantic,"[{""token"": ""entity"", ""index"": 1, ""distance"": 0, ""direction"": ""self""}]",n/a,Relationship,,1.0,False,,(is) related,"[{""tk"": ""is"", ""act"": 0.0}, {""tk"": ""the"", ""act"": 0.0}, {""tk"": ""iPhone"", ""act"": 0.0}, {""tk"": ""technology"", ""act"": 0.0}, {""tk"": ""company"", ""act"": 0.0}, {""tk"": ""Apple"", ""act"": 0.0}, {""tk"": ""founder"", ""act"": 0.0}, {""tk"": ""of"", ""act"": 0.0}, {""tk"": ""Steve"", ""act"": 0.0}, {""tk"": ""Jobs"", ""act"": 0.0}, {""tk"": ""who"", ""act"": 0.0}, {""tk"": ""started"", ""act"": 0.0}, {""tk"": ""called"", ""act"": 0.0}, {""tk"": ""established"", ""act"": 0.0}]"
9_36706,9,36706,entity: A famous product is the iPhone,entity,1,0.0,0.0,semantic,"[{""token"": ""entity"", ""index"": 1, ""distance"": 0, ""direction"": ""self""}]",n/a,"Say ""X""",,1.0,False,,Say (Steve),"[{""tk"": ""is"", ""act"": 4.144506454467773}, {""tk"": ""the"", ""act"": 0.0}, {""tk"": ""iPhone"", ""act"": 0.0}, {""tk"": ""technology"", ""act"": 0.0}, {""tk"": ""company"", ""act"": 0.0}, {""tk"": ""Apple"", ""act"": 0.0}, {""tk"": ""founder"", ""act"": 0.0}, {""tk"": ""of"", ""act"": 0.0}, {""tk"": ""Steve"", ""act"": 0.0}, {""tk"": ""Jobs"", ""act"": 0.0}, {""tk"": ""who"", ""act"": 0.0}, {""tk"": ""started"", ""act"": 0.0}, {""tk"": ""called"", ""act"": 0.0}, {""tk"": ""established"", ""act"": 0.0}]"
9_58272,9,58272,entity: A famous product is the iPhone,entity,1,0.0,0.0,semantic,"[{""token"": ""entity"", ""index"": 1, ""distance"": 0, ""direction"": ""self""}]",n/a,Semantic,Concept,0.7,False,,founder,"[{""tk"": ""is"", ""act"": 11.63260269165039}, {""tk"": ""founder"", ""act"": 5.879386901855469}, {""tk"": ""of"", ""act"": 4.1122894287109375}, {""tk"": ""the"", ""act"": 0.0}, {""tk"": ""iPhone"", ""act"": 0.0}, {""tk"": ""technology"", ""act"": 0.0}, {""tk"": ""company"", ""act"": 0.0}, {""tk"": ""Apple"", ""act"": 0.0}, {""tk"": ""Steve"", ""act"": 0.0}, {""tk"": ""Jobs"", ""act"": 0.0}, {""tk"": ""who"", ""act"": 0.0}, {""tk"": ""started"", ""act"": 0.0}, {""tk"": ""called"", ""act"": 0.0}, {""tk"": ""established"", ""act"": 0.0}]"
10_46143,10,46143,entity: A famous product is the iPhone,entity,1,0.0,0.0,semantic,"[{""token"": ""entity"", ""index"": 1, ""distance"": 0, ""direction"": ""self""}]",n/a,Relationship,,1.0,False,,(is) related,"[{""tk"": ""is"", ""act"": 0.0}, {""tk"": ""the"", ""act"": 0.0}, {""tk"": ""iPhone"", ""act"": 0.0}, {""tk"": ""technology"", ""act"": 0.0}, {""tk"": ""company"", ""act"": 0.0}, {""tk"": ""Apple"", ""act"": 0.0}, {""tk"": ""founder"", ""act"": 0.0}, {""tk"": ""of"", ""act"": 0.0}, {""tk"": ""Steve"", ""act"": 0.0}, {""tk"": ""Jobs"", ""act"": 0.0}, {""tk"": ""who"", ""act"": 0.0}, {""tk"": ""started"", ""act"": 0.0}, {""tk"": ""called"", ""act"": 0.0}, {""tk"": ""established"", ""act"": 0.0}]"
10_95564,10,95564,entity: A famous product is the iPhone,entity,1,0.0,0.0,semantic,"[{""token"": ""entity"", ""index"": 1, ""distance"": 0, ""direction"": ""self""}]",n/a,"Say ""X""",,1.0,False,,Say (called),"[{""tk"": ""is"", ""act"": 5.736569404602051}, {""tk"": ""the"", ""act"": 0.0}, {""tk"": ""iPhone"", ""act"": 0.0}, {""tk"": ""technology"", ""act"": 0.0}, {""tk"": ""company"", ""act"": 0.0}, {""tk"": ""Apple"", ""act"": 0.0}, {""tk"": ""founder"", ""act"": 0.0}, {""tk"": ""of"", ""act"": 0.0}, {""tk"": ""Steve"", ""act"": 0.0}, {""tk"": ""Jobs"", ""act"": 0.0}, {""tk"": ""who"", ""act"": 0.0}, {""tk"": ""started"", ""act"": 0.0}, {""tk"": ""called"", ""act"": 0.0}, {""tk"": ""established"", ""act"": 0.0}]"
11_50131,11,50131,entity: A famous product is the iPhone, iPhone,8,29.902135848999023,0.5833412986560021,semantic,"[{""token"": "" iPhone"", ""index"": 8, ""distance"": 0, ""direction"": ""self""}]",n/a,Semantic,Concept,0.7,False,,Apple,"[{""tk"": ""Apple"", ""act"": 42.86566925048828}, {""tk"": ""Steve"", ""act"": 35.6882438659668}, {""tk"": ""company"", ""act"": 34.74782943725586}, {""tk"": ""iPhone"", ""act"": 29.902135848999023}, {""tk"": ""is"", ""act"": 28.8629207611084}, {""tk"": ""founder"", ""act"": 25.31222915649414}, {""tk"": ""technology"", ""act"": 25.055871963500977}, {""tk"": ""who"", ""act"": 23.43047523498535}, {""tk"": ""Jobs"", ""act"": 22.037641525268555}, {""tk"": ""of"", ""act"": 18.848554611206055}, {""tk"": ""established"", ""act"": 18.09630012512207}, {""tk"": ""the"", ""act"": 12.746837615966797}, {""tk"": ""called"", ""act"": 4.862068176269531}, {""tk"": ""started"", ""act"": 2.9497878551483154}]"
11_4461,11,4461,entity: A famous product is the iPhone,entity,1,0.0,0.0,semantic,"[{""token"": ""entity"", ""index"": 1, ""distance"": 0, ""direction"": ""self""}]",n/a,Semantic,Concept,0.7,False,,company,"[{""tk"": ""company"", ""act"": 6.21978759765625}, {""tk"": ""is"", ""act"": 0.0}, {""tk"": ""the"", ""act"": 0.0}, {""tk"": ""iPhone"", ""act"": 0.0}, {""tk"": ""technology"", ""act"": 0.0}, {""tk"": ""Apple"", ""act"": 0.0}, {""tk"": ""founder"", ""act"": 0.0}, {""tk"": ""of"", ""act"": 0.0}, {""tk"": ""Steve"", ""act"": 0.0}, {""tk"": ""Jobs"", ""act"": 0.0}, {""tk"": ""who"", ""act"": 0.0}, {""tk"": ""started"", ""act"": 0.0}, {""tk"": ""called"", ""act"": 0.0}, {""tk"": ""established"", ""act"": 0.0}]"
11_9574,11,9574,entity: A famous product is the iPhone,entity,1,0.0,0.0,semantic,"[{""token"": ""entity"", ""index"": 1, ""distance"": 0, ""direction"": ""self""}]",n/a,"Say ""X""",,1.0,False,,Say (called),"[{""tk"": ""is"", ""act"": 3.108989715576172}, {""tk"": ""the"", ""act"": 0.0}, {""tk"": ""iPhone"", ""act"": 0.0}, {""tk"": ""technology"", ""act"": 0.0}, {""tk"": ""company"", ""act"": 0.0}, {""tk"": ""Apple"", ""act"": 0.0}, {""tk"": ""founder"", ""act"": 0.0}, {""tk"": ""of"", ""act"": 0.0}, {""tk"": ""Steve"", ""act"": 0.0}, {""tk"": ""Jobs"", ""act"": 0.0}, {""tk"": ""who"", ""act"": 0.0}, {""tk"": ""started"", ""act"": 0.0}, {""tk"": ""called"", ""act"": 0.0}, {""tk"": ""established"", ""act"": 0.0}]"
11_70100,11,70100,entity: A famous product is the iPhone,entity,1,0.0,0.0,semantic,"[{""token"": ""entity"", ""index"": 1, ""distance"": 0, ""direction"": ""self""}]",n/a,Relationship,,1.0,False,,(is) related,"[{""tk"": ""is"", ""act"": 0.0}, {""tk"": ""the"", ""act"": 0.0}, {""tk"": ""iPhone"", ""act"": 0.0}, {""tk"": ""technology"", ""act"": 0.0}, {""tk"": ""company"", ""act"": 0.0}, {""tk"": ""Apple"", ""act"": 0.0}, {""tk"": ""founder"", ""act"": 0.0}, {""tk"": ""of"", ""act"": 0.0}, {""tk"": ""Steve"", ""act"": 0.0}, {""tk"": ""Jobs"", ""act"": 0.0}, {""tk"": ""who"", ""act"": 0.0}, {""tk"": ""started"", ""act"": 0.0}, {""tk"": ""called"", ""act"": 0.0}, {""tk"": ""established"", ""act"": 0.0}]"
12_5914,12,5914,entity: A famous product is the iPhone,entity,1,0.0,0.0,semantic,"[{""token"": ""entity"", ""index"": 1, ""distance"": 0, ""direction"": ""self""}]",n/a,Relationship,,1.0,False,,(is) related,"[{""tk"": ""is"", ""act"": 0.0}, {""tk"": ""the"", ""act"": 0.0}, {""tk"": ""iPhone"", ""act"": 0.0}, {""tk"": ""technology"", ""act"": 0.0}, {""tk"": ""company"", ""act"": 0.0}, {""tk"": ""Apple"", ""act"": 0.0}, {""tk"": ""founder"", ""act"": 0.0}, {""tk"": ""of"", ""act"": 0.0}, {""tk"": ""Steve"", ""act"": 0.0}, {""tk"": ""Jobs"", ""act"": 0.0}, {""tk"": ""who"", ""act"": 0.0}, {""tk"": ""started"", ""act"": 0.0}, {""tk"": ""called"", ""act"": 0.0}, {""tk"": ""established"", ""act"": 0.0}]"
13_14404,13,14404,entity: A famous product is the iPhone, iPhone,8,26.76209259033203,0.875,semantic,"[{""token"": "" iPhone"", ""index"": 8, ""distance"": 0, ""direction"": ""self""}]",n/a,Semantic,Concept,0.7,False,,iphone,"[{""tk"": ""iPhone"", ""act"": 26.76209259033203}, {""tk"": ""Apple"", ""act"": 20.19862937927246}, {""tk"": ""is"", ""act"": 0.0}, {""tk"": ""the"", ""act"": 0.0}, {""tk"": ""technology"", ""act"": 0.0}, {""tk"": ""company"", ""act"": 0.0}, {""tk"": ""founder"", ""act"": 0.0}, {""tk"": ""of"", ""act"": 0.0}, {""tk"": ""Steve"", ""act"": 0.0}, {""tk"": ""Jobs"", ""act"": 0.0}, {""tk"": ""who"", ""act"": 0.0}, {""tk"": ""started"", ""act"": 0.0}, {""tk"": ""called"", ""act"": 0.0}, {""tk"": ""established"", ""act"": 0.0}]"
13_50639,13,50639,entity: A famous product is the iPhone,entity,1,0.0,0.0,semantic,"[{""token"": ""entity"", ""index"": 1, ""distance"": 0, ""direction"": ""self""}]",n/a,"Say ""X""",,1.0,False,,Say (Steve),"[{""tk"": ""is"", ""act"": 6.498532295227051}, {""tk"": ""the"", ""act"": 0.0}, {""tk"": ""iPhone"", ""act"": 0.0}, {""tk"": ""technology"", ""act"": 0.0}, {""tk"": ""company"", ""act"": 0.0}, {""tk"": ""Apple"", ""act"": 0.0}, {""tk"": ""founder"", ""act"": 0.0}, {""tk"": ""of"", ""act"": 0.0}, {""tk"": ""Steve"", ""act"": 0.0}, {""tk"": ""Jobs"", ""act"": 0.0}, {""tk"": ""who"", ""act"": 0.0}, {""tk"": ""started"", ""act"": 0.0}, {""tk"": ""called"", ""act"": 0.0}, {""tk"": ""established"", ""act"": 0.0}]"
14_48493,14,48493,entity: A famous product is the iPhone,entity,1,0.0,0.0,semantic,"[{""token"": ""entity"", ""index"": 1, ""distance"": 0, ""direction"": ""self""}]",n/a,Relationship,,1.0,False,,(is) related,"[{""tk"": ""is"", ""act"": 0.0}, {""tk"": ""the"", ""act"": 0.0}, {""tk"": ""iPhone"", ""act"": 0.0}, {""tk"": ""technology"", ""act"": 0.0}, {""tk"": ""company"", ""act"": 0.0}, {""tk"": ""Apple"", ""act"": 0.0}, {""tk"": ""founder"", ""act"": 0.0}, {""tk"": ""of"", ""act"": 0.0}, {""tk"": ""Steve"", ""act"": 0.0}, {""tk"": ""Jobs"", ""act"": 0.0}, {""tk"": ""who"", ""act"": 0.0}, {""tk"": ""started"", ""act"": 0.0}, {""tk"": ""called"", ""act"": 0.0}, {""tk"": ""established"", ""act"": 0.0}]"
15_2576,15,2576,entity: A famous product is the iPhone,entity,1,0.0,0.0,semantic,"[{""token"": ""entity"", ""index"": 1, ""distance"": 0, ""direction"": ""self""}]",n/a,Relationship,,1.0,False,,(is) related,"[{""tk"": ""is"", ""act"": 0.0}, {""tk"": ""the"", ""act"": 0.0}, {""tk"": ""iPhone"", ""act"": 0.0}, {""tk"": ""technology"", ""act"": 0.0}, {""tk"": ""company"", ""act"": 0.0}, {""tk"": ""Apple"", ""act"": 0.0}, {""tk"": ""founder"", ""act"": 0.0}, {""tk"": ""of"", ""act"": 0.0}, {""tk"": ""Steve"", ""act"": 0.0}, {""tk"": ""Jobs"", ""act"": 0.0}, {""tk"": ""who"", ""act"": 0.0}, {""tk"": ""started"", ""act"": 0.0}, {""tk"": ""called"", ""act"": 0.0}, {""tk"": ""established"", ""act"": 0.0}]"
15_10570,15,10570,entity: A famous product is the iPhone,entity,1,0.0,0.0,semantic,"[{""token"": ""entity"", ""index"": 1, ""distance"": 0, ""direction"": ""self""}]",n/a,"Say ""X""",,1.0,False,,Say (Steve),"[{""tk"": ""is"", ""act"": 2.233883857727051}, {""tk"": ""the"", ""act"": 0.0}, {""tk"": ""iPhone"", ""act"": 0.0}, {""tk"": ""technology"", ""act"": 0.0}, {""tk"": ""company"", ""act"": 0.0}, {""tk"": ""Apple"", ""act"": 0.0}, {""tk"": ""founder"", ""act"": 0.0}, {""tk"": ""of"", ""act"": 0.0}, {""tk"": ""Steve"", ""act"": 0.0}, {""tk"": ""Jobs"", ""act"": 0.0}, {""tk"": ""who"", ""act"": 0.0}, {""tk"": ""started"", ""act"": 0.0}, {""tk"": ""called"", ""act"": 0.0}, {""tk"": ""established"", ""act"": 0.0}]"
15_60736,15,60736,entity: A famous product is the iPhone,entity,1,0.0,0.0,semantic,"[{""token"": ""entity"", ""index"": 1, ""distance"": 0, ""direction"": ""self""}]",n/a,Relationship,,1.0,False,,(is) related,"[{""tk"": ""is"", ""act"": 0.0}, {""tk"": ""the"", ""act"": 0.0}, {""tk"": ""iPhone"", ""act"": 0.0}, {""tk"": ""technology"", ""act"": 0.0}, {""tk"": ""company"", ""act"": 0.0}, {""tk"": ""Apple"", ""act"": 0.0}, {""tk"": ""founder"", ""act"": 0.0}, {""tk"": ""of"", ""act"": 0.0}, {""tk"": ""Steve"", ""act"": 0.0}, {""tk"": ""Jobs"", ""act"": 0.0}, {""tk"": ""who"", ""act"": 0.0}, {""tk"": ""started"", ""act"": 0.0}, {""tk"": ""called"", ""act"": 0.0}, {""tk"": ""established"", ""act"": 0.0}]"
15_68530,15,68530,entity: A famous product is the iPhone,entity,1,0.0,0.0,semantic,"[{""token"": ""entity"", ""index"": 1, ""distance"": 0, ""direction"": ""self""}]",n/a,"Say ""X""",,1.0,False,,Say (Steve),"[{""tk"": ""is"", ""act"": 9.829694747924805}, {""tk"": ""Steve"", ""act"": 3.0780301094055176}, {""tk"": ""the"", ""act"": 0.0}, {""tk"": ""iPhone"", ""act"": 0.0}, {""tk"": ""technology"", ""act"": 0.0}, {""tk"": ""company"", ""act"": 0.0}, {""tk"": ""Apple"", ""act"": 0.0}, {""tk"": ""founder"", ""act"": 0.0}, {""tk"": ""of"", ""act"": 0.0}, {""tk"": ""Jobs"", ""act"": 0.0}, {""tk"": ""who"", ""act"": 0.0}, {""tk"": ""started"", ""act"": 0.0}, {""tk"": ""called"", ""act"": 0.0}, {""tk"": ""established"", ""act"": 0.0}]"
15_84142,15,84142,entity: A famous product is the iPhone,entity,1,0.0,0.0,semantic,"[{""token"": ""entity"", ""index"": 1, ""distance"": 0, ""direction"": ""self""}]",n/a,Relationship,,1.0,False,,(is) related,"[{""tk"": ""is"", ""act"": 0.0}, {""tk"": ""the"", ""act"": 0.0}, {""tk"": ""iPhone"", ""act"": 0.0}, {""tk"": ""technology"", ""act"": 0.0}, {""tk"": ""company"", ""act"": 0.0}, {""tk"": ""Apple"", ""act"": 0.0}, {""tk"": ""founder"", ""act"": 0.0}, {""tk"": ""of"", ""act"": 0.0}, {""tk"": ""Steve"", ""act"": 0.0}, {""tk"": ""Jobs"", ""act"": 0.0}, {""tk"": ""who"", ""act"": 0.0}, {""tk"": ""started"", ""act"": 0.0}, {""tk"": ""called"", ""act"": 0.0}, {""tk"": ""established"", ""act"": 0.0}]"
16_83969,16,83969,entity: A famous product is the iPhone, iPhone,8,21.878177642822266,0.8608865149855289,semantic,"[{""token"": "" iPhone"", ""index"": 8, ""distance"": 0, ""direction"": ""self""}]",n/a,Semantic,Concept,0.7,False,,iphone,"[{""tk"": ""iPhone"", ""act"": 21.878177642822266}, {""tk"": ""Apple"", ""act"": 16.727567672729492}, {""tk"": ""is"", ""act"": 12.604499816894531}, {""tk"": ""Steve"", ""act"": 2.620940685272217}, {""tk"": ""the"", ""act"": 2.4702186584472656}, {""tk"": ""technology"", ""act"": 0.0}, {""tk"": ""company"", ""act"": 0.0}, {""tk"": ""founder"", ""act"": 0.0}, {""tk"": ""of"", ""act"": 0.0}, {""tk"": ""Jobs"", ""act"": 0.0}, {""tk"": ""who"", ""act"": 0.0}, {""tk"": ""started"", ""act"": 0.0}, {""tk"": ""called"", ""act"": 0.0}, {""tk"": ""established"", ""act"": 0.0}]"
16_6418,16,6418,entity: A famous product is the iPhone,entity,1,0.0,0.0,semantic,"[{""token"": ""entity"", ""index"": 1, ""distance"": 0, ""direction"": ""self""}]",n/a,"Say ""X""",,1.0,False,,Say (founder),"[{""tk"": ""the"", ""act"": 28.591772079467773}, {""tk"": ""called"", ""act"": 24.349594116210938}, {""tk"": ""is"", ""act"": 21.090768814086914}, {""tk"": ""company"", ""act"": 12.138047218322754}, {""tk"": ""founder"", ""act"": 7.059747695922852}, {""tk"": ""iPhone"", ""act"": 0.0}, {""tk"": ""technology"", ""act"": 0.0}, {""tk"": ""Apple"", ""act"": 0.0}, {""tk"": ""of"", ""act"": 0.0}, {""tk"": ""Steve"", ""act"": 0.0}, {""tk"": ""Jobs"", ""act"": 0.0}, {""tk"": ""who"", ""act"": 0.0}, {""tk"": ""started"", ""act"": 0.0}, {""tk"": ""established"", ""act"": 0.0}]"
16_45093,16,45093,entity: A famous product is the iPhone,entity,1,0.0,0.0,semantic,"[{""token"": ""entity"", ""index"": 1, ""distance"": 0, ""direction"": ""self""}]",n/a,Relationship,,1.0,False,,(is) related,"[{""tk"": ""is"", ""act"": 0.0}, {""tk"": ""the"", ""act"": 0.0}, {""tk"": ""iPhone"", ""act"": 0.0}, {""tk"": ""technology"", ""act"": 0.0}, {""tk"": ""company"", ""act"": 0.0}, {""tk"": ""Apple"", ""act"": 0.0}, {""tk"": ""founder"", ""act"": 0.0}, {""tk"": ""of"", ""act"": 0.0}, {""tk"": ""Steve"", ""act"": 0.0}, {""tk"": ""Jobs"", ""act"": 0.0}, {""tk"": ""who"", ""act"": 0.0}, {""tk"": ""started"", ""act"": 0.0}, {""tk"": ""called"", ""act"": 0.0}, {""tk"": ""established"", ""act"": 0.0}]"
16_47358,16,47358,entity: A famous product is the iPhone,entity,1,0.0,0.0,semantic,"[{""token"": ""entity"", ""index"": 1, ""distance"": 0, ""direction"": ""self""}]",n/a,Semantic,Concept,0.5,False,,called,"[{""tk"": ""is"", ""act"": 28.910015106201172}, {""tk"": ""Apple"", ""act"": 19.838096618652344}, {""tk"": ""called"", ""act"": 12.649178504943848}, {""tk"": ""the"", ""act"": 12.119336128234863}, {""tk"": ""Steve"", ""act"": 10.320988655090332}, {""tk"": ""Jobs"", ""act"": 0.8038663864135742}, {""tk"": ""iPhone"", ""act"": 0.0}, {""tk"": ""technology"", ""act"": 0.0}, {""tk"": ""company"", ""act"": 0.0}, {""tk"": ""founder"", ""act"": 0.0}, {""tk"": ""of"", ""act"": 0.0}, {""tk"": ""who"", ""act"": 0.0}, {""tk"": ""started"", ""act"": 0.0}, {""tk"": ""established"", ""act"": 0.0}]"
16_49171,16,49171,entity: A famous product is the iPhone,entity,1,0.0,0.0,semantic,"[{""token"": ""entity"", ""index"": 1, ""distance"": 0, ""direction"": ""self""}]",n/a,Relationship,,1.0,False,,(is) related,"[{""tk"": ""is"", ""act"": 0.0}, {""tk"": ""the"", ""act"": 0.0}, {""tk"": ""iPhone"", ""act"": 0.0}, {""tk"": ""technology"", ""act"": 0.0}, {""tk"": ""company"", ""act"": 0.0}, {""tk"": ""Apple"", ""act"": 0.0}, {""tk"": ""founder"", ""act"": 0.0}, {""tk"": ""of"", ""act"": 0.0}, {""tk"": ""Steve"", ""act"": 0.0}, {""tk"": ""Jobs"", ""act"": 0.0}, {""tk"": ""who"", ""act"": 0.0}, {""tk"": ""started"", ""act"": 0.0}, {""tk"": ""called"", ""act"": 0.0}, {""tk"": ""established"", ""act"": 0.0}]"
16_59763,16,59763,entity: A famous product is the iPhone,entity,1,0.0,0.0,semantic,"[{""token"": ""entity"", ""index"": 1, ""distance"": 0, ""direction"": ""self""}]",n/a,"Say ""X""",,1.0,False,,Say (Steve),"[{""tk"": ""is"", ""act"": 9.955143928527832}, {""tk"": ""the"", ""act"": 0.0}, {""tk"": ""iPhone"", ""act"": 0.0}, {""tk"": ""technology"", ""act"": 0.0}, {""tk"": ""company"", ""act"": 0.0}, {""tk"": ""Apple"", ""act"": 0.0}, {""tk"": ""founder"", ""act"": 0.0}, {""tk"": ""of"", ""act"": 0.0}, {""tk"": ""Steve"", ""act"": 0.0}, {""tk"": ""Jobs"", ""act"": 0.0}, {""tk"": ""who"", ""act"": 0.0}, {""tk"": ""started"", ""act"": 0.0}, {""tk"": ""called"", ""act"": 0.0}, {""tk"": ""established"", ""act"": 0.0}]"
16_62641,16,62641,entity: A famous product is the iPhone,entity,1,0.0,0.0,semantic,"[{""token"": ""entity"", ""index"": 1, ""distance"": 0, ""direction"": ""self""}]",n/a,Relationship,,1.0,False,,(is) related,"[{""tk"": ""is"", ""act"": 0.0}, {""tk"": ""the"", ""act"": 0.0}, {""tk"": ""iPhone"", ""act"": 0.0}, {""tk"": ""technology"", ""act"": 0.0}, {""tk"": ""company"", ""act"": 0.0}, {""tk"": ""Apple"", ""act"": 0.0}, {""tk"": ""founder"", ""act"": 0.0}, {""tk"": ""of"", ""act"": 0.0}, {""tk"": ""Steve"", ""act"": 0.0}, {""tk"": ""Jobs"", ""act"": 0.0}, {""tk"": ""who"", ""act"": 0.0}, {""tk"": ""started"", ""act"": 0.0}, {""tk"": ""called"", ""act"": 0.0}, {""tk"": ""established"", ""act"": 0.0}]"
16_71228,16,71228,entity: A famous product is the iPhone,entity,1,0.0,0.0,semantic,"[{""token"": ""entity"", ""index"": 1, ""distance"": 0, ""direction"": ""self""}]",n/a,"Say ""X""",,1.0,False,,Say (Apple),"[{""tk"": ""is"", ""act"": 7.649389743804932}, {""tk"": ""technology"", ""act"": 7.600085735321045}, {""tk"": ""the"", ""act"": 4.7744832038879395}, {""tk"": ""called"", ""act"": 2.8876395225524902}, {""tk"": ""founder"", ""act"": 1.6726727485656738}, {""tk"": ""iPhone"", ""act"": 0.0}, {""tk"": ""company"", ""act"": 0.0}, {""tk"": ""Apple"", ""act"": 0.0}, {""tk"": ""of"", ""act"": 0.0}, {""tk"": ""Steve"", ""act"": 0.0}, {""tk"": ""Jobs"", ""act"": 0.0}, {""tk"": ""who"", ""act"": 0.0}, {""tk"": ""started"", ""act"": 0.0}, {""tk"": ""established"", ""act"": 0.0}]"
16_73155,16,73155,entity: A famous product is the iPhone,entity,1,0.0,0.0,semantic,"[{""token"": ""entity"", ""index"": 1, ""distance"": 0, ""direction"": ""self""}]",n/a,Relationship,,1.0,False,,(is) related,"[{""tk"": ""is"", ""act"": 0.0}, {""tk"": ""the"", ""act"": 0.0}, {""tk"": ""iPhone"", ""act"": 0.0}, {""tk"": ""technology"", ""act"": 0.0}, {""tk"": ""company"", ""act"": 0.0}, {""tk"": ""Apple"", ""act"": 0.0}, {""tk"": ""founder"", ""act"": 0.0}, {""tk"": ""of"", ""act"": 0.0}, {""tk"": ""Steve"", ""act"": 0.0}, {""tk"": ""Jobs"", ""act"": 0.0}, {""tk"": ""who"", ""act"": 0.0}, {""tk"": ""started"", ""act"": 0.0}, {""tk"": ""called"", ""act"": 0.0}, {""tk"": ""established"", ""act"": 0.0}]"
16_83757,16,83757,entity: A famous product is the iPhone,entity,1,0.0,0.0,semantic,"[{""token"": ""entity"", ""index"": 1, ""distance"": 0, ""direction"": ""self""}]",n/a,"Say ""X""",,1.0,False,,Say (Steve),"[{""tk"": ""is"", ""act"": 6.296390056610107}, {""tk"": ""the"", ""act"": 0.0}, {""tk"": ""iPhone"", ""act"": 0.0}, {""tk"": ""technology"", ""act"": 0.0}, {""tk"": ""company"", ""act"": 0.0}, {""tk"": ""Apple"", ""act"": 0.0}, {""tk"": ""founder"", ""act"": 0.0}, {""tk"": ""of"", ""act"": 0.0}, {""tk"": ""Steve"", ""act"": 0.0}, {""tk"": ""Jobs"", ""act"": 0.0}, {""tk"": ""who"", ""act"": 0.0}, {""tk"": ""started"", ""act"": 0.0}, {""tk"": ""called"", ""act"": 0.0}, {""tk"": ""established"", ""act"": 0.0}]"
17_7609,17,7609,entity: A famous product is the iPhone,entity,1,0.0,0.0,semantic,"[{""token"": ""entity"", ""index"": 1, ""distance"": 0, ""direction"": ""self""}]",n/a,"Say ""X""",,1.0,False,,Say (Steve),"[{""tk"": ""is"", ""act"": 21.694923400878906}, {""tk"": ""the"", ""act"": 0.0}, {""tk"": ""iPhone"", ""act"": 0.0}, {""tk"": ""technology"", ""act"": 0.0}, {""tk"": ""company"", ""act"": 0.0}, {""tk"": ""Apple"", ""act"": 0.0}, {""tk"": ""founder"", ""act"": 0.0}, {""tk"": ""of"", ""act"": 0.0}, {""tk"": ""Steve"", ""act"": 0.0}, {""tk"": ""Jobs"", ""act"": 0.0}, {""tk"": ""who"", ""act"": 0.0}, {""tk"": ""started"", ""act"": 0.0}, {""tk"": ""called"", ""act"": 0.0}, {""tk"": ""established"", ""act"": 0.0}]"
17_26364,17,26364,entity: A famous product is the iPhone,entity,1,0.0,0.0,semantic,"[{""token"": ""entity"", ""index"": 1, ""distance"": 0, ""direction"": ""self""}]",n/a,"Say ""X""",,1.0,False,,Say (Steve),"[{""tk"": ""is"", ""act"": 17.194828033447266}, {""tk"": ""Apple"", ""act"": 6.905239105224609}, {""tk"": ""the"", ""act"": 0.0}, {""tk"": ""iPhone"", ""act"": 0.0}, {""tk"": ""technology"", ""act"": 0.0}, {""tk"": ""company"", ""act"": 0.0}, {""tk"": ""founder"", ""act"": 0.0}, {""tk"": ""of"", ""act"": 0.0}, {""tk"": ""Steve"", ""act"": 0.0}, {""tk"": ""Jobs"", ""act"": 0.0}, {""tk"": ""who"", ""act"": 0.0}, {""tk"": ""started"", ""act"": 0.0}, {""tk"": ""called"", ""act"": 0.0}, {""tk"": ""established"", ""act"": 0.0}]"
17_63557,17,63557,entity: A famous product is the iPhone,entity,1,0.0,0.0,semantic,"[{""token"": ""entity"", ""index"": 1, ""distance"": 0, ""direction"": ""self""}]",n/a,"Say ""X""",,1.0,False,,Say (Steve),"[{""tk"": ""is"", ""act"": 31.50575828552246}, {""tk"": ""Apple"", ""act"": 6.035430908203125}, {""tk"": ""the"", ""act"": 0.0}, {""tk"": ""iPhone"", ""act"": 0.0}, {""tk"": ""technology"", ""act"": 0.0}, {""tk"": ""company"", ""act"": 0.0}, {""tk"": ""founder"", ""act"": 0.0}, {""tk"": ""of"", ""act"": 0.0}, {""tk"": ""Steve"", ""act"": 0.0}, {""tk"": ""Jobs"", ""act"": 0.0}, {""tk"": ""who"", ""act"": 0.0}, {""tk"": ""started"", ""act"": 0.0}, {""tk"": ""called"", ""act"": 0.0}, {""tk"": ""established"", ""act"": 0.0}]"
18_8654,18,8654,entity: A famous product is the iPhone, iPhone,8,33.774173736572266,0.875,semantic,"[{""token"": "" iPhone"", ""index"": 8, ""distance"": 0, ""direction"": ""self""}]",n/a,Semantic,Concept,0.7,False,,iphone,"[{""tk"": ""iPhone"", ""act"": 33.774173736572266}, {""tk"": ""Apple"", ""act"": 24.499181747436523}, {""tk"": ""is"", ""act"": 22.238235473632812}, {""tk"": ""Steve"", ""act"": 15.52254867553711}, {""tk"": ""the"", ""act"": 0.0}, {""tk"": ""technology"", ""act"": 0.0}, {""tk"": ""company"", ""act"": 0.0}, {""tk"": ""founder"", ""act"": 0.0}, {""tk"": ""of"", ""act"": 0.0}, {""tk"": ""Jobs"", ""act"": 0.0}, {""tk"": ""who"", ""act"": 0.0}, {""tk"": ""started"", ""act"": 0.0}, {""tk"": ""called"", ""act"": 0.0}, {""tk"": ""established"", ""act"": 0.0}]"
18_12598,18,12598,entity: A famous product is the iPhone, iPhone,8,28.66970443725586,0.875,semantic,"[{""token"": "" iPhone"", ""index"": 8, ""distance"": 0, ""direction"": ""self""}]",n/a,Semantic,Concept,0.7258062960427178,False,,Apple,"[{""tk"": ""is"", ""act"": 48.25050354003906}, {""tk"": ""Apple"", ""act"": 41.0167236328125}, {""tk"": ""Steve"", ""act"": 38.064613342285156}, {""tk"": ""iPhone"", ""act"": 28.66970443725586}, {""tk"": ""Jobs"", ""act"": 11.661492347717285}, {""tk"": ""the"", ""act"": 0.0}, {""tk"": ""technology"", ""act"": 0.0}, {""tk"": ""company"", ""act"": 0.0}, {""tk"": ""founder"", ""act"": 0.0}, {""tk"": ""of"", ""act"": 0.0}, {""tk"": ""who"", ""act"": 0.0}, {""tk"": ""started"", ""act"": 0.0}, {""tk"": ""called"", ""act"": 0.0}, {""tk"": ""established"", ""act"": 0.0}]"
18_13087,18,13087,entity: A famous product is the iPhone,entity,1,0.0,0.0,semantic,"[{""token"": ""entity"", ""index"": 1, ""distance"": 0, ""direction"": ""self""}]",n/a,"Say ""X""",,1.0,False,,Say (Steve),"[{""tk"": ""is"", ""act"": 19.087020874023438}, {""tk"": ""Apple"", ""act"": 3.1269655227661133}, {""tk"": ""the"", ""act"": 0.0}, {""tk"": ""iPhone"", ""act"": 0.0}, {""tk"": ""technology"", ""act"": 0.0}, {""tk"": ""company"", ""act"": 0.0}, {""tk"": ""founder"", ""act"": 0.0}, {""tk"": ""of"", ""act"": 0.0}, {""tk"": ""Steve"", ""act"": 0.0}, {""tk"": ""Jobs"", ""act"": 0.0}, {""tk"": ""who"", ""act"": 0.0}, {""tk"": ""started"", ""act"": 0.0}, {""tk"": ""called"", ""act"": 0.0}, {""tk"": ""established"", ""act"": 0.0}]"
18_32240,18,32240,entity: A famous product is the iPhone,entity,1,0.0,0.0,semantic,"[{""token"": ""entity"", ""index"": 1, ""distance"": 0, ""direction"": ""self""}]",n/a,Semantic,Concept,0.7,False,,company,"[{""tk"": ""company"", ""act"": 24.703628540039062}, {""tk"": ""is"", ""act"": 0.0}, {""tk"": ""the"", ""act"": 0.0}, {""tk"": ""iPhone"", ""act"": 0.0}, {""tk"": ""technology"", ""act"": 0.0}, {""tk"": ""Apple"", ""act"": 0.0}, {""tk"": ""founder"", ""act"": 0.0}, {""tk"": ""of"", ""act"": 0.0}, {""tk"": ""Steve"", ""act"": 0.0}, {""tk"": ""Jobs"", ""act"": 0.0}, {""tk"": ""who"", ""act"": 0.0}, {""tk"": ""started"", ""act"": 0.0}, {""tk"": ""called"", ""act"": 0.0}, {""tk"": ""established"", ""act"": 0.0}]"
18_80625,18,80625,entity: A famous product is the iPhone,entity,1,0.0,0.0,semantic,"[{""token"": ""entity"", ""index"": 1, ""distance"": 0, ""direction"": ""self""}]",n/a,Relationship,,1.0,False,,(is) related,"[{""tk"": ""is"", ""act"": 0.0}, {""tk"": ""the"", ""act"": 0.0}, {""tk"": ""iPhone"", ""act"": 0.0}, {""tk"": ""technology"", ""act"": 0.0}, {""tk"": ""company"", ""act"": 0.0}, {""tk"": ""Apple"", ""act"": 0.0}, {""tk"": ""founder"", ""act"": 0.0}, {""tk"": ""of"", ""act"": 0.0}, {""tk"": ""Steve"", ""act"": 0.0}, {""tk"": ""Jobs"", ""act"": 0.0}, {""tk"": ""who"", ""act"": 0.0}, {""tk"": ""started"", ""act"": 0.0}, {""tk"": ""called"", ""act"": 0.0}, {""tk"": ""established"", ""act"": 0.0}]"
19_80360,19,80360,entity: A famous product is the iPhone, iPhone,8,36.54338455200195,0.875,semantic,"[{""token"": "" iPhone"", ""index"": 8, ""distance"": 0, ""direction"": ""self""}]",n/a,Semantic,Dictionary,1.0,False,,iphone,"[{""tk"": ""iPhone"", ""act"": 36.54338455200195}, {""tk"": ""is"", ""act"": 0.0}, {""tk"": ""the"", ""act"": 0.0}, {""tk"": ""technology"", ""act"": 0.0}, {""tk"": ""company"", ""act"": 0.0}, {""tk"": ""Apple"", ""act"": 0.0}, {""tk"": ""founder"", ""act"": 0.0}, {""tk"": ""of"", ""act"": 0.0}, {""tk"": ""Steve"", ""act"": 0.0}, {""tk"": ""Jobs"", ""act"": 0.0}, {""tk"": ""who"", ""act"": 0.0}, {""tk"": ""started"", ""act"": 0.0}, {""tk"": ""called"", ""act"": 0.0}, {""tk"": ""established"", ""act"": 0.0}]"
19_46054,19,46054,entity: A famous product is the iPhone,entity,1,0.0,0.0,semantic,"[{""token"": ""entity"", ""index"": 1, ""distance"": 0, ""direction"": ""self""}]",n/a,Relationship,,1.0,False,,(is) related,"[{""tk"": ""is"", ""act"": 0.0}, {""tk"": ""the"", ""act"": 0.0}, {""tk"": ""iPhone"", ""act"": 0.0}, {""tk"": ""technology"", ""act"": 0.0}, {""tk"": ""company"", ""act"": 0.0}, {""tk"": ""Apple"", ""act"": 0.0}, {""tk"": ""founder"", ""act"": 0.0}, {""tk"": ""of"", ""act"": 0.0}, {""tk"": ""Steve"", ""act"": 0.0}, {""tk"": ""Jobs"", ""act"": 0.0}, {""tk"": ""who"", ""act"": 0.0}, {""tk"": ""started"", ""act"": 0.0}, {""tk"": ""called"", ""act"": 0.0}, {""tk"": ""established"", ""act"": 0.0}]"
19_4971,19,4971,entity: A famous product is the iPhone,entity,1,0.0,0.0,semantic,"[{""token"": ""entity"", ""index"": 1, ""distance"": 0, ""direction"": ""self""}]",n/a,"Say ""X""",,1.0,False,,Say (founder),"[{""tk"": ""the"", ""act"": 27.69141960144043}, {""tk"": ""called"", ""act"": 21.956043243408203}, {""tk"": ""is"", ""act"": 15.361166954040527}, {""tk"": ""founder"", ""act"": 13.689627647399902}, {""tk"": ""Jobs"", ""act"": 0.07552623748779297}, {""tk"": ""iPhone"", ""act"": 0.0}, {""tk"": ""technology"", ""act"": 0.0}, {""tk"": ""company"", ""act"": 0.0}, {""tk"": ""Apple"", ""act"": 0.0}, {""tk"": ""of"", ""act"": 0.0}, {""tk"": ""Steve"", ""act"": 0.0}, {""tk"": ""who"", ""act"": 0.0}, {""tk"": ""started"", ""act"": 0.0}, {""tk"": ""established"", ""act"": 0.0}]"
19_9922,19,9922,entity: A famous product is the iPhone,entity,1,0.0,0.0,semantic,"[{""token"": ""entity"", ""index"": 1, ""distance"": 0, ""direction"": ""self""}]",n/a,Relationship,,1.0,False,,(is) related,"[{""tk"": ""is"", ""act"": 0.0}, {""tk"": ""the"", ""act"": 0.0}, {""tk"": ""iPhone"", ""act"": 0.0}, {""tk"": ""technology"", ""act"": 0.0}, {""tk"": ""company"", ""act"": 0.0}, {""tk"": ""Apple"", ""act"": 0.0}, {""tk"": ""founder"", ""act"": 0.0}, {""tk"": ""of"", ""act"": 0.0}, {""tk"": ""Steve"", ""act"": 0.0}, {""tk"": ""Jobs"", ""act"": 0.0}, {""tk"": ""who"", ""act"": 0.0}, {""tk"": ""started"", ""act"": 0.0}, {""tk"": ""called"", ""act"": 0.0}, {""tk"": ""established"", ""act"": 0.0}]"
19_16402,19,16402,entity: A famous product is the iPhone,entity,1,0.0,0.0,semantic,"[{""token"": ""entity"", ""index"": 1, ""distance"": 0, ""direction"": ""self""}]",n/a,Semantic,Concept,0.7,False,,Apple,"[{""tk"": ""Apple"", ""act"": 16.021486282348633}, {""tk"": ""is"", ""act"": 14.374685287475586}, {""tk"": ""Steve"", ""act"": 12.850915908813477}, {""tk"": ""technology"", ""act"": 4.547060966491699}, {""tk"": ""company"", ""act"": 2.788982391357422}, {""tk"": ""started"", ""act"": 2.372182846069336}, {""tk"": ""the"", ""act"": 0.0}, {""tk"": ""iPhone"", ""act"": 0.0}, {""tk"": ""founder"", ""act"": 0.0}, {""tk"": ""of"", ""act"": 0.0}, {""tk"": ""Jobs"", ""act"": 0.0}, {""tk"": ""who"", ""act"": 0.0}, {""tk"": ""called"", ""act"": 0.0}, {""tk"": ""established"", ""act"": 0.0}]"
19_72684,19,72684,entity: A famous product is the iPhone,entity,1,0.0,0.0,semantic,"[{""token"": ""entity"", ""index"": 1, ""distance"": 0, ""direction"": ""self""}]",n/a,Semantic,Dictionary,1.0,False,,Steve,"[{""tk"": ""Steve"", ""act"": 46.7109375}, {""tk"": ""is"", ""act"": 39.66258239746094}, {""tk"": ""Apple"", ""act"": 11.21017074584961}, {""tk"": ""Jobs"", ""act"": 2.215528964996338}, {""tk"": ""the"", ""act"": 0.0}, {""tk"": ""iPhone"", ""act"": 0.0}, {""tk"": ""technology"", ""act"": 0.0}, {""tk"": ""company"", ""act"": 0.0}, {""tk"": ""founder"", ""act"": 0.0}, {""tk"": ""of"", ""act"": 0.0}, {""tk"": ""who"", ""act"": 0.0}, {""tk"": ""started"", ""act"": 0.0}, {""tk"": ""called"", ""act"": 0.0}, {""tk"": ""established"", ""act"": 0.0}]"
19_93684,19,93684,entity: A famous product is the iPhone,entity,1,0.0,0.0,semantic,"[{""token"": ""entity"", ""index"": 1, ""distance"": 0, ""direction"": ""self""}]",n/a,"Say ""X""",,1.0,False,,Say (Steve),"[{""tk"": ""is"", ""act"": 9.75384521484375}, {""tk"": ""Apple"", ""act"": 8.901876449584961}, {""tk"": ""Jobs"", ""act"": 0.8906574249267578}, {""tk"": ""the"", ""act"": 0.0}, {""tk"": ""iPhone"", ""act"": 0.0}, {""tk"": ""technology"", ""act"": 0.0}, {""tk"": ""company"", ""act"": 0.0}, {""tk"": ""founder"", ""act"": 0.0}, {""tk"": ""of"", ""act"": 0.0}, {""tk"": ""Steve"", ""act"": 0.0}, {""tk"": ""who"", ""act"": 0.0}, {""tk"": ""started"", ""act"": 0.0}, {""tk"": ""called"", ""act"": 0.0}, {""tk"": ""established"", ""act"": 0.0}]"
20_23306,20,23306,entity: A famous product is the iPhone,entity,1,0.0,0.0,semantic,"[{""token"": ""entity"", ""index"": 1, ""distance"": 0, ""direction"": ""self""}]",n/a,"Say ""X""",,1.0,False,,Say (Steve),"[{""tk"": ""is"", ""act"": 19.553627014160156}, {""tk"": ""Apple"", ""act"": 1.0233337879180908}, {""tk"": ""the"", ""act"": 0.0}, {""tk"": ""iPhone"", ""act"": 0.0}, {""tk"": ""technology"", ""act"": 0.0}, {""tk"": ""company"", ""act"": 0.0}, {""tk"": ""founder"", ""act"": 0.0}, {""tk"": ""of"", ""act"": 0.0}, {""tk"": ""Steve"", ""act"": 0.0}, {""tk"": ""Jobs"", ""act"": 0.0}, {""tk"": ""who"", ""act"": 0.0}, {""tk"": ""started"", ""act"": 0.0}, {""tk"": ""called"", ""act"": 0.0}, {""tk"": ""established"", ""act"": 0.0}]"
20_51510,20,51510,entity: A famous product is the iPhone,entity,1,0.0,0.0,semantic,"[{""token"": ""entity"", ""index"": 1, ""distance"": 0, ""direction"": ""self""}]",n/a,"Say ""X""",,1.0,False,,Say (Steve),"[{""tk"": ""is"", ""act"": 14.046775817871094}, {""tk"": ""Steve"", ""act"": 1.7046761512756348}, {""tk"": ""the"", ""act"": 0.0}, {""tk"": ""iPhone"", ""act"": 0.0}, {""tk"": ""technology"", ""act"": 0.0}, {""tk"": ""company"", ""act"": 0.0}, {""tk"": ""Apple"", ""act"": 0.0}, {""tk"": ""founder"", ""act"": 0.0}, {""tk"": ""of"", ""act"": 0.0}, {""tk"": ""Jobs"", ""act"": 0.0}, {""tk"": ""who"", ""act"": 0.0}, {""tk"": ""started"", ""act"": 0.0}, {""tk"": ""called"", ""act"": 0.0}, {""tk"": ""established"", ""act"": 0.0}]"
20_13074,20,13074,entity: A famous product is the iPhone, iPhone,8,4.699283599853516,0.875,semantic,"[{""token"": "" iPhone"", ""index"": 8, ""distance"": 0, ""direction"": ""self""}]",n/a,Semantic,Concept,0.7949928930285114,False,,iphone,"[{""tk"": ""iPhone"", ""act"": 4.699283599853516}, {""tk"": ""is"", ""act"": 3.7358970642089844}, {""tk"": ""the"", ""act"": 0.0}, {""tk"": ""technology"", ""act"": 0.0}, {""tk"": ""company"", ""act"": 0.0}, {""tk"": ""Apple"", ""act"": 0.0}, {""tk"": ""founder"", ""act"": 0.0}, {""tk"": ""of"", ""act"": 0.0}, {""tk"": ""Steve"", ""act"": 0.0}, {""tk"": ""Jobs"", ""act"": 0.0}, {""tk"": ""who"", ""act"": 0.0}, {""tk"": ""started"", ""act"": 0.0}, {""tk"": ""called"", ""act"": 0.0}, {""tk"": ""established"", ""act"": 0.0}]"
20_31449,20,31449,entity: A famous product is the iPhone,entity,1,0.0,0.0,semantic,"[{""token"": ""entity"", ""index"": 1, ""distance"": 0, ""direction"": ""self""}]",n/a,"Say ""X""",,1.0,False,,Say (Steve),"[{""tk"": ""is"", ""act"": 4.13261604309082}, {""tk"": ""the"", ""act"": 0.0}, {""tk"": ""iPhone"", ""act"": 0.0}, {""tk"": ""technology"", ""act"": 0.0}, {""tk"": ""company"", ""act"": 0.0}, {""tk"": ""Apple"", ""act"": 0.0}, {""tk"": ""founder"", ""act"": 0.0}, {""tk"": ""of"", ""act"": 0.0}, {""tk"": ""Steve"", ""act"": 0.0}, {""tk"": ""Jobs"", ""act"": 0.0}, {""tk"": ""who"", ""act"": 0.0}, {""tk"": ""started"", ""act"": 0.0}, {""tk"": ""called"", ""act"": 0.0}, {""tk"": ""established"", ""act"": 0.0}]"
20_42046,20,42046,entity: A famous product is the iPhone,entity,1,0.0,0.0,semantic,"[{""token"": ""entity"", ""index"": 1, ""distance"": 0, ""direction"": ""self""}]",n/a,Semantic,Dictionary,1.0,False,,Steve,"[{""tk"": ""Steve"", ""act"": 23.987308502197266}, {""tk"": ""is"", ""act"": 11.391357421875}, {""tk"": ""Apple"", ""act"": 7.007885932922363}, {""tk"": ""the"", ""act"": 0.0}, {""tk"": ""iPhone"", ""act"": 0.0}, {""tk"": ""technology"", ""act"": 0.0}, {""tk"": ""company"", ""act"": 0.0}, {""tk"": ""founder"", ""act"": 0.0}, {""tk"": ""of"", ""act"": 0.0}, {""tk"": ""Jobs"", ""act"": 0.0}, {""tk"": ""who"", ""act"": 0.0}, {""tk"": ""started"", ""act"": 0.0}, {""tk"": ""called"", ""act"": 0.0}, {""tk"": ""established"", ""act"": 0.0}]"
20_43021,20,43021,entity: A famous product is the iPhone,entity,1,0.0,0.0,semantic,"[{""token"": ""entity"", ""index"": 1, ""distance"": 0, ""direction"": ""self""}]",n/a,"Say ""X""",,1.0,False,,Say (Steve),"[{""tk"": ""is"", ""act"": 17.233726501464844}, {""tk"": ""Apple"", ""act"": 3.005618095397949}, {""tk"": ""the"", ""act"": 0.0}, {""tk"": ""iPhone"", ""act"": 0.0}, {""tk"": ""technology"", ""act"": 0.0}, {""tk"": ""company"", ""act"": 0.0}, {""tk"": ""founder"", ""act"": 0.0}, {""tk"": ""of"", ""act"": 0.0}, {""tk"": ""Steve"", ""act"": 0.0}, {""tk"": ""Jobs"", ""act"": 0.0}, {""tk"": ""who"", ""act"": 0.0}, {""tk"": ""started"", ""act"": 0.0}, {""tk"": ""called"", ""act"": 0.0}, {""tk"": ""established"", ""act"": 0.0}]"
20_47716,20,47716,entity: A famous product is the iPhone,entity,1,0.0,0.0,semantic,"[{""token"": ""entity"", ""index"": 1, ""distance"": 0, ""direction"": ""self""}]",n/a,Relationship,,1.0,False,,(is) related,"[{""tk"": ""is"", ""act"": 0.0}, {""tk"": ""the"", ""act"": 0.0}, {""tk"": ""iPhone"", ""act"": 0.0}, {""tk"": ""technology"", ""act"": 0.0}, {""tk"": ""company"", ""act"": 0.0}, {""tk"": ""Apple"", ""act"": 0.0}, {""tk"": ""founder"", ""act"": 0.0}, {""tk"": ""of"", ""act"": 0.0}, {""tk"": ""Steve"", ""act"": 0.0}, {""tk"": ""Jobs"", ""act"": 0.0}, {""tk"": ""who"", ""act"": 0.0}, {""tk"": ""started"", ""act"": 0.0}, {""tk"": ""called"", ""act"": 0.0}, {""tk"": ""established"", ""act"": 0.0}]"
20_57602,20,57602,entity: A famous product is the iPhone,entity,1,0.0,0.0,semantic,"[{""token"": ""entity"", ""index"": 1, ""distance"": 0, ""direction"": ""self""}]",n/a,Semantic,Dictionary,1.0,False,,Steve,"[{""tk"": ""Steve"", ""act"": 19.095165252685547}, {""tk"": ""is"", ""act"": 15.213094711303711}, {""tk"": ""Apple"", ""act"": 3.0712602138519287}, {""tk"": ""the"", ""act"": 0.0}, {""tk"": ""iPhone"", ""act"": 0.0}, {""tk"": ""technology"", ""act"": 0.0}, {""tk"": ""company"", ""act"": 0.0}, {""tk"": ""founder"", ""act"": 0.0}, {""tk"": ""of"", ""act"": 0.0}, {""tk"": ""Jobs"", ""act"": 0.0}, {""tk"": ""who"", ""act"": 0.0}, {""tk"": ""started"", ""act"": 0.0}, {""tk"": ""called"", ""act"": 0.0}, {""tk"": ""established"", ""act"": 0.0}]"
20_63285,20,63285,entity: A famous product is the iPhone,entity,1,0.0,0.0,semantic,"[{""token"": ""entity"", ""index"": 1, ""distance"": 0, ""direction"": ""self""}]",n/a,Semantic,Dictionary,1.0,False,,Apple,"[{""tk"": ""Apple"", ""act"": 41.258174896240234}, {""tk"": ""is"", ""act"": 35.194068908691406}, {""tk"": ""Steve"", ""act"": 31.91263198852539}, {""tk"": ""the"", ""act"": 0.0}, {""tk"": ""iPhone"", ""act"": 0.0}, {""tk"": ""technology"", ""act"": 0.0}, {""tk"": ""company"", ""act"": 0.0}, {""tk"": ""founder"", ""act"": 0.0}, {""tk"": ""of"", ""act"": 0.0}, {""tk"": ""Jobs"", ""act"": 0.0}, {""tk"": ""who"", ""act"": 0.0}, {""tk"": ""started"", ""act"": 0.0}, {""tk"": ""called"", ""act"": 0.0}, {""tk"": ""established"", ""act"": 0.0}]"
20_74716,20,74716,entity: A famous product is the iPhone,entity,1,0.0,0.0,semantic,"[{""token"": ""entity"", ""index"": 1, ""distance"": 0, ""direction"": ""self""}]",n/a,"Say ""X""",,1.0,False,,Say (Steve),"[{""tk"": ""is"", ""act"": 25.283451080322266}, {""tk"": ""Apple"", ""act"": 17.071884155273438}, {""tk"": ""Steve"", ""act"": 16.503746032714844}, {""tk"": ""the"", ""act"": 0.0}, {""tk"": ""iPhone"", ""act"": 0.0}, {""tk"": ""technology"", ""act"": 0.0}, {""tk"": ""company"", ""act"": 0.0}, {""tk"": ""founder"", ""act"": 0.0}, {""tk"": ""of"", ""act"": 0.0}, {""tk"": ""Jobs"", ""act"": 0.0}, {""tk"": ""who"", ""act"": 0.0}, {""tk"": ""started"", ""act"": 0.0}, {""tk"": ""called"", ""act"": 0.0}, {""tk"": ""established"", ""act"": 0.0}]"
21_13776,21,13776,entity: A famous product is the iPhone, is,6,12.870177268981934,0.875,functional,"[{""token"": "" iPhone"", ""index"": 8, ""distance"": 2, ""direction"": ""forward""}]",json,Semantic,Concept,0.8517820074216358,False,,Apple,"[{""tk"": ""Apple"", ""act"": 15.109707832336426}, {""tk"": ""is"", ""act"": 12.870177268981934}, {""tk"": ""company"", ""act"": 10.632230758666992}, {""tk"": ""the"", ""act"": 0.0}, {""tk"": ""iPhone"", ""act"": 0.0}, {""tk"": ""technology"", ""act"": 0.0}, {""tk"": ""founder"", ""act"": 0.0}, {""tk"": ""of"", ""act"": 0.0}, {""tk"": ""Steve"", ""act"": 0.0}, {""tk"": ""Jobs"", ""act"": 0.0}, {""tk"": ""who"", ""act"": 0.0}, {""tk"": ""started"", ""act"": 0.0}, {""tk"": ""called"", ""act"": 0.0}, {""tk"": ""established"", ""act"": 0.0}]"
21_85860,21,85860,entity: A famous product is the iPhone, iPhone,8,7.410037040710449,0.875,semantic,"[{""token"": "" iPhone"", ""index"": 8, ""distance"": 0, ""direction"": ""self""}]",n/a,Semantic,Concept,0.7,False,,Apple,"[{""tk"": ""Apple"", ""act"": 14.669970512390137}, {""tk"": ""iPhone"", ""act"": 7.410037040710449}, {""tk"": ""is"", ""act"": 0.0}, {""tk"": ""the"", ""act"": 0.0}, {""tk"": ""technology"", ""act"": 0.0}, {""tk"": ""company"", ""act"": 0.0}, {""tk"": ""founder"", ""act"": 0.0}, {""tk"": ""of"", ""act"": 0.0}, {""tk"": ""Steve"", ""act"": 0.0}, {""tk"": ""Jobs"", ""act"": 0.0}, {""tk"": ""who"", ""act"": 0.0}, {""tk"": ""started"", ""act"": 0.0}, {""tk"": ""called"", ""act"": 0.0}, {""tk"": ""established"", ""act"": 0.0}]"
21_32828,21,32828,entity: A famous product is the iPhone,entity,1,0.0,0.0,semantic,"[{""token"": ""entity"", ""index"": 1, ""distance"": 0, ""direction"": ""self""}]",n/a,"Say ""X""",,1.0,False,,Say (Steve),"[{""tk"": ""is"", ""act"": 21.2418155670166}, {""tk"": ""the"", ""act"": 0.0}, {""tk"": ""iPhone"", ""act"": 0.0}, {""tk"": ""technology"", ""act"": 0.0}, {""tk"": ""company"", ""act"": 0.0}, {""tk"": ""Apple"", ""act"": 0.0}, {""tk"": ""founder"", ""act"": 0.0}, {""tk"": ""of"", ""act"": 0.0}, {""tk"": ""Steve"", ""act"": 0.0}, {""tk"": ""Jobs"", ""act"": 0.0}, {""tk"": ""who"", ""act"": 0.0}, {""tk"": ""started"", ""act"": 0.0}, {""tk"": ""called"", ""act"": 0.0}, {""tk"": ""established"", ""act"": 0.0}]"
21_19215,21,19215,entity: A famous product is the iPhone,entity,1,0.0,0.0,semantic,"[{""token"": ""entity"", ""index"": 1, ""distance"": 0, ""direction"": ""self""}]",n/a,Relationship,,1.0,False,,(is) related,"[{""tk"": ""is"", ""act"": 0.0}, {""tk"": ""the"", ""act"": 0.0}, {""tk"": ""iPhone"", ""act"": 0.0}, {""tk"": ""technology"", ""act"": 0.0}, {""tk"": ""company"", ""act"": 0.0}, {""tk"": ""Apple"", ""act"": 0.0}, {""tk"": ""founder"", ""act"": 0.0}, {""tk"": ""of"", ""act"": 0.0}, {""tk"": ""Steve"", ""act"": 0.0}, {""tk"": ""Jobs"", ""act"": 0.0}, {""tk"": ""who"", ""act"": 0.0}, {""tk"": ""started"", ""act"": 0.0}, {""tk"": ""called"", ""act"": 0.0}, {""tk"": ""established"", ""act"": 0.0}]"
21_39908,21,39908,entity: A famous product is the iPhone,entity,1,0.0,0.0,semantic,"[{""token"": ""entity"", ""index"": 1, ""distance"": 0, ""direction"": ""self""}]",n/a,"Say ""X""",,1.0,False,,Say (Steve),"[{""tk"": ""is"", ""act"": 33.599021911621094}, {""tk"": ""Steve"", ""act"": 1.5713090896606445}, {""tk"": ""the"", ""act"": 0.0}, {""tk"": ""iPhone"", ""act"": 0.0}, {""tk"": ""technology"", ""act"": 0.0}, {""tk"": ""company"", ""act"": 0.0}, {""tk"": ""Apple"", ""act"": 0.0}, {""tk"": ""founder"", ""act"": 0.0}, {""tk"": ""of"", ""act"": 0.0}, {""tk"": ""Jobs"", ""act"": 0.0}, {""tk"": ""who"", ""act"": 0.0}, {""tk"": ""started"", ""act"": 0.0}, {""tk"": ""called"", ""act"": 0.0}, {""tk"": ""established"", ""act"": 0.0}]"
21_49378,21,49378,entity: A famous product is the iPhone,entity,1,0.0,0.0,semantic,"[{""token"": ""entity"", ""index"": 1, ""distance"": 0, ""direction"": ""self""}]",n/a,"Say ""X""",,1.0,False,,Say (Steve),"[{""tk"": ""is"", ""act"": 15.311559677124023}, {""tk"": ""the"", ""act"": 0.0}, {""tk"": ""iPhone"", ""act"": 0.0}, {""tk"": ""technology"", ""act"": 0.0}, {""tk"": ""company"", ""act"": 0.0}, {""tk"": ""Apple"", ""act"": 0.0}, {""tk"": ""founder"", ""act"": 0.0}, {""tk"": ""of"", ""act"": 0.0}, {""tk"": ""Steve"", ""act"": 0.0}, {""tk"": ""Jobs"", ""act"": 0.0}, {""tk"": ""who"", ""act"": 0.0}, {""tk"": ""started"", ""act"": 0.0}, {""tk"": ""called"", ""act"": 0.0}, {""tk"": ""established"", ""act"": 0.0}]"
21_64230,21,64230,entity: A famous product is the iPhone,entity,1,0.0,0.0,semantic,"[{""token"": ""entity"", ""index"": 1, ""distance"": 0, ""direction"": ""self""}]",n/a,Relationship,,1.0,False,,(is) related,"[{""tk"": ""is"", ""act"": 0.0}, {""tk"": ""the"", ""act"": 0.0}, {""tk"": ""iPhone"", ""act"": 0.0}, {""tk"": ""technology"", ""act"": 0.0}, {""tk"": ""company"", ""act"": 0.0}, {""tk"": ""Apple"", ""act"": 0.0}, {""tk"": ""founder"", ""act"": 0.0}, {""tk"": ""of"", ""act"": 0.0}, {""tk"": ""Steve"", ""act"": 0.0}, {""tk"": ""Jobs"", ""act"": 0.0}, {""tk"": ""who"", ""act"": 0.0}, {""tk"": ""started"", ""act"": 0.0}, {""tk"": ""called"", ""act"": 0.0}, {""tk"": ""established"", ""act"": 0.0}]"
21_71862,21,71862,entity: A famous product is the iPhone,entity,1,0.0,0.0,semantic,"[{""token"": ""entity"", ""index"": 1, ""distance"": 0, ""direction"": ""self""}]",n/a,"Say ""X""",,1.0,False,,Say (Steve),"[{""tk"": ""is"", ""act"": 3.673218250274658}, {""tk"": ""the"", ""act"": 0.0}, {""tk"": ""iPhone"", ""act"": 0.0}, {""tk"": ""technology"", ""act"": 0.0}, {""tk"": ""company"", ""act"": 0.0}, {""tk"": ""Apple"", ""act"": 0.0}, {""tk"": ""founder"", ""act"": 0.0}, {""tk"": ""of"", ""act"": 0.0}, {""tk"": ""Steve"", ""act"": 0.0}, {""tk"": ""Jobs"", ""act"": 0.0}, {""tk"": ""who"", ""act"": 0.0}, {""tk"": ""started"", ""act"": 0.0}, {""tk"": ""called"", ""act"": 0.0}, {""tk"": ""established"", ""act"": 0.0}]"
21_86750,21,86750,entity: A famous product is the iPhone,entity,1,0.0,0.0,semantic,"[{""token"": ""entity"", ""index"": 1, ""distance"": 0, ""direction"": ""self""}]",n/a,Relationship,,1.0,False,,(is) related,"[{""tk"": ""is"", ""act"": 0.0}, {""tk"": ""the"", ""act"": 0.0}, {""tk"": ""iPhone"", ""act"": 0.0}, {""tk"": ""technology"", ""act"": 0.0}, {""tk"": ""company"", ""act"": 0.0}, {""tk"": ""Apple"", ""act"": 0.0}, {""tk"": ""founder"", ""act"": 0.0}, {""tk"": ""of"", ""act"": 0.0}, {""tk"": ""Steve"", ""act"": 0.0}, {""tk"": ""Jobs"", ""act"": 0.0}, {""tk"": ""who"", ""act"": 0.0}, {""tk"": ""started"", ""act"": 0.0}, {""tk"": ""called"", ""act"": 0.0}, {""tk"": ""established"", ""act"": 0.0}]"
22_94412,22,94412,entity: A famous product is the iPhone,entity,1,0.0,0.0,semantic,"[{""token"": ""entity"", ""index"": 1, ""distance"": 0, ""direction"": ""self""}]",n/a,Semantic,Concept,0.5,False,,Apple,"[{""tk"": ""is"", ""act"": 24.150474548339844}, {""tk"": ""Apple"", ""act"": 12.276620864868164}, {""tk"": ""Steve"", ""act"": 5.13266134262085}, {""tk"": ""the"", ""act"": 0.0}, {""tk"": ""iPhone"", ""act"": 0.0}, {""tk"": ""technology"", ""act"": 0.0}, {""tk"": ""company"", ""act"": 0.0}, {""tk"": ""founder"", ""act"": 0.0}, {""tk"": ""of"", ""act"": 0.0}, {""tk"": ""Jobs"", ""act"": 0.0}, {""tk"": ""who"", ""act"": 0.0}, {""tk"": ""started"", ""act"": 0.0}, {""tk"": ""called"", ""act"": 0.0}, {""tk"": ""established"", ""act"": 0.0}]"
22_24121,22,24121,entity: A famous product is the iPhone,entity,1,0.0,0.0,semantic,"[{""token"": ""entity"", ""index"": 1, ""distance"": 0, ""direction"": ""self""}]",n/a,Semantic,Dictionary,1.0,False,,Steve,"[{""tk"": ""Steve"", ""act"": 17.731365203857422}, {""tk"": ""is"", ""act"": 11.471420288085938}, {""tk"": ""the"", ""act"": 0.0}, {""tk"": ""iPhone"", ""act"": 0.0}, {""tk"": ""technology"", ""act"": 0.0}, {""tk"": ""company"", ""act"": 0.0}, {""tk"": ""Apple"", ""act"": 0.0}, {""tk"": ""founder"", ""act"": 0.0}, {""tk"": ""of"", ""act"": 0.0}, {""tk"": ""Jobs"", ""act"": 0.0}, {""tk"": ""who"", ""act"": 0.0}, {""tk"": ""started"", ""act"": 0.0}, {""tk"": ""called"", ""act"": 0.0}, {""tk"": ""established"", ""act"": 0.0}]"
22_7261,22,7261,entity: A famous product is the iPhone,entity,1,0.0,0.0,semantic,"[{""token"": ""entity"", ""index"": 1, ""distance"": 0, ""direction"": ""self""}]",n/a,"Say ""X""",,1.0,False,,Say (Steve),"[{""tk"": ""is"", ""act"": 9.73313045501709}, {""tk"": ""the"", ""act"": 0.0}, {""tk"": ""iPhone"", ""act"": 0.0}, {""tk"": ""technology"", ""act"": 0.0}, {""tk"": ""company"", ""act"": 0.0}, {""tk"": ""Apple"", ""act"": 0.0}, {""tk"": ""founder"", ""act"": 0.0}, {""tk"": ""of"", ""act"": 0.0}, {""tk"": ""Steve"", ""act"": 0.0}, {""tk"": ""Jobs"", ""act"": 0.0}, {""tk"": ""who"", ""act"": 0.0}, {""tk"": ""started"", ""act"": 0.0}, {""tk"": ""called"", ""act"": 0.0}, {""tk"": ""established"", ""act"": 0.0}]"
22_1063,22,1063,entity: A famous product is the iPhone,entity,1,0.0,0.0,semantic,"[{""token"": ""entity"", ""index"": 1, ""distance"": 0, ""direction"": ""self""}]",n/a,"Say ""X""",,1.0,False,,Say (Steve),"[{""tk"": ""is"", ""act"": 8.293167114257812}, {""tk"": ""the"", ""act"": 0.0}, {""tk"": ""iPhone"", ""act"": 0.0}, {""tk"": ""technology"", ""act"": 0.0}, {""tk"": ""company"", ""act"": 0.0}, {""tk"": ""Apple"", ""act"": 0.0}, {""tk"": ""founder"", ""act"": 0.0}, {""tk"": ""of"", ""act"": 0.0}, {""tk"": ""Steve"", ""act"": 0.0}, {""tk"": ""Jobs"", ""act"": 0.0}, {""tk"": ""who"", ""act"": 0.0}, {""tk"": ""started"", ""act"": 0.0}, {""tk"": ""called"", ""act"": 0.0}, {""tk"": ""established"", ""act"": 0.0}]"
22_10942,22,10942,entity: A famous product is the iPhone,entity,1,0.0,0.0,semantic,"[{""token"": ""entity"", ""index"": 1, ""distance"": 0, ""direction"": ""self""}]",n/a,"Say ""X""",,1.0,False,,Say (Steve),"[{""tk"": ""is"", ""act"": 9.650199890136719}, {""tk"": ""the"", ""act"": 0.0}, {""tk"": ""iPhone"", ""act"": 0.0}, {""tk"": ""technology"", ""act"": 0.0}, {""tk"": ""company"", ""act"": 0.0}, {""tk"": ""Apple"", ""act"": 0.0}, {""tk"": ""founder"", ""act"": 0.0}, {""tk"": ""of"", ""act"": 0.0}, {""tk"": ""Steve"", ""act"": 0.0}, {""tk"": ""Jobs"", ""act"": 0.0}, {""tk"": ""who"", ""act"": 0.0}, {""tk"": ""started"", ""act"": 0.0}, {""tk"": ""called"", ""act"": 0.0}, {""tk"": ""established"", ""act"": 0.0}]"
22_85005,22,85005,entity: A famous product is the iPhone,entity,1,0.0,0.0,semantic,"[{""token"": ""entity"", ""index"": 1, ""distance"": 0, ""direction"": ""self""}]",n/a,"Say ""X""",,1.0,False,,Say (Steve),"[{""tk"": ""is"", ""act"": 31.72748374938965}, {""tk"": ""Steve"", ""act"": 11.590015411376953}, {""tk"": ""Apple"", ""act"": 6.004422664642334}, {""tk"": ""Jobs"", ""act"": 1.5522236824035645}, {""tk"": ""the"", ""act"": 0.0}, {""tk"": ""iPhone"", ""act"": 0.0}, {""tk"": ""technology"", ""act"": 0.0}, {""tk"": ""company"", ""act"": 0.0}, {""tk"": ""founder"", ""act"": 0.0}, {""tk"": ""of"", ""act"": 0.0}, {""tk"": ""who"", ""act"": 0.0}, {""tk"": ""started"", ""act"": 0.0}, {""tk"": ""called"", ""act"": 0.0}, {""tk"": ""established"", ""act"": 0.0}]"
23_44742,23,44742,entity: A famous product is the iPhone, iPhone,8,14.441240310668944,0.875,semantic,"[{""token"": "" iPhone"", ""index"": 8, ""distance"": 0, ""direction"": ""self""}]",n/a,Semantic,Concept,0.8564568621180703,False,,iphone,"[{""tk"": ""is"", ""act"": 16.861608505249023}, {""tk"": ""Apple"", ""act"": 16.3062686920166}, {""tk"": ""iPhone"", ""act"": 14.441240310668945}, {""tk"": ""the"", ""act"": 0.0}, {""tk"": ""technology"", ""act"": 0.0}, {""tk"": ""company"", ""act"": 0.0}, {""tk"": ""founder"", ""act"": 0.0}, {""tk"": ""of"", ""act"": 0.0}, {""tk"": ""Steve"", ""act"": 0.0}, {""tk"": ""Jobs"", ""act"": 0.0}, {""tk"": ""who"", ""act"": 0.0}, {""tk"": ""started"", ""act"": 0.0}, {""tk"": ""called"", ""act"": 0.0}, {""tk"": ""established"", ""act"": 0.0}]"
23_1666,23,1666,entity: A famous product is the iPhone,entity,1,0.0,0.0,semantic,"[{""token"": ""entity"", ""index"": 1, ""distance"": 0, ""direction"": ""self""}]",n/a,"Say ""X""",,1.0,False,,Say (Steve),"[{""tk"": ""is"", ""act"": 5.953601360321045}, {""tk"": ""the"", ""act"": 0.0}, {""tk"": ""iPhone"", ""act"": 0.0}, {""tk"": ""technology"", ""act"": 0.0}, {""tk"": ""company"", ""act"": 0.0}, {""tk"": ""Apple"", ""act"": 0.0}, {""tk"": ""founder"", ""act"": 0.0}, {""tk"": ""of"", ""act"": 0.0}, {""tk"": ""Steve"", ""act"": 0.0}, {""tk"": ""Jobs"", ""act"": 0.0}, {""tk"": ""who"", ""act"": 0.0}, {""tk"": ""started"", ""act"": 0.0}, {""tk"": ""called"", ""act"": 0.0}, {""tk"": ""established"", ""act"": 0.0}]"
23_16389,23,16389,entity: A famous product is the iPhone,entity,1,0.0,0.0,semantic,"[{""token"": ""entity"", ""index"": 1, ""distance"": 0, ""direction"": ""self""}]",n/a,Relationship,,1.0,False,,(is) related,"[{""tk"": ""is"", ""act"": 0.0}, {""tk"": ""the"", ""act"": 0.0}, {""tk"": ""iPhone"", ""act"": 0.0}, {""tk"": ""technology"", ""act"": 0.0}, {""tk"": ""company"", ""act"": 0.0}, {""tk"": ""Apple"", ""act"": 0.0}, {""tk"": ""founder"", ""act"": 0.0}, {""tk"": ""of"", ""act"": 0.0}, {""tk"": ""Steve"", ""act"": 0.0}, {""tk"": ""Jobs"", ""act"": 0.0}, {""tk"": ""who"", ""act"": 0.0}, {""tk"": ""started"", ""act"": 0.0}, {""tk"": ""called"", ""act"": 0.0}, {""tk"": ""established"", ""act"": 0.0}]"
23_87989,23,87989,entity: A famous product is the iPhone,entity,1,0.0,0.0,semantic,"[{""token"": ""entity"", ""index"": 1, ""distance"": 0, ""direction"": ""self""}]",n/a,Relationship,,1.0,False,,(is) related,"[{""tk"": ""is"", ""act"": 0.0}, {""tk"": ""the"", ""act"": 0.0}, {""tk"": ""iPhone"", ""act"": 0.0}, {""tk"": ""technology"", ""act"": 0.0}, {""tk"": ""company"", ""act"": 0.0}, {""tk"": ""Apple"", ""act"": 0.0}, {""tk"": ""founder"", ""act"": 0.0}, {""tk"": ""of"", ""act"": 0.0}, {""tk"": ""Steve"", ""act"": 0.0}, {""tk"": ""Jobs"", ""act"": 0.0}, {""tk"": ""who"", ""act"": 0.0}, {""tk"": ""started"", ""act"": 0.0}, {""tk"": ""called"", ""act"": 0.0}, {""tk"": ""established"", ""act"": 0.0}]"
24_79427,24,79427,entity: A famous product is the iPhone, is,6,19.196800231933597,0.8091349246352482,functional,"[{""token"": "" iPhone"", ""index"": 8, ""distance"": 2, ""direction"": ""forward""}]",json,Semantic,Concept,0.7,False,,Steve,"[{""tk"": ""Steve"", ""act"": 138.78564453125}, {""tk"": ""is"", ""act"": 71.5973892211914}, {""tk"": ""the"", ""act"": 62.97042465209961}, {""tk"": ""of"", ""act"": 43.29286193847656}, {""tk"": ""Apple"", ""act"": 20.790451049804688}, {""tk"": ""founder"", ""act"": 13.590836524963379}, {""tk"": ""established"", ""act"": 8.82997989654541}, {""tk"": ""iPhone"", ""act"": 0.0}, {""tk"": ""technology"", ""act"": 0.0}, {""tk"": ""company"", ""act"": 0.0}, {""tk"": ""Jobs"", ""act"": 0.0}, {""tk"": ""who"", ""act"": 0.0}, {""tk"": ""started"", ""act"": 0.0}, {""tk"": ""called"", ""act"": 0.0}]"
24_2574,24,2574,entity: A famous product is the iPhone,entity,1,0.0,0.0,semantic,"[{""token"": ""entity"", ""index"": 1, ""distance"": 0, ""direction"": ""self""}]",n/a,Semantic,Dictionary,1.0,False,,Steve,"[{""tk"": ""Steve"", ""act"": 43.48797607421875}, {""tk"": ""is"", ""act"": 34.782955169677734}, {""tk"": ""the"", ""act"": 0.0}, {""tk"": ""iPhone"", ""act"": 0.0}, {""tk"": ""technology"", ""act"": 0.0}, {""tk"": ""company"", ""act"": 0.0}, {""tk"": ""Apple"", ""act"": 0.0}, {""tk"": ""founder"", ""act"": 0.0}, {""tk"": ""of"", ""act"": 0.0}, {""tk"": ""Jobs"", ""act"": 0.0}, {""tk"": ""who"", ""act"": 0.0}, {""tk"": ""started"", ""act"": 0.0}, {""tk"": ""called"", ""act"": 0.0}, {""tk"": ""established"", ""act"": 0.0}]"
24_66779,24,66779,entity: A famous product is the iPhone,entity,1,0.0,0.0,semantic,"[{""token"": ""entity"", ""index"": 1, ""distance"": 0, ""direction"": ""self""}]",n/a,Relationship,,1.0,False,,(is) related,"[{""tk"": ""is"", ""act"": 0.0}, {""tk"": ""the"", ""act"": 0.0}, {""tk"": ""iPhone"", ""act"": 0.0}, {""tk"": ""technology"", ""act"": 0.0}, {""tk"": ""company"", ""act"": 0.0}, {""tk"": ""Apple"", ""act"": 0.0}, {""tk"": ""founder"", ""act"": 0.0}, {""tk"": ""of"", ""act"": 0.0}, {""tk"": ""Steve"", ""act"": 0.0}, {""tk"": ""Jobs"", ""act"": 0.0}, {""tk"": ""who"", ""act"": 0.0}, {""tk"": ""started"", ""act"": 0.0}, {""tk"": ""called"", ""act"": 0.0}, {""tk"": ""established"", ""act"": 0.0}]"
25_288,25,288,entity: A famous product is the iPhone,entity,1,0.0,0.0,semantic,"[{""token"": ""entity"", ""index"": 1, ""distance"": 0, ""direction"": ""self""}]",n/a,Semantic,Concept,0.7,False,,Steve,"[{""tk"": ""Steve"", ""act"": 176.8882293701172}, {""tk"": ""the"", ""act"": 135.9422607421875}, {""tk"": ""is"", ""act"": 15.380372047424316}, {""tk"": ""Apple"", ""act"": 9.173041343688965}, {""tk"": ""iPhone"", ""act"": 0.0}, {""tk"": ""technology"", ""act"": 0.0}, {""tk"": ""company"", ""act"": 0.0}, {""tk"": ""founder"", ""act"": 0.0}, {""tk"": ""of"", ""act"": 0.0}, {""tk"": ""Jobs"", ""act"": 0.0}, {""tk"": ""who"", ""act"": 0.0}, {""tk"": ""started"", ""act"": 0.0}, {""tk"": ""called"", ""act"": 0.0}, {""tk"": ""established"", ""act"": 0.0}]"
0_95475,0,95475,entity: A major technology company is Apple, technology,5,93.322021484375,0.583612304960863,semantic,"[{""token"": "" technology"", ""index"": 5, ""distance"": 0, ""direction"": ""self""}]",n/a,Semantic,Dictionary (fallback),0.9,False,,technology,"[{""tk"": ""technology"", ""act"": 93.322021484375}, {""tk"": ""founder"", ""act"": 81.49853515625}, {""tk"": ""company"", ""act"": 69.5289535522461}, {""tk"": ""iPhone"", ""act"": 67.94441986083984}, {""tk"": ""Apple"", ""act"": 61.332576751708984}, {""tk"": ""established"", ""act"": 57.30805969238281}, {""tk"": ""Steve"", ""act"": 43.965614318847656}, {""tk"": ""Jobs"", ""act"": 43.11543655395508}, {""tk"": ""started"", ""act"": 30.94107437133789}, {""tk"": ""called"", ""act"": 26.789133071899414}, {""tk"": ""is"", ""act"": 0.0}, {""tk"": ""the"", ""act"": 0.0}, {""tk"": ""of"", ""act"": 0.0}, {""tk"": ""who"", ""act"": 0.0}]"
0_39122,0,39122,entity: A major technology company is Apple,:,2,55.24455642700195,0.875,functional,"[{""token"": "" major"", ""index"": 4, ""distance"": 2, ""direction"": ""forward""}, {""token"": ""entity"", ""index"": 1, ""distance"": 1, ""direction"": ""backward""}]",json,Semantic,Dictionary (fallback),0.9,False,,punctuation,"[{""tk"": ""of"", ""act"": 38.268653869628906}, {""tk"": ""the"", ""act"": 36.712432861328125}, {""tk"": ""is"", ""act"": 0.0}, {""tk"": ""iPhone"", ""act"": 0.0}, {""tk"": ""technology"", ""act"": 0.0}, {""tk"": ""company"", ""act"": 0.0}, {""tk"": ""Apple"", ""act"": 0.0}, {""tk"": ""founder"", ""act"": 0.0}, {""tk"": ""Steve"", ""act"": 0.0}, {""tk"": ""Jobs"", ""act"": 0.0}, {""tk"": ""who"", ""act"": 0.0}, {""tk"": ""started"", ""act"": 0.0}, {""tk"": ""called"", ""act"": 0.0}, {""tk"": ""established"", ""act"": 0.0}]"
0_40780,0,40780,entity: A major technology company is Apple, is,7,53.85965347290039,0.7751470089519537,functional,"[{""token"": "" Apple"", ""index"": 8, ""distance"": 1, ""direction"": ""forward""}]",json,Semantic,Dictionary (fallback),0.9,False,,the,"[{""tk"": ""the"", ""act"": 57.46990203857422}, {""tk"": ""who"", ""act"": 54.23466110229492}, {""tk"": ""is"", ""act"": 53.85965347290039}, {""tk"": ""of"", ""act"": 40.54933166503906}, {""tk"": ""iPhone"", ""act"": 0.0}, {""tk"": ""technology"", ""act"": 0.0}, {""tk"": ""company"", ""act"": 0.0}, {""tk"": ""Apple"", ""act"": 0.0}, {""tk"": ""founder"", ""act"": 0.0}, {""tk"": ""Steve"", ""act"": 0.0}, {""tk"": ""Jobs"", ""act"": 0.0}, {""tk"": ""started"", ""act"": 0.0}, {""tk"": ""called"", ""act"": 0.0}, {""tk"": ""established"", ""act"": 0.0}]"
0_18753,0,18753,entity: A major technology company is Apple,:,2,51.97817993164063,0.7607609163755027,functional,"[{""token"": "" major"", ""index"": 4, ""distance"": 2, ""direction"": ""forward""}, {""token"": ""entity"", ""index"": 1, ""distance"": 1, ""direction"": ""backward""}]",json,Semantic,Dictionary (fallback),0.9,False,,punctuation,"[{""tk"": ""is"", ""act"": 47.909812927246094}, {""tk"": ""the"", ""act"": 45.05503845214844}, {""tk"": ""of"", ""act"": 43.002586364746094}, {""tk"": ""iPhone"", ""act"": 0.0}, {""tk"": ""technology"", ""act"": 0.0}, {""tk"": ""company"", ""act"": 0.0}, {""tk"": ""Apple"", ""act"": 0.0}, {""tk"": ""founder"", ""act"": 0.0}, {""tk"": ""Steve"", ""act"": 0.0}, {""tk"": ""Jobs"", ""act"": 0.0}, {""tk"": ""who"", ""act"": 0.0}, {""tk"": ""started"", ""act"": 0.0}, {""tk"": ""called"", ""act"": 0.0}, {""tk"": ""established"", ""act"": 0.0}]"
0_54198,0,54198,entity: A major technology company is Apple, A,3,47.806453704833984,0.875,functional,"[{""token"": "" major"", ""index"": 4, ""distance"": 1, ""direction"": ""forward""}]",json,Semantic,Dictionary (fallback),0.9,False,,The,"[{""tk"": ""The"", ""act"": 58.90497970581055}, {""tk"": ""is"", ""act"": 0.0}, {""tk"": ""iPhone"", ""act"": 0.0}, {""tk"": ""technology"", ""act"": 0.0}, {""tk"": ""company"", ""act"": 0.0}, {""tk"": ""Apple"", ""act"": 0.0}, {""tk"": ""founder"", ""act"": 0.0}, {""tk"": ""of"", ""act"": 0.0}, {""tk"": ""Steve"", ""act"": 0.0}, {""tk"": ""Jobs"", ""act"": 0.0}, {""tk"": ""who"", ""act"": 0.0}, {""tk"": ""started"", ""act"": 0.0}, {""tk"": ""called"", ""act"": 0.0}, {""tk"": ""established"", ""act"": 0.0}]"
0_95057,0,95057,entity: A major technology company is Apple,:,2,44.86204528808594,0.7124143868668155,functional,"[{""token"": "" major"", ""index"": 4, ""distance"": 2, ""direction"": ""forward""}, {""token"": ""entity"", ""index"": 1, ""distance"": 1, ""direction"": ""backward""}]",json,Semantic,Dictionary (fallback),0.9,False,,punctuation,"[{""tk"": ""The"", ""act"": 34.374595642089844}, {""tk"": ""is"", ""act"": 30.81856346130371}, {""tk"": ""iPhone"", ""act"": 0.0}, {""tk"": ""technology"", ""act"": 0.0}, {""tk"": ""company"", ""act"": 0.0}, {""tk"": ""Apple"", ""act"": 0.0}, {""tk"": ""founder"", ""act"": 0.0}, {""tk"": ""of"", ""act"": 0.0}, {""tk"": ""Steve"", ""act"": 0.0}, {""tk"": ""Jobs"", ""act"": 0.0}, {""tk"": ""who"", ""act"": 0.0}, {""tk"": ""started"", ""act"": 0.0}, {""tk"": ""called"", ""act"": 0.0}, {""tk"": ""established"", ""act"": 0.0}]"
0_5200,0,5200,entity: A major technology company is Apple, is,7,42.06268310546875,0.875,functional,"[{""token"": "" Apple"", ""index"": 8, ""distance"": 1, ""direction"": ""forward""}]",json,Semantic,Dictionary,1.0,False,,is,"[{""tk"": ""is"", ""act"": 46.00471878051758}, {""tk"": ""the"", ""act"": 0.0}, {""tk"": ""iPhone"", ""act"": 0.0}, {""tk"": ""technology"", ""act"": 0.0}, {""tk"": ""company"", ""act"": 0.0}, {""tk"": ""Apple"", ""act"": 0.0}, {""tk"": ""founder"", ""act"": 0.0}, {""tk"": ""of"", ""act"": 0.0}, {""tk"": ""Steve"", ""act"": 0.0}, {""tk"": ""Jobs"", ""act"": 0.0}, {""tk"": ""who"", ""act"": 0.0}, {""tk"": ""started"", ""act"": 0.0}, {""tk"": ""called"", ""act"": 0.0}, {""tk"": ""established"", ""act"": 0.0}]"
0_49560,0,49560,entity: A major technology company is Apple, is,7,41.43551635742188,0.875,functional,"[{""token"": "" Apple"", ""index"": 8, ""distance"": 1, ""direction"": ""forward""}]",json,Semantic,Dictionary,1.0,False,,is,"[{""tk"": ""is"", ""act"": 50.08353042602539}, {""tk"": ""the"", ""act"": 0.0}, {""tk"": ""iPhone"", ""act"": 0.0}, {""tk"": ""technology"", ""act"": 0.0}, {""tk"": ""company"", ""act"": 0.0}, {""tk"": ""Apple"", ""act"": 0.0}, {""tk"": ""founder"", ""act"": 0.0}, {""tk"": ""of"", ""act"": 0.0}, {""tk"": ""Steve"", ""act"": 0.0}, {""tk"": ""Jobs"", ""act"": 0.0}, {""tk"": ""who"", ""act"": 0.0}, {""tk"": ""started"", ""act"": 0.0}, {""tk"": ""called"", ""act"": 0.0}, {""tk"": ""established"", ""act"": 0.0}]"
0_69528,0,69528,entity: A major technology company is Apple, company,6,35.14493179321289,0.875,semantic,"[{""token"": "" company"", ""index"": 6, ""distance"": 0, ""direction"": ""self""}]",n/a,Semantic,Dictionary,1.0,False,,company,"[{""tk"": ""company"", ""act"": 42.14494705200195}, {""tk"": ""is"", ""act"": 0.0}, {""tk"": ""the"", ""act"": 0.0}, {""tk"": ""iPhone"", ""act"": 0.0}, {""tk"": ""technology"", ""act"": 0.0}, {""tk"": ""Apple"", ""act"": 0.0}, {""tk"": ""founder"", ""act"": 0.0}, {""tk"": ""of"", ""act"": 0.0}, {""tk"": ""Steve"", ""act"": 0.0}, {""tk"": ""Jobs"", ""act"": 0.0}, {""tk"": ""who"", ""act"": 0.0}, {""tk"": ""started"", ""act"": 0.0}, {""tk"": ""called"", ""act"": 0.0}, {""tk"": ""established"", ""act"": 0.0}]"
0_98149,0,98149,entity: A major technology company is Apple,entity,1,25.96688270568848,0.6627176002864672,semantic,"[{""token"": ""entity"", ""index"": 1, ""distance"": 0, ""direction"": ""self""}]",n/a,Semantic,Dictionary (fallback),0.9,False,,Semantic (unknown),"[{""tk"": ""technology"", ""act"": 16.84918785095215}, {""tk"": ""company"", ""act"": 15.803342819213867}, {""tk"": ""founder"", ""act"": 14.010324478149414}, {""tk"": ""established"", ""act"": 8.117849349975586}, {""tk"": ""Apple"", ""act"": 6.845046520233154}, {""tk"": ""started"", ""act"": 1.926740288734436}, {""tk"": ""called"", ""act"": 0.5325685739517212}, {""tk"": ""is"", ""act"": 0.0}, {""tk"": ""the"", ""act"": 0.0}, {""tk"": ""iPhone"", ""act"": 0.0}, {""tk"": ""of"", ""act"": 0.0}, {""tk"": ""Steve"", ""act"": 0.0}, {""tk"": ""Jobs"", ""act"": 0.0}, {""tk"": ""who"", ""act"": 0.0}]"
0_44634,0,44634,entity: A major technology company is Apple,entity,1,14.357372283935549,0.875,semantic,"[{""token"": ""entity"", ""index"": 1, ""distance"": 0, ""direction"": ""self""}]",n/a,Semantic,Dictionary (fallback),0.9,False,,Semantic (unknown),"[{""tk"": ""is"", ""act"": 0.0}, {""tk"": ""the"", ""act"": 0.0}, {""tk"": ""iPhone"", ""act"": 0.0}, {""tk"": ""technology"", ""act"": 0.0}, {""tk"": ""company"", ""act"": 0.0}, {""tk"": ""Apple"", ""act"": 0.0}, {""tk"": ""founder"", ""act"": 0.0}, {""tk"": ""of"", ""act"": 0.0}, {""tk"": ""Steve"", ""act"": 0.0}, {""tk"": ""Jobs"", ""act"": 0.0}, {""tk"": ""who"", ""act"": 0.0}, {""tk"": ""started"", ""act"": 0.0}, {""tk"": ""called"", ""act"": 0.0}, {""tk"": ""established"", ""act"": 0.0}]"
0_97077,0,97077,entity: A major technology company is Apple,entity,1,0.0,0.0,semantic,"[{""token"": ""entity"", ""index"": 1, ""distance"": 0, ""direction"": ""self""}]",n/a,Relationship,,1.0,False,,(is) related,"[{""tk"": ""is"", ""act"": 0.0}, {""tk"": ""the"", ""act"": 0.0}, {""tk"": ""iPhone"", ""act"": 0.0}, {""tk"": ""technology"", ""act"": 0.0}, {""tk"": ""company"", ""act"": 0.0}, {""tk"": ""Apple"", ""act"": 0.0}, {""tk"": ""founder"", ""act"": 0.0}, {""tk"": ""of"", ""act"": 0.0}, {""tk"": ""Steve"", ""act"": 0.0}, {""tk"": ""Jobs"", ""act"": 0.0}, {""tk"": ""who"", ""act"": 0.0}, {""tk"": ""started"", ""act"": 0.0}, {""tk"": ""called"", ""act"": 0.0}, {""tk"": ""established"", ""act"": 0.0}]"
0_62012,0,62012,entity: A major technology company is Apple, company,6,20.6709098815918,0.875,semantic,"[{""token"": "" company"", ""index"": 6, ""distance"": 0, ""direction"": ""self""}]",n/a,Semantic,Dictionary,1.0,False,,company,"[{""tk"": ""company"", ""act"": 20.670909881591797}, {""tk"": ""is"", ""act"": 0.0}, {""tk"": ""the"", ""act"": 0.0}, {""tk"": ""iPhone"", ""act"": 0.0}, {""tk"": ""technology"", ""act"": 0.0}, {""tk"": ""Apple"", ""act"": 0.0}, {""tk"": ""founder"", ""act"": 0.0}, {""tk"": ""of"", ""act"": 0.0}, {""tk"": ""Steve"", ""act"": 0.0}, {""tk"": ""Jobs"", ""act"": 0.0}, {""tk"": ""who"", ""act"": 0.0}, {""tk"": ""started"", ""act"": 0.0}, {""tk"": ""called"", ""act"": 0.0}, {""tk"": ""established"", ""act"": 0.0}]"
0_19204,0,19204,entity: A major technology company is Apple,entity,1,0.0,0.0,semantic,"[{""token"": ""entity"", ""index"": 1, ""distance"": 0, ""direction"": ""self""}]",n/a,Relationship,,1.0,False,,(is) related,"[{""tk"": ""is"", ""act"": 0.0}, {""tk"": ""the"", ""act"": 0.0}, {""tk"": ""iPhone"", ""act"": 0.0}, {""tk"": ""technology"", ""act"": 0.0}, {""tk"": ""company"", ""act"": 0.0}, {""tk"": ""Apple"", ""act"": 0.0}, {""tk"": ""founder"", ""act"": 0.0}, {""tk"": ""of"", ""act"": 0.0}, {""tk"": ""Steve"", ""act"": 0.0}, {""tk"": ""Jobs"", ""act"": 0.0}, {""tk"": ""who"", ""act"": 0.0}, {""tk"": ""started"", ""act"": 0.0}, {""tk"": ""called"", ""act"": 0.0}, {""tk"": ""established"", ""act"": 0.0}]"
0_20171,0,20171,entity: A major technology company is Apple,entity,1,0.0,0.0,semantic,"[{""token"": ""entity"", ""index"": 1, ""distance"": 0, ""direction"": ""self""}]",n/a,Relationship,,1.0,False,,(is) related,"[{""tk"": ""is"", ""act"": 0.0}, {""tk"": ""the"", ""act"": 0.0}, {""tk"": ""iPhone"", ""act"": 0.0}, {""tk"": ""technology"", ""act"": 0.0}, {""tk"": ""company"", ""act"": 0.0}, {""tk"": ""Apple"", ""act"": 0.0}, {""tk"": ""founder"", ""act"": 0.0}, {""tk"": ""of"", ""act"": 0.0}, {""tk"": ""Steve"", ""act"": 0.0}, {""tk"": ""Jobs"", ""act"": 0.0}, {""tk"": ""who"", ""act"": 0.0}, {""tk"": ""started"", ""act"": 0.0}, {""tk"": ""called"", ""act"": 0.0}, {""tk"": ""established"", ""act"": 0.0}]"
0_44217,0,44217,entity: A major technology company is Apple,entity,1,0.0,0.0,semantic,"[{""token"": ""entity"", ""index"": 1, ""distance"": 0, ""direction"": ""self""}]",n/a,Relationship,,1.0,False,,(is) related,"[{""tk"": ""is"", ""act"": 0.0}, {""tk"": ""the"", ""act"": 0.0}, {""tk"": ""iPhone"", ""act"": 0.0}, {""tk"": ""technology"", ""act"": 0.0}, {""tk"": ""company"", ""act"": 0.0}, {""tk"": ""Apple"", ""act"": 0.0}, {""tk"": ""founder"", ""act"": 0.0}, {""tk"": ""of"", ""act"": 0.0}, {""tk"": ""Steve"", ""act"": 0.0}, {""tk"": ""Jobs"", ""act"": 0.0}, {""tk"": ""who"", ""act"": 0.0}, {""tk"": ""started"", ""act"": 0.0}, {""tk"": ""called"", ""act"": 0.0}, {""tk"": ""established"", ""act"": 0.0}]"
0_78128,0,78128,entity: A major technology company is Apple, company,6,17.191627502441406,0.875,semantic,"[{""token"": "" company"", ""index"": 6, ""distance"": 0, ""direction"": ""self""}]",n/a,Semantic,Dictionary,1.0,False,,company,"[{""tk"": ""company"", ""act"": 17.328067779541016}, {""tk"": ""is"", ""act"": 0.0}, {""tk"": ""the"", ""act"": 0.0}, {""tk"": ""iPhone"", ""act"": 0.0}, {""tk"": ""technology"", ""act"": 0.0}, {""tk"": ""Apple"", ""act"": 0.0}, {""tk"": ""founder"", ""act"": 0.0}, {""tk"": ""of"", ""act"": 0.0}, {""tk"": ""Steve"", ""act"": 0.0}, {""tk"": ""Jobs"", ""act"": 0.0}, {""tk"": ""who"", ""act"": 0.0}, {""tk"": ""started"", ""act"": 0.0}, {""tk"": ""called"", ""act"": 0.0}, {""tk"": ""established"", ""act"": 0.0}]"
0_91570,0,91570,entity: A major technology company is Apple,entity,1,7.780837059020996,0.875,semantic,"[{""token"": ""entity"", ""index"": 1, ""distance"": 0, ""direction"": ""self""}]",n/a,Semantic,Dictionary (fallback),0.9,False,,Semantic (unknown),"[{""tk"": ""is"", ""act"": 0.0}, {""tk"": ""the"", ""act"": 0.0}, {""tk"": ""iPhone"", ""act"": 0.0}, {""tk"": ""technology"", ""act"": 0.0}, {""tk"": ""company"", ""act"": 0.0}, {""tk"": ""Apple"", ""act"": 0.0}, {""tk"": ""founder"", ""act"": 0.0}, {""tk"": ""of"", ""act"": 0.0}, {""tk"": ""Steve"", ""act"": 0.0}, {""tk"": ""Jobs"", ""act"": 0.0}, {""tk"": ""who"", ""act"": 0.0}, {""tk"": ""started"", ""act"": 0.0}, {""tk"": ""called"", ""act"": 0.0}, {""tk"": ""established"", ""act"": 0.0}]"
0_80932,0,80932,entity: A major technology company is Apple, company,6,12.409629821777344,0.875,semantic,"[{""token"": "" company"", ""index"": 6, ""distance"": 0, ""direction"": ""self""}]",n/a,Semantic,Dictionary,1.0,False,,company,"[{""tk"": ""company"", ""act"": 12.409629821777344}, {""tk"": ""is"", ""act"": 0.0}, {""tk"": ""the"", ""act"": 0.0}, {""tk"": ""iPhone"", ""act"": 0.0}, {""tk"": ""technology"", ""act"": 0.0}, {""tk"": ""Apple"", ""act"": 0.0}, {""tk"": ""founder"", ""act"": 0.0}, {""tk"": ""of"", ""act"": 0.0}, {""tk"": ""Steve"", ""act"": 0.0}, {""tk"": ""Jobs"", ""act"": 0.0}, {""tk"": ""who"", ""act"": 0.0}, {""tk"": ""started"", ""act"": 0.0}, {""tk"": ""called"", ""act"": 0.0}, {""tk"": ""established"", ""act"": 0.0}]"
0_91637,0,91637,entity: A major technology company is Apple, Apple,8,11.162574768066406,0.875,semantic,"[{""token"": "" Apple"", ""index"": 8, ""distance"": 0, ""direction"": ""self""}]",n/a,Semantic,Dictionary (fallback),0.9,False,,Apple,"[{""tk"": ""Apple"", ""act"": 11.162574768066406}, {""tk"": ""iPhone"", ""act"": 10.118509292602539}, {""tk"": ""is"", ""act"": 0.0}, {""tk"": ""the"", ""act"": 0.0}, {""tk"": ""technology"", ""act"": 0.0}, {""tk"": ""company"", ""act"": 0.0}, {""tk"": ""founder"", ""act"": 0.0}, {""tk"": ""of"", ""act"": 0.0}, {""tk"": ""Steve"", ""act"": 0.0}, {""tk"": ""Jobs"", ""act"": 0.0}, {""tk"": ""who"", ""act"": 0.0}, {""tk"": ""started"", ""act"": 0.0}, {""tk"": ""called"", ""act"": 0.0}, {""tk"": ""established"", ""act"": 0.0}]"
0_1170,0,1170,entity: A major technology company is Apple, Apple,8,10.955910682678224,0.875,semantic,"[{""token"": "" Apple"", ""index"": 8, ""distance"": 0, ""direction"": ""self""}]",n/a,Semantic,Dictionary (fallback),0.9,False,,iphone,"[{""tk"": ""iPhone"", ""act"": 17.711040496826172}, {""tk"": ""Apple"", ""act"": 10.955910682678223}, {""tk"": ""is"", ""act"": 0.0}, {""tk"": ""the"", ""act"": 0.0}, {""tk"": ""technology"", ""act"": 0.0}, {""tk"": ""company"", ""act"": 0.0}, {""tk"": ""founder"", ""act"": 0.0}, {""tk"": ""of"", ""act"": 0.0}, {""tk"": ""Steve"", ""act"": 0.0}, {""tk"": ""Jobs"", ""act"": 0.0}, {""tk"": ""who"", ""act"": 0.0}, {""tk"": ""started"", ""act"": 0.0}, {""tk"": ""called"", ""act"": 0.0}, {""tk"": ""established"", ""act"": 0.0}]"
0_69165,0,69165,entity: A major technology company is Apple, Apple,8,10.902994155883787,0.875,semantic,"[{""token"": "" Apple"", ""index"": 8, ""distance"": 0, ""direction"": ""self""}]",n/a,Semantic,Dictionary (fallback),0.9,False,,iphone,"[{""tk"": ""iPhone"", ""act"": 11.86459732055664}, {""tk"": ""Apple"", ""act"": 11.209722518920898}, {""tk"": ""is"", ""act"": 0.0}, {""tk"": ""the"", ""act"": 0.0}, {""tk"": ""technology"", ""act"": 0.0}, {""tk"": ""company"", ""act"": 0.0}, {""tk"": ""founder"", ""act"": 0.0}, {""tk"": ""of"", ""act"": 0.0}, {""tk"": ""Steve"", ""act"": 0.0}, {""tk"": ""Jobs"", ""act"": 0.0}, {""tk"": ""who"", ""act"": 0.0}, {""tk"": ""started"", ""act"": 0.0}, {""tk"": ""called"", ""act"": 0.0}, {""tk"": ""established"", ""act"": 0.0}]"
0_32732,0,32732,entity: A major technology company is Apple, major,4,10.782791137695312,0.7704327303641704,semantic,"[{""token"": "" major"", ""index"": 4, ""distance"": 0, ""direction"": ""self""}]",n/a,Semantic,Dictionary (fallback),0.9,False,,established,"[{""tk"": ""established"", ""act"": 28.430463790893555}, {""tk"": ""started"", ""act"": 25.020212173461914}, {""tk"": ""who"", ""act"": 20.396818161010742}, {""tk"": ""called"", ""act"": 9.311948776245117}, {""tk"": ""is"", ""act"": 8.960206985473633}, {""tk"": ""founder"", ""act"": 5.750412940979004}, {""tk"": ""technology"", ""act"": 3.8221561908721924}, {""tk"": ""company"", ""act"": 0.25118565559387207}, {""tk"": ""the"", ""act"": 0.0}, {""tk"": ""iPhone"", ""act"": 0.0}, {""tk"": ""Apple"", ""act"": 0.0}, {""tk"": ""of"", ""act"": 0.0}, {""tk"": ""Steve"", ""act"": 0.0}, {""tk"": ""Jobs"", ""act"": 0.0}]"
0_6596,0,6596,entity: A major technology company is Apple,entity,1,0.0,0.0,semantic,"[{""token"": ""entity"", ""index"": 1, ""distance"": 0, ""direction"": ""self""}]",n/a,Semantic,Dictionary,1.0,False,,called,"[{""tk"": ""called"", ""act"": 28.27146339416504}, {""tk"": ""is"", ""act"": 0.0}, {""tk"": ""the"", ""act"": 0.0}, {""tk"": ""iPhone"", ""act"": 0.0}, {""tk"": ""technology"", ""act"": 0.0}, {""tk"": ""company"", ""act"": 0.0}, {""tk"": ""Apple"", ""act"": 0.0}, {""tk"": ""founder"", ""act"": 0.0}, {""tk"": ""of"", ""act"": 0.0}, {""tk"": ""Steve"", ""act"": 0.0}, {""tk"": ""Jobs"", ""act"": 0.0}, {""tk"": ""who"", ""act"": 0.0}, {""tk"": ""started"", ""act"": 0.0}, {""tk"": ""established"", ""act"": 0.0}]"
0_51434,0,51434,entity: A major technology company is Apple,entity,1,0.0,0.0,semantic,"[{""token"": ""entity"", ""index"": 1, ""distance"": 0, ""direction"": ""self""}]",n/a,Semantic,Dictionary,0.8,False,,The,"[{""tk"": ""the"", ""act"": 85.57115936279297}, {""tk"": ""is"", ""act"": 0.0}, {""tk"": ""iPhone"", ""act"": 0.0}, {""tk"": ""technology"", ""act"": 0.0}, {""tk"": ""company"", ""act"": 0.0}, {""tk"": ""Apple"", ""act"": 0.0}, {""tk"": ""founder"", ""act"": 0.0}, {""tk"": ""of"", ""act"": 0.0}, {""tk"": ""Steve"", ""act"": 0.0}, {""tk"": ""Jobs"", ""act"": 0.0}, {""tk"": ""who"", ""act"": 0.0}, {""tk"": ""started"", ""act"": 0.0}, {""tk"": ""called"", ""act"": 0.0}, {""tk"": ""established"", ""act"": 0.0}]"
0_46235,0,46235,entity: A major technology company is Apple,entity,1,0.0,0.0,semantic,"[{""token"": ""entity"", ""index"": 1, ""distance"": 0, ""direction"": ""self""}]",n/a,Semantic,Dictionary (fallback),0.9,False,,founder,"[{""tk"": ""founder"", ""act"": 13.413398742675781}, {""tk"": ""is"", ""act"": 0.0}, {""tk"": ""the"", ""act"": 0.0}, {""tk"": ""iPhone"", ""act"": 0.0}, {""tk"": ""technology"", ""act"": 0.0}, {""tk"": ""company"", ""act"": 0.0}, {""tk"": ""Apple"", ""act"": 0.0}, {""tk"": ""of"", ""act"": 0.0}, {""tk"": ""Steve"", ""act"": 0.0}, {""tk"": ""Jobs"", ""act"": 0.0}, {""tk"": ""who"", ""act"": 0.0}, {""tk"": ""started"", ""act"": 0.0}, {""tk"": ""called"", ""act"": 0.0}, {""tk"": ""established"", ""act"": 0.0}]"
0_1285,0,1285,entity: A major technology company is Apple,entity,1,4.541435718536377,0.8580510025061736,semantic,"[{""token"": ""entity"", ""index"": 1, ""distance"": 0, ""direction"": ""self""}]",n/a,Semantic,Dictionary,1.0,False,,iphone,"[{""tk"": ""iPhone"", ""act"": 8.839632034301758}, {""tk"": ""Apple"", ""act"": 0.6157822608947754}, {""tk"": ""is"", ""act"": 0.0}, {""tk"": ""the"", ""act"": 0.0}, {""tk"": ""technology"", ""act"": 0.0}, {""tk"": ""company"", ""act"": 0.0}, {""tk"": ""founder"", ""act"": 0.0}, {""tk"": ""of"", ""act"": 0.0}, {""tk"": ""Steve"", ""act"": 0.0}, {""tk"": ""Jobs"", ""act"": 0.0}, {""tk"": ""who"", ""act"": 0.0}, {""tk"": ""started"", ""act"": 0.0}, {""tk"": ""called"", ""act"": 0.0}, {""tk"": ""established"", ""act"": 0.0}]"
0_55411,0,55411,entity: A major technology company is Apple, company,6,7.441006660461426,0.875,semantic,"[{""token"": "" company"", ""index"": 6, ""distance"": 0, ""direction"": ""self""}]",n/a,Semantic,Dictionary (fallback),0.9,False,,company,"[{""tk"": ""company"", ""act"": 7.441006660461426}, {""tk"": ""is"", ""act"": 0.0}, {""tk"": ""the"", ""act"": 0.0}, {""tk"": ""iPhone"", ""act"": 0.0}, {""tk"": ""technology"", ""act"": 0.0}, {""tk"": ""Apple"", ""act"": 0.0}, {""tk"": ""founder"", ""act"": 0.0}, {""tk"": ""of"", ""act"": 0.0}, {""tk"": ""Steve"", ""act"": 0.0}, {""tk"": ""Jobs"", ""act"": 0.0}, {""tk"": ""who"", ""act"": 0.0}, {""tk"": ""started"", ""act"": 0.0}, {""tk"": ""called"", ""act"": 0.0}, {""tk"": ""established"", ""act"": 0.0}]"
0_82862,0,82862,entity: A major technology company is Apple, company,6,6.134497165679932,0.875,semantic,"[{""token"": "" company"", ""index"": 6, ""distance"": 0, ""direction"": ""self""}]",n/a,Semantic,Dictionary (fallback),0.9,False,,company,"[{""tk"": ""company"", ""act"": 8.054851531982422}, {""tk"": ""founder"", ""act"": 7.564595699310303}, {""tk"": ""is"", ""act"": 0.0}, {""tk"": ""the"", ""act"": 0.0}, {""tk"": ""iPhone"", ""act"": 0.0}, {""tk"": ""technology"", ""act"": 0.0}, {""tk"": ""Apple"", ""act"": 0.0}, {""tk"": ""of"", ""act"": 0.0}, {""tk"": ""Steve"", ""act"": 0.0}, {""tk"": ""Jobs"", ""act"": 0.0}, {""tk"": ""who"", ""act"": 0.0}, {""tk"": ""started"", ""act"": 0.0}, {""tk"": ""called"", ""act"": 0.0}, {""tk"": ""established"", ""act"": 0.0}]"
0_81124,0,81124,entity: A major technology company is Apple,entity,1,0.0,0.0,semantic,"[{""token"": ""entity"", ""index"": 1, ""distance"": 0, ""direction"": ""self""}]",n/a,Relationship,,1.0,False,,(is) related,"[{""tk"": ""is"", ""act"": 0.0}, {""tk"": ""the"", ""act"": 0.0}, {""tk"": ""iPhone"", ""act"": 0.0}, {""tk"": ""technology"", ""act"": 0.0}, {""tk"": ""company"", ""act"": 0.0}, {""tk"": ""Apple"", ""act"": 0.0}, {""tk"": ""founder"", ""act"": 0.0}, {""tk"": ""of"", ""act"": 0.0}, {""tk"": ""Steve"", ""act"": 0.0}, {""tk"": ""Jobs"", ""act"": 0.0}, {""tk"": ""who"", ""act"": 0.0}, {""tk"": ""started"", ""act"": 0.0}, {""tk"": ""called"", ""act"": 0.0}, {""tk"": ""established"", ""act"": 0.0}]"
0_86458,0,86458,entity: A major technology company is Apple,entity,1,0.0,0.0,semantic,"[{""token"": ""entity"", ""index"": 1, ""distance"": 0, ""direction"": ""self""}]",n/a,Relationship,,1.0,False,,(is) related,"[{""tk"": ""is"", ""act"": 0.0}, {""tk"": ""the"", ""act"": 0.0}, {""tk"": ""iPhone"", ""act"": 0.0}, {""tk"": ""technology"", ""act"": 0.0}, {""tk"": ""company"", ""act"": 0.0}, {""tk"": ""Apple"", ""act"": 0.0}, {""tk"": ""founder"", ""act"": 0.0}, {""tk"": ""of"", ""act"": 0.0}, {""tk"": ""Steve"", ""act"": 0.0}, {""tk"": ""Jobs"", ""act"": 0.0}, {""tk"": ""who"", ""act"": 0.0}, {""tk"": ""started"", ""act"": 0.0}, {""tk"": ""called"", ""act"": 0.0}, {""tk"": ""established"", ""act"": 0.0}]"
0_97435,0,97435,entity: A major technology company is Apple,entity,1,0.0,0.0,semantic,"[{""token"": ""entity"", ""index"": 1, ""distance"": 0, ""direction"": ""self""}]",n/a,Relationship,,1.0,False,,(is) related,"[{""tk"": ""is"", ""act"": 0.0}, {""tk"": ""the"", ""act"": 0.0}, {""tk"": ""iPhone"", ""act"": 0.0}, {""tk"": ""technology"", ""act"": 0.0}, {""tk"": ""company"", ""act"": 0.0}, {""tk"": ""Apple"", ""act"": 0.0}, {""tk"": ""founder"", ""act"": 0.0}, {""tk"": ""of"", ""act"": 0.0}, {""tk"": ""Steve"", ""act"": 0.0}, {""tk"": ""Jobs"", ""act"": 0.0}, {""tk"": ""who"", ""act"": 0.0}, {""tk"": ""started"", ""act"": 0.0}, {""tk"": ""called"", ""act"": 0.0}, {""tk"": ""established"", ""act"": 0.0}]"
0_13453,0,13453,entity: A major technology company is Apple,entity,1,0.0,0.0,semantic,"[{""token"": ""entity"", ""index"": 1, ""distance"": 0, ""direction"": ""self""}]",n/a,Relationship,,1.0,False,,(is) related,"[{""tk"": ""is"", ""act"": 0.0}, {""tk"": ""the"", ""act"": 0.0}, {""tk"": ""iPhone"", ""act"": 0.0}, {""tk"": ""technology"", ""act"": 0.0}, {""tk"": ""company"", ""act"": 0.0}, {""tk"": ""Apple"", ""act"": 0.0}, {""tk"": ""founder"", ""act"": 0.0}, {""tk"": ""of"", ""act"": 0.0}, {""tk"": ""Steve"", ""act"": 0.0}, {""tk"": ""Jobs"", ""act"": 0.0}, {""tk"": ""who"", ""act"": 0.0}, {""tk"": ""started"", ""act"": 0.0}, {""tk"": ""called"", ""act"": 0.0}, {""tk"": ""established"", ""act"": 0.0}]"
0_57857,0,57857,entity: A major technology company is Apple,entity,1,0.0,0.0,semantic,"[{""token"": ""entity"", ""index"": 1, ""distance"": 0, ""direction"": ""self""}]",n/a,Relationship,,1.0,False,,(is) related,"[{""tk"": ""is"", ""act"": 0.0}, {""tk"": ""the"", ""act"": 0.0}, {""tk"": ""iPhone"", ""act"": 0.0}, {""tk"": ""technology"", ""act"": 0.0}, {""tk"": ""company"", ""act"": 0.0}, {""tk"": ""Apple"", ""act"": 0.0}, {""tk"": ""founder"", ""act"": 0.0}, {""tk"": ""of"", ""act"": 0.0}, {""tk"": ""Steve"", ""act"": 0.0}, {""tk"": ""Jobs"", ""act"": 0.0}, {""tk"": ""who"", ""act"": 0.0}, {""tk"": ""started"", ""act"": 0.0}, {""tk"": ""called"", ""act"": 0.0}, {""tk"": ""established"", ""act"": 0.0}]"
0_1003,0,1003,entity: A major technology company is Apple,entity,1,0.0,0.0,semantic,"[{""token"": ""entity"", ""index"": 1, ""distance"": 0, ""direction"": ""self""}]",n/a,Relationship,,1.0,False,,(is) related,"[{""tk"": ""is"", ""act"": 0.0}, {""tk"": ""the"", ""act"": 0.0}, {""tk"": ""iPhone"", ""act"": 0.0}, {""tk"": ""technology"", ""act"": 0.0}, {""tk"": ""company"", ""act"": 0.0}, {""tk"": ""Apple"", ""act"": 0.0}, {""tk"": ""founder"", ""act"": 0.0}, {""tk"": ""of"", ""act"": 0.0}, {""tk"": ""Steve"", ""act"": 0.0}, {""tk"": ""Jobs"", ""act"": 0.0}, {""tk"": ""who"", ""act"": 0.0}, {""tk"": ""started"", ""act"": 0.0}, {""tk"": ""called"", ""act"": 0.0}, {""tk"": ""established"", ""act"": 0.0}]"
0_4591,0,4591,entity: A major technology company is Apple,entity,1,0.0,0.0,semantic,"[{""token"": ""entity"", ""index"": 1, ""distance"": 0, ""direction"": ""self""}]",n/a,Semantic,Dictionary,1.0,False,,established,"[{""tk"": ""established"", ""act"": 11.716001510620117}, {""tk"": ""is"", ""act"": 0.0}, {""tk"": ""the"", ""act"": 0.0}, {""tk"": ""iPhone"", ""act"": 0.0}, {""tk"": ""technology"", ""act"": 0.0}, {""tk"": ""company"", ""act"": 0.0}, {""tk"": ""Apple"", ""act"": 0.0}, {""tk"": ""founder"", ""act"": 0.0}, {""tk"": ""of"", ""act"": 0.0}, {""tk"": ""Steve"", ""act"": 0.0}, {""tk"": ""Jobs"", ""act"": 0.0}, {""tk"": ""who"", ""act"": 0.0}, {""tk"": ""started"", ""act"": 0.0}, {""tk"": ""called"", ""act"": 0.0}]"
0_7410,0,7410,entity: A major technology company is Apple,entity,1,0.0,0.0,semantic,"[{""token"": ""entity"", ""index"": 1, ""distance"": 0, ""direction"": ""self""}]",n/a,Semantic,Dictionary,1.0,False,,iphone,"[{""tk"": ""iPhone"", ""act"": 13.22584056854248}, {""tk"": ""is"", ""act"": 0.0}, {""tk"": ""the"", ""act"": 0.0}, {""tk"": ""technology"", ""act"": 0.0}, {""tk"": ""company"", ""act"": 0.0}, {""tk"": ""Apple"", ""act"": 0.0}, {""tk"": ""founder"", ""act"": 0.0}, {""tk"": ""of"", ""act"": 0.0}, {""tk"": ""Steve"", ""act"": 0.0}, {""tk"": ""Jobs"", ""act"": 0.0}, {""tk"": ""who"", ""act"": 0.0}, {""tk"": ""started"", ""act"": 0.0}, {""tk"": ""called"", ""act"": 0.0}, {""tk"": ""established"", ""act"": 0.0}]"
0_11318,0,11318,entity: A major technology company is Apple,entity,1,0.0,0.0,semantic,"[{""token"": ""entity"", ""index"": 1, ""distance"": 0, ""direction"": ""self""}]",n/a,Semantic,Dictionary,1.0,False,,iphone,"[{""tk"": ""iPhone"", ""act"": 14.332988739013672}, {""tk"": ""is"", ""act"": 0.0}, {""tk"": ""the"", ""act"": 0.0}, {""tk"": ""technology"", ""act"": 0.0}, {""tk"": ""company"", ""act"": 0.0}, {""tk"": ""Apple"", ""act"": 0.0}, {""tk"": ""founder"", ""act"": 0.0}, {""tk"": ""of"", ""act"": 0.0}, {""tk"": ""Steve"", ""act"": 0.0}, {""tk"": ""Jobs"", ""act"": 0.0}, {""tk"": ""who"", ""act"": 0.0}, {""tk"": ""started"", ""act"": 0.0}, {""tk"": ""called"", ""act"": 0.0}, {""tk"": ""established"", ""act"": 0.0}]"
0_15001,0,15001,entity: A major technology company is Apple,entity,1,0.0,0.0,semantic,"[{""token"": ""entity"", ""index"": 1, ""distance"": 0, ""direction"": ""self""}]",n/a,Semantic,Dictionary,1.0,False,,who,"[{""tk"": ""who"", ""act"": 14.920398712158203}, {""tk"": ""is"", ""act"": 0.0}, {""tk"": ""the"", ""act"": 0.0}, {""tk"": ""iPhone"", ""act"": 0.0}, {""tk"": ""technology"", ""act"": 0.0}, {""tk"": ""company"", ""act"": 0.0}, {""tk"": ""Apple"", ""act"": 0.0}, {""tk"": ""founder"", ""act"": 0.0}, {""tk"": ""of"", ""act"": 0.0}, {""tk"": ""Steve"", ""act"": 0.0}, {""tk"": ""Jobs"", ""act"": 0.0}, {""tk"": ""started"", ""act"": 0.0}, {""tk"": ""called"", ""act"": 0.0}, {""tk"": ""established"", ""act"": 0.0}]"
0_18535,0,18535,entity: A major technology company is Apple,entity,1,0.0,0.0,semantic,"[{""token"": ""entity"", ""index"": 1, ""distance"": 0, ""direction"": ""self""}]",n/a,Relationship,,1.0,False,,(is) related,"[{""tk"": ""is"", ""act"": 0.0}, {""tk"": ""the"", ""act"": 0.0}, {""tk"": ""iPhone"", ""act"": 0.0}, {""tk"": ""technology"", ""act"": 0.0}, {""tk"": ""company"", ""act"": 0.0}, {""tk"": ""Apple"", ""act"": 0.0}, {""tk"": ""founder"", ""act"": 0.0}, {""tk"": ""of"", ""act"": 0.0}, {""tk"": ""Steve"", ""act"": 0.0}, {""tk"": ""Jobs"", ""act"": 0.0}, {""tk"": ""who"", ""act"": 0.0}, {""tk"": ""started"", ""act"": 0.0}, {""tk"": ""called"", ""act"": 0.0}, {""tk"": ""established"", ""act"": 0.0}]"
0_22730,0,22730,entity: A major technology company is Apple,entity,1,0.0,0.0,semantic,"[{""token"": ""entity"", ""index"": 1, ""distance"": 0, ""direction"": ""self""}]",n/a,Semantic,Dictionary,1.0,False,,iphone,"[{""tk"": ""iPhone"", ""act"": 12.510161399841309}, {""tk"": ""is"", ""act"": 0.0}, {""tk"": ""the"", ""act"": 0.0}, {""tk"": ""technology"", ""act"": 0.0}, {""tk"": ""company"", ""act"": 0.0}, {""tk"": ""Apple"", ""act"": 0.0}, {""tk"": ""founder"", ""act"": 0.0}, {""tk"": ""of"", ""act"": 0.0}, {""tk"": ""Steve"", ""act"": 0.0}, {""tk"": ""Jobs"", ""act"": 0.0}, {""tk"": ""who"", ""act"": 0.0}, {""tk"": ""started"", ""act"": 0.0}, {""tk"": ""called"", ""act"": 0.0}, {""tk"": ""established"", ""act"": 0.0}]"
0_23477,0,23477,entity: A major technology company is Apple,entity,1,0.0,0.0,semantic,"[{""token"": ""entity"", ""index"": 1, ""distance"": 0, ""direction"": ""self""}]",n/a,Relationship,,1.0,False,,(is) related,"[{""tk"": ""is"", ""act"": 0.0}, {""tk"": ""the"", ""act"": 0.0}, {""tk"": ""iPhone"", ""act"": 0.0}, {""tk"": ""technology"", ""act"": 0.0}, {""tk"": ""company"", ""act"": 0.0}, {""tk"": ""Apple"", ""act"": 0.0}, {""tk"": ""founder"", ""act"": 0.0}, {""tk"": ""of"", ""act"": 0.0}, {""tk"": ""Steve"", ""act"": 0.0}, {""tk"": ""Jobs"", ""act"": 0.0}, {""tk"": ""who"", ""act"": 0.0}, {""tk"": ""started"", ""act"": 0.0}, {""tk"": ""called"", ""act"": 0.0}, {""tk"": ""established"", ""act"": 0.0}]"
0_24039,0,24039,entity: A major technology company is Apple,entity,1,0.0,0.0,semantic,"[{""token"": ""entity"", ""index"": 1, ""distance"": 0, ""direction"": ""self""}]",n/a,Semantic,Dictionary,1.0,False,,iphone,"[{""tk"": ""iPhone"", ""act"": 10.376995086669922}, {""tk"": ""is"", ""act"": 0.0}, {""tk"": ""the"", ""act"": 0.0}, {""tk"": ""technology"", ""act"": 0.0}, {""tk"": ""company"", ""act"": 0.0}, {""tk"": ""Apple"", ""act"": 0.0}, {""tk"": ""founder"", ""act"": 0.0}, {""tk"": ""of"", ""act"": 0.0}, {""tk"": ""Steve"", ""act"": 0.0}, {""tk"": ""Jobs"", ""act"": 0.0}, {""tk"": ""who"", ""act"": 0.0}, {""tk"": ""started"", ""act"": 0.0}, {""tk"": ""called"", ""act"": 0.0}, {""tk"": ""established"", ""act"": 0.0}]"
0_25156,0,25156,entity: A major technology company is Apple,entity,1,0.0,0.0,semantic,"[{""token"": ""entity"", ""index"": 1, ""distance"": 0, ""direction"": ""self""}]",n/a,Relationship,,1.0,False,,(is) related,"[{""tk"": ""is"", ""act"": 0.0}, {""tk"": ""the"", ""act"": 0.0}, {""tk"": ""iPhone"", ""act"": 0.0}, {""tk"": ""technology"", ""act"": 0.0}, {""tk"": ""company"", ""act"": 0.0}, {""tk"": ""Apple"", ""act"": 0.0}, {""tk"": ""founder"", ""act"": 0.0}, {""tk"": ""of"", ""act"": 0.0}, {""tk"": ""Steve"", ""act"": 0.0}, {""tk"": ""Jobs"", ""act"": 0.0}, {""tk"": ""who"", ""act"": 0.0}, {""tk"": ""started"", ""act"": 0.0}, {""tk"": ""called"", ""act"": 0.0}, {""tk"": ""established"", ""act"": 0.0}]"
0_28229,0,28229,entity: A major technology company is Apple,entity,1,0.0,0.0,semantic,"[{""token"": ""entity"", ""index"": 1, ""distance"": 0, ""direction"": ""self""}]",n/a,Relationship,,1.0,False,,(is) related,"[{""tk"": ""is"", ""act"": 0.0}, {""tk"": ""the"", ""act"": 0.0}, {""tk"": ""iPhone"", ""act"": 0.0}, {""tk"": ""technology"", ""act"": 0.0}, {""tk"": ""company"", ""act"": 0.0}, {""tk"": ""Apple"", ""act"": 0.0}, {""tk"": ""founder"", ""act"": 0.0}, {""tk"": ""of"", ""act"": 0.0}, {""tk"": ""Steve"", ""act"": 0.0}, {""tk"": ""Jobs"", ""act"": 0.0}, {""tk"": ""who"", ""act"": 0.0}, {""tk"": ""started"", ""act"": 0.0}, {""tk"": ""called"", ""act"": 0.0}, {""tk"": ""established"", ""act"": 0.0}]"
0_31731,0,31731,entity: A major technology company is Apple,entity,1,0.0,0.0,semantic,"[{""token"": ""entity"", ""index"": 1, ""distance"": 0, ""direction"": ""self""}]",n/a,Relationship,,1.0,False,,(is) related,"[{""tk"": ""is"", ""act"": 0.0}, {""tk"": ""the"", ""act"": 0.0}, {""tk"": ""iPhone"", ""act"": 0.0}, {""tk"": ""technology"", ""act"": 0.0}, {""tk"": ""company"", ""act"": 0.0}, {""tk"": ""Apple"", ""act"": 0.0}, {""tk"": ""founder"", ""act"": 0.0}, {""tk"": ""of"", ""act"": 0.0}, {""tk"": ""Steve"", ""act"": 0.0}, {""tk"": ""Jobs"", ""act"": 0.0}, {""tk"": ""who"", ""act"": 0.0}, {""tk"": ""started"", ""act"": 0.0}, {""tk"": ""called"", ""act"": 0.0}, {""tk"": ""established"", ""act"": 0.0}]"
0_33674,0,33674,entity: A major technology company is Apple,entity,1,0.0,0.0,semantic,"[{""token"": ""entity"", ""index"": 1, ""distance"": 0, ""direction"": ""self""}]",n/a,Semantic,Dictionary,1.0,False,,iphone,"[{""tk"": ""iPhone"", ""act"": 9.818336486816406}, {""tk"": ""is"", ""act"": 0.0}, {""tk"": ""the"", ""act"": 0.0}, {""tk"": ""technology"", ""act"": 0.0}, {""tk"": ""company"", ""act"": 0.0}, {""tk"": ""Apple"", ""act"": 0.0}, {""tk"": ""founder"", ""act"": 0.0}, {""tk"": ""of"", ""act"": 0.0}, {""tk"": ""Steve"", ""act"": 0.0}, {""tk"": ""Jobs"", ""act"": 0.0}, {""tk"": ""who"", ""act"": 0.0}, {""tk"": ""started"", ""act"": 0.0}, {""tk"": ""called"", ""act"": 0.0}, {""tk"": ""established"", ""act"": 0.0}]"
0_35288,0,35288,entity: A major technology company is Apple,entity,1,0.0,0.0,semantic,"[{""token"": ""entity"", ""index"": 1, ""distance"": 0, ""direction"": ""self""}]",n/a,Relationship,,1.0,False,,(is) related,"[{""tk"": ""is"", ""act"": 0.0}, {""tk"": ""the"", ""act"": 0.0}, {""tk"": ""iPhone"", ""act"": 0.0}, {""tk"": ""technology"", ""act"": 0.0}, {""tk"": ""company"", ""act"": 0.0}, {""tk"": ""Apple"", ""act"": 0.0}, {""tk"": ""founder"", ""act"": 0.0}, {""tk"": ""of"", ""act"": 0.0}, {""tk"": ""Steve"", ""act"": 0.0}, {""tk"": ""Jobs"", ""act"": 0.0}, {""tk"": ""who"", ""act"": 0.0}, {""tk"": ""started"", ""act"": 0.0}, {""tk"": ""called"", ""act"": 0.0}, {""tk"": ""established"", ""act"": 0.0}]"
0_35860,0,35860,entity: A major technology company is Apple,entity,1,0.0,0.0,semantic,"[{""token"": ""entity"", ""index"": 1, ""distance"": 0, ""direction"": ""self""}]",n/a,Semantic,Dictionary,1.0,False,,iphone,"[{""tk"": ""iPhone"", ""act"": 13.610601425170898}, {""tk"": ""is"", ""act"": 0.0}, {""tk"": ""the"", ""act"": 0.0}, {""tk"": ""technology"", ""act"": 0.0}, {""tk"": ""company"", ""act"": 0.0}, {""tk"": ""Apple"", ""act"": 0.0}, {""tk"": ""founder"", ""act"": 0.0}, {""tk"": ""of"", ""act"": 0.0}, {""tk"": ""Steve"", ""act"": 0.0}, {""tk"": ""Jobs"", ""act"": 0.0}, {""tk"": ""who"", ""act"": 0.0}, {""tk"": ""started"", ""act"": 0.0}, {""tk"": ""called"", ""act"": 0.0}, {""tk"": ""established"", ""act"": 0.0}]"
0_35945,0,35945,entity: A major technology company is Apple,entity,1,0.0,0.0,semantic,"[{""token"": ""entity"", ""index"": 1, ""distance"": 0, ""direction"": ""self""}]",n/a,Semantic,Dictionary (fallback),0.9,False,,The,"[{""tk"": ""The"", ""act"": 47.75575637817383}, {""tk"": ""is"", ""act"": 0.0}, {""tk"": ""iPhone"", ""act"": 0.0}, {""tk"": ""technology"", ""act"": 0.0}, {""tk"": ""company"", ""act"": 0.0}, {""tk"": ""Apple"", ""act"": 0.0}, {""tk"": ""founder"", ""act"": 0.0}, {""tk"": ""of"", ""act"": 0.0}, {""tk"": ""Steve"", ""act"": 0.0}, {""tk"": ""Jobs"", ""act"": 0.0}, {""tk"": ""who"", ""act"": 0.0}, {""tk"": ""started"", ""act"": 0.0}, {""tk"": ""called"", ""act"": 0.0}, {""tk"": ""established"", ""act"": 0.0}]"
0_36289,0,36289,entity: A major technology company is Apple,entity,1,0.0,0.0,semantic,"[{""token"": ""entity"", ""index"": 1, ""distance"": 0, ""direction"": ""self""}]",n/a,Semantic,Dictionary,1.0,False,,iphone,"[{""tk"": ""iPhone"", ""act"": 20.29351806640625}, {""tk"": ""is"", ""act"": 0.0}, {""tk"": ""the"", ""act"": 0.0}, {""tk"": ""technology"", ""act"": 0.0}, {""tk"": ""company"", ""act"": 0.0}, {""tk"": ""Apple"", ""act"": 0.0}, {""tk"": ""founder"", ""act"": 0.0}, {""tk"": ""of"", ""act"": 0.0}, {""tk"": ""Steve"", ""act"": 0.0}, {""tk"": ""Jobs"", ""act"": 0.0}, {""tk"": ""who"", ""act"": 0.0}, {""tk"": ""started"", ""act"": 0.0}, {""tk"": ""called"", ""act"": 0.0}, {""tk"": ""established"", ""act"": 0.0}]"
0_37403,0,37403,entity: A major technology company is Apple,entity,1,0.0,0.0,semantic,"[{""token"": ""entity"", ""index"": 1, ""distance"": 0, ""direction"": ""self""}]",n/a,Semantic,Dictionary,1.0,False,,iphone,"[{""tk"": ""iPhone"", ""act"": 8.71590805053711}, {""tk"": ""is"", ""act"": 0.0}, {""tk"": ""the"", ""act"": 0.0}, {""tk"": ""technology"", ""act"": 0.0}, {""tk"": ""company"", ""act"": 0.0}, {""tk"": ""Apple"", ""act"": 0.0}, {""tk"": ""founder"", ""act"": 0.0}, {""tk"": ""of"", ""act"": 0.0}, {""tk"": ""Steve"", ""act"": 0.0}, {""tk"": ""Jobs"", ""act"": 0.0}, {""tk"": ""who"", ""act"": 0.0}, {""tk"": ""started"", ""act"": 0.0}, {""tk"": ""called"", ""act"": 0.0}, {""tk"": ""established"", ""act"": 0.0}]"
0_42514,0,42514,entity: A major technology company is Apple,entity,1,0.0,0.0,semantic,"[{""token"": ""entity"", ""index"": 1, ""distance"": 0, ""direction"": ""self""}]",n/a,Relationship,,1.0,False,,(is) related,"[{""tk"": ""is"", ""act"": 0.0}, {""tk"": ""the"", ""act"": 0.0}, {""tk"": ""iPhone"", ""act"": 0.0}, {""tk"": ""technology"", ""act"": 0.0}, {""tk"": ""company"", ""act"": 0.0}, {""tk"": ""Apple"", ""act"": 0.0}, {""tk"": ""founder"", ""act"": 0.0}, {""tk"": ""of"", ""act"": 0.0}, {""tk"": ""Steve"", ""act"": 0.0}, {""tk"": ""Jobs"", ""act"": 0.0}, {""tk"": ""who"", ""act"": 0.0}, {""tk"": ""started"", ""act"": 0.0}, {""tk"": ""called"", ""act"": 0.0}, {""tk"": ""established"", ""act"": 0.0}]"
0_44489,0,44489,entity: A major technology company is Apple,entity,1,0.0,0.0,semantic,"[{""token"": ""entity"", ""index"": 1, ""distance"": 0, ""direction"": ""self""}]",n/a,Relationship,,1.0,False,,(is) related,"[{""tk"": ""is"", ""act"": 0.0}, {""tk"": ""the"", ""act"": 0.0}, {""tk"": ""iPhone"", ""act"": 0.0}, {""tk"": ""technology"", ""act"": 0.0}, {""tk"": ""company"", ""act"": 0.0}, {""tk"": ""Apple"", ""act"": 0.0}, {""tk"": ""founder"", ""act"": 0.0}, {""tk"": ""of"", ""act"": 0.0}, {""tk"": ""Steve"", ""act"": 0.0}, {""tk"": ""Jobs"", ""act"": 0.0}, {""tk"": ""who"", ""act"": 0.0}, {""tk"": ""started"", ""act"": 0.0}, {""tk"": ""called"", ""act"": 0.0}, {""tk"": ""established"", ""act"": 0.0}]"
0_46475,0,46475,entity: A major technology company is Apple,entity,1,0.0,0.0,semantic,"[{""token"": ""entity"", ""index"": 1, ""distance"": 0, ""direction"": ""self""}]",n/a,Relationship,,1.0,False,,(is) related,"[{""tk"": ""is"", ""act"": 0.0}, {""tk"": ""the"", ""act"": 0.0}, {""tk"": ""iPhone"", ""act"": 0.0}, {""tk"": ""technology"", ""act"": 0.0}, {""tk"": ""company"", ""act"": 0.0}, {""tk"": ""Apple"", ""act"": 0.0}, {""tk"": ""founder"", ""act"": 0.0}, {""tk"": ""of"", ""act"": 0.0}, {""tk"": ""Steve"", ""act"": 0.0}, {""tk"": ""Jobs"", ""act"": 0.0}, {""tk"": ""who"", ""act"": 0.0}, {""tk"": ""started"", ""act"": 0.0}, {""tk"": ""called"", ""act"": 0.0}, {""tk"": ""established"", ""act"": 0.0}]"
0_46816,0,46816,entity: A major technology company is Apple,entity,1,0.0,0.0,semantic,"[{""token"": ""entity"", ""index"": 1, ""distance"": 0, ""direction"": ""self""}]",n/a,Semantic,Dictionary,1.0,False,,iphone,"[{""tk"": ""iPhone"", ""act"": 12.007062911987305}, {""tk"": ""is"", ""act"": 0.0}, {""tk"": ""the"", ""act"": 0.0}, {""tk"": ""technology"", ""act"": 0.0}, {""tk"": ""company"", ""act"": 0.0}, {""tk"": ""Apple"", ""act"": 0.0}, {""tk"": ""founder"", ""act"": 0.0}, {""tk"": ""of"", ""act"": 0.0}, {""tk"": ""Steve"", ""act"": 0.0}, {""tk"": ""Jobs"", ""act"": 0.0}, {""tk"": ""who"", ""act"": 0.0}, {""tk"": ""started"", ""act"": 0.0}, {""tk"": ""called"", ""act"": 0.0}, {""tk"": ""established"", ""act"": 0.0}]"
0_47726,0,47726,entity: A major technology company is Apple,entity,1,0.0,0.0,semantic,"[{""token"": ""entity"", ""index"": 1, ""distance"": 0, ""direction"": ""self""}]",n/a,Semantic,Dictionary,1.0,False,,iphone,"[{""tk"": ""iPhone"", ""act"": 10.73161506652832}, {""tk"": ""is"", ""act"": 0.0}, {""tk"": ""the"", ""act"": 0.0}, {""tk"": ""technology"", ""act"": 0.0}, {""tk"": ""company"", ""act"": 0.0}, {""tk"": ""Apple"", ""act"": 0.0}, {""tk"": ""founder"", ""act"": 0.0}, {""tk"": ""of"", ""act"": 0.0}, {""tk"": ""Steve"", ""act"": 0.0}, {""tk"": ""Jobs"", ""act"": 0.0}, {""tk"": ""who"", ""act"": 0.0}, {""tk"": ""started"", ""act"": 0.0}, {""tk"": ""called"", ""act"": 0.0}, {""tk"": ""established"", ""act"": 0.0}]"
0_47894,0,47894,entity: A major technology company is Apple,entity,1,0.0,0.0,semantic,"[{""token"": ""entity"", ""index"": 1, ""distance"": 0, ""direction"": ""self""}]",n/a,Relationship,,1.0,False,,(is) related,"[{""tk"": ""is"", ""act"": 0.0}, {""tk"": ""the"", ""act"": 0.0}, {""tk"": ""iPhone"", ""act"": 0.0}, {""tk"": ""technology"", ""act"": 0.0}, {""tk"": ""company"", ""act"": 0.0}, {""tk"": ""Apple"", ""act"": 0.0}, {""tk"": ""founder"", ""act"": 0.0}, {""tk"": ""of"", ""act"": 0.0}, {""tk"": ""Steve"", ""act"": 0.0}, {""tk"": ""Jobs"", ""act"": 0.0}, {""tk"": ""who"", ""act"": 0.0}, {""tk"": ""started"", ""act"": 0.0}, {""tk"": ""called"", ""act"": 0.0}, {""tk"": ""established"", ""act"": 0.0}]"
0_54572,0,54572,entity: A major technology company is Apple,entity,1,0.0,0.0,semantic,"[{""token"": ""entity"", ""index"": 1, ""distance"": 0, ""direction"": ""self""}]",n/a,Semantic,Dictionary (fallback),0.9,False,,The,"[{""tk"": ""The"", ""act"": 30.52366828918457}, {""tk"": ""is"", ""act"": 0.0}, {""tk"": ""iPhone"", ""act"": 0.0}, {""tk"": ""technology"", ""act"": 0.0}, {""tk"": ""company"", ""act"": 0.0}, {""tk"": ""Apple"", ""act"": 0.0}, {""tk"": ""founder"", ""act"": 0.0}, {""tk"": ""of"", ""act"": 0.0}, {""tk"": ""Steve"", ""act"": 0.0}, {""tk"": ""Jobs"", ""act"": 0.0}, {""tk"": ""who"", ""act"": 0.0}, {""tk"": ""started"", ""act"": 0.0}, {""tk"": ""called"", ""act"": 0.0}, {""tk"": ""established"", ""act"": 0.0}]"
0_56575,0,56575,entity: A major technology company is Apple,entity,1,0.0,0.0,semantic,"[{""token"": ""entity"", ""index"": 1, ""distance"": 0, ""direction"": ""self""}]",n/a,Semantic,Dictionary,1.0,False,,started,"[{""tk"": ""started"", ""act"": 11.946228981018066}, {""tk"": ""is"", ""act"": 0.0}, {""tk"": ""the"", ""act"": 0.0}, {""tk"": ""iPhone"", ""act"": 0.0}, {""tk"": ""technology"", ""act"": 0.0}, {""tk"": ""company"", ""act"": 0.0}, {""tk"": ""Apple"", ""act"": 0.0}, {""tk"": ""founder"", ""act"": 0.0}, {""tk"": ""of"", ""act"": 0.0}, {""tk"": ""Steve"", ""act"": 0.0}, {""tk"": ""Jobs"", ""act"": 0.0}, {""tk"": ""who"", ""act"": 0.0}, {""tk"": ""called"", ""act"": 0.0}, {""tk"": ""established"", ""act"": 0.0}]"
0_58439,0,58439,entity: A major technology company is Apple,entity,1,0.0,0.0,semantic,"[{""token"": ""entity"", ""index"": 1, ""distance"": 0, ""direction"": ""self""}]",n/a,Semantic,Dictionary,1.0,False,,iphone,"[{""tk"": ""iPhone"", ""act"": 7.56377649307251}, {""tk"": ""is"", ""act"": 0.0}, {""tk"": ""the"", ""act"": 0.0}, {""tk"": ""technology"", ""act"": 0.0}, {""tk"": ""company"", ""act"": 0.0}, {""tk"": ""Apple"", ""act"": 0.0}, {""tk"": ""founder"", ""act"": 0.0}, {""tk"": ""of"", ""act"": 0.0}, {""tk"": ""Steve"", ""act"": 0.0}, {""tk"": ""Jobs"", ""act"": 0.0}, {""tk"": ""who"", ""act"": 0.0}, {""tk"": ""started"", ""act"": 0.0}, {""tk"": ""called"", ""act"": 0.0}, {""tk"": ""established"", ""act"": 0.0}]"
0_58540,0,58540,entity: A major technology company is Apple,entity,1,0.0,0.0,semantic,"[{""token"": ""entity"", ""index"": 1, ""distance"": 0, ""direction"": ""self""}]",n/a,Relationship,,1.0,False,,(is) related,"[{""tk"": ""is"", ""act"": 0.0}, {""tk"": ""the"", ""act"": 0.0}, {""tk"": ""iPhone"", ""act"": 0.0}, {""tk"": ""technology"", ""act"": 0.0}, {""tk"": ""company"", ""act"": 0.0}, {""tk"": ""Apple"", ""act"": 0.0}, {""tk"": ""founder"", ""act"": 0.0}, {""tk"": ""of"", ""act"": 0.0}, {""tk"": ""Steve"", ""act"": 0.0}, {""tk"": ""Jobs"", ""act"": 0.0}, {""tk"": ""who"", ""act"": 0.0}, {""tk"": ""started"", ""act"": 0.0}, {""tk"": ""called"", ""act"": 0.0}, {""tk"": ""established"", ""act"": 0.0}]"
0_60856,0,60856,entity: A major technology company is Apple,entity,1,0.0,0.0,semantic,"[{""token"": ""entity"", ""index"": 1, ""distance"": 0, ""direction"": ""self""}]",n/a,Semantic,Dictionary,1.0,False,,iphone,"[{""tk"": ""iPhone"", ""act"": 11.922277450561523}, {""tk"": ""is"", ""act"": 0.0}, {""tk"": ""the"", ""act"": 0.0}, {""tk"": ""technology"", ""act"": 0.0}, {""tk"": ""company"", ""act"": 0.0}, {""tk"": ""Apple"", ""act"": 0.0}, {""tk"": ""founder"", ""act"": 0.0}, {""tk"": ""of"", ""act"": 0.0}, {""tk"": ""Steve"", ""act"": 0.0}, {""tk"": ""Jobs"", ""act"": 0.0}, {""tk"": ""who"", ""act"": 0.0}, {""tk"": ""started"", ""act"": 0.0}, {""tk"": ""called"", ""act"": 0.0}, {""tk"": ""established"", ""act"": 0.0}]"
0_65721,0,65721,entity: A major technology company is Apple,entity,1,0.0,0.0,semantic,"[{""token"": ""entity"", ""index"": 1, ""distance"": 0, ""direction"": ""self""}]",n/a,Relationship,,1.0,False,,(is) related,"[{""tk"": ""is"", ""act"": 0.0}, {""tk"": ""the"", ""act"": 0.0}, {""tk"": ""iPhone"", ""act"": 0.0}, {""tk"": ""technology"", ""act"": 0.0}, {""tk"": ""company"", ""act"": 0.0}, {""tk"": ""Apple"", ""act"": 0.0}, {""tk"": ""founder"", ""act"": 0.0}, {""tk"": ""of"", ""act"": 0.0}, {""tk"": ""Steve"", ""act"": 0.0}, {""tk"": ""Jobs"", ""act"": 0.0}, {""tk"": ""who"", ""act"": 0.0}, {""tk"": ""started"", ""act"": 0.0}, {""tk"": ""called"", ""act"": 0.0}, {""tk"": ""established"", ""act"": 0.0}]"
0_66850,0,66850,entity: A major technology company is Apple,entity,1,0.0,0.0,semantic,"[{""token"": ""entity"", ""index"": 1, ""distance"": 0, ""direction"": ""self""}]",n/a,Semantic,Dictionary,1.0,False,,iphone,"[{""tk"": ""iPhone"", ""act"": 9.210744857788086}, {""tk"": ""is"", ""act"": 0.0}, {""tk"": ""the"", ""act"": 0.0}, {""tk"": ""technology"", ""act"": 0.0}, {""tk"": ""company"", ""act"": 0.0}, {""tk"": ""Apple"", ""act"": 0.0}, {""tk"": ""founder"", ""act"": 0.0}, {""tk"": ""of"", ""act"": 0.0}, {""tk"": ""Steve"", ""act"": 0.0}, {""tk"": ""Jobs"", ""act"": 0.0}, {""tk"": ""who"", ""act"": 0.0}, {""tk"": ""started"", ""act"": 0.0}, {""tk"": ""called"", ""act"": 0.0}, {""tk"": ""established"", ""act"": 0.0}]"
0_67902,0,67902,entity: A major technology company is Apple,entity,1,0.0,0.0,semantic,"[{""token"": ""entity"", ""index"": 1, ""distance"": 0, ""direction"": ""self""}]",n/a,Relationship,,1.0,False,,(is) related,"[{""tk"": ""is"", ""act"": 0.0}, {""tk"": ""the"", ""act"": 0.0}, {""tk"": ""iPhone"", ""act"": 0.0}, {""tk"": ""technology"", ""act"": 0.0}, {""tk"": ""company"", ""act"": 0.0}, {""tk"": ""Apple"", ""act"": 0.0}, {""tk"": ""founder"", ""act"": 0.0}, {""tk"": ""of"", ""act"": 0.0}, {""tk"": ""Steve"", ""act"": 0.0}, {""tk"": ""Jobs"", ""act"": 0.0}, {""tk"": ""who"", ""act"": 0.0}, {""tk"": ""started"", ""act"": 0.0}, {""tk"": ""called"", ""act"": 0.0}, {""tk"": ""established"", ""act"": 0.0}]"
0_71189,0,71189,entity: A major technology company is Apple,entity,1,0.0,0.0,semantic,"[{""token"": ""entity"", ""index"": 1, ""distance"": 0, ""direction"": ""self""}]",n/a,Relationship,,1.0,False,,(is) related,"[{""tk"": ""is"", ""act"": 0.0}, {""tk"": ""the"", ""act"": 0.0}, {""tk"": ""iPhone"", ""act"": 0.0}, {""tk"": ""technology"", ""act"": 0.0}, {""tk"": ""company"", ""act"": 0.0}, {""tk"": ""Apple"", ""act"": 0.0}, {""tk"": ""founder"", ""act"": 0.0}, {""tk"": ""of"", ""act"": 0.0}, {""tk"": ""Steve"", ""act"": 0.0}, {""tk"": ""Jobs"", ""act"": 0.0}, {""tk"": ""who"", ""act"": 0.0}, {""tk"": ""started"", ""act"": 0.0}, {""tk"": ""called"", ""act"": 0.0}, {""tk"": ""established"", ""act"": 0.0}]"
0_71287,0,71287,entity: A major technology company is Apple,entity,1,0.0,0.0,semantic,"[{""token"": ""entity"", ""index"": 1, ""distance"": 0, ""direction"": ""self""}]",n/a,Relationship,,1.0,False,,(is) related,"[{""tk"": ""is"", ""act"": 0.0}, {""tk"": ""the"", ""act"": 0.0}, {""tk"": ""iPhone"", ""act"": 0.0}, {""tk"": ""technology"", ""act"": 0.0}, {""tk"": ""company"", ""act"": 0.0}, {""tk"": ""Apple"", ""act"": 0.0}, {""tk"": ""founder"", ""act"": 0.0}, {""tk"": ""of"", ""act"": 0.0}, {""tk"": ""Steve"", ""act"": 0.0}, {""tk"": ""Jobs"", ""act"": 0.0}, {""tk"": ""who"", ""act"": 0.0}, {""tk"": ""started"", ""act"": 0.0}, {""tk"": ""called"", ""act"": 0.0}, {""tk"": ""established"", ""act"": 0.0}]"
0_72628,0,72628,entity: A major technology company is Apple,entity,1,0.0,0.0,semantic,"[{""token"": ""entity"", ""index"": 1, ""distance"": 0, ""direction"": ""self""}]",n/a,Semantic,Dictionary,1.0,False,,iphone,"[{""tk"": ""iPhone"", ""act"": 13.571720123291016}, {""tk"": ""is"", ""act"": 0.0}, {""tk"": ""the"", ""act"": 0.0}, {""tk"": ""technology"", ""act"": 0.0}, {""tk"": ""company"", ""act"": 0.0}, {""tk"": ""Apple"", ""act"": 0.0}, {""tk"": ""founder"", ""act"": 0.0}, {""tk"": ""of"", ""act"": 0.0}, {""tk"": ""Steve"", ""act"": 0.0}, {""tk"": ""Jobs"", ""act"": 0.0}, {""tk"": ""who"", ""act"": 0.0}, {""tk"": ""started"", ""act"": 0.0}, {""tk"": ""called"", ""act"": 0.0}, {""tk"": ""established"", ""act"": 0.0}]"
0_79311,0,79311,entity: A major technology company is Apple,entity,1,0.0,0.0,semantic,"[{""token"": ""entity"", ""index"": 1, ""distance"": 0, ""direction"": ""self""}]",n/a,Relationship,,1.0,False,,(is) related,"[{""tk"": ""is"", ""act"": 0.0}, {""tk"": ""the"", ""act"": 0.0}, {""tk"": ""iPhone"", ""act"": 0.0}, {""tk"": ""technology"", ""act"": 0.0}, {""tk"": ""company"", ""act"": 0.0}, {""tk"": ""Apple"", ""act"": 0.0}, {""tk"": ""founder"", ""act"": 0.0}, {""tk"": ""of"", ""act"": 0.0}, {""tk"": ""Steve"", ""act"": 0.0}, {""tk"": ""Jobs"", ""act"": 0.0}, {""tk"": ""who"", ""act"": 0.0}, {""tk"": ""started"", ""act"": 0.0}, {""tk"": ""called"", ""act"": 0.0}, {""tk"": ""established"", ""act"": 0.0}]"
0_79557,0,79557,entity: A major technology company is Apple,entity,1,0.0,0.0,semantic,"[{""token"": ""entity"", ""index"": 1, ""distance"": 0, ""direction"": ""self""}]",n/a,Relationship,,1.0,False,,(is) related,"[{""tk"": ""is"", ""act"": 0.0}, {""tk"": ""the"", ""act"": 0.0}, {""tk"": ""iPhone"", ""act"": 0.0}, {""tk"": ""technology"", ""act"": 0.0}, {""tk"": ""company"", ""act"": 0.0}, {""tk"": ""Apple"", ""act"": 0.0}, {""tk"": ""founder"", ""act"": 0.0}, {""tk"": ""of"", ""act"": 0.0}, {""tk"": ""Steve"", ""act"": 0.0}, {""tk"": ""Jobs"", ""act"": 0.0}, {""tk"": ""who"", ""act"": 0.0}, {""tk"": ""started"", ""act"": 0.0}, {""tk"": ""called"", ""act"": 0.0}, {""tk"": ""established"", ""act"": 0.0}]"
0_80278,0,80278,entity: A major technology company is Apple,entity,1,0.0,0.0,semantic,"[{""token"": ""entity"", ""index"": 1, ""distance"": 0, ""direction"": ""self""}]",n/a,Relationship,,1.0,False,,(is) related,"[{""tk"": ""is"", ""act"": 0.0}, {""tk"": ""the"", ""act"": 0.0}, {""tk"": ""iPhone"", ""act"": 0.0}, {""tk"": ""technology"", ""act"": 0.0}, {""tk"": ""company"", ""act"": 0.0}, {""tk"": ""Apple"", ""act"": 0.0}, {""tk"": ""founder"", ""act"": 0.0}, {""tk"": ""of"", ""act"": 0.0}, {""tk"": ""Steve"", ""act"": 0.0}, {""tk"": ""Jobs"", ""act"": 0.0}, {""tk"": ""who"", ""act"": 0.0}, {""tk"": ""started"", ""act"": 0.0}, {""tk"": ""called"", ""act"": 0.0}, {""tk"": ""established"", ""act"": 0.0}]"
0_81040,0,81040,entity: A major technology company is Apple,entity,1,0.0,0.0,semantic,"[{""token"": ""entity"", ""index"": 1, ""distance"": 0, ""direction"": ""self""}]",n/a,Relationship,,1.0,False,,(is) related,"[{""tk"": ""is"", ""act"": 0.0}, {""tk"": ""the"", ""act"": 0.0}, {""tk"": ""iPhone"", ""act"": 0.0}, {""tk"": ""technology"", ""act"": 0.0}, {""tk"": ""company"", ""act"": 0.0}, {""tk"": ""Apple"", ""act"": 0.0}, {""tk"": ""founder"", ""act"": 0.0}, {""tk"": ""of"", ""act"": 0.0}, {""tk"": ""Steve"", ""act"": 0.0}, {""tk"": ""Jobs"", ""act"": 0.0}, {""tk"": ""who"", ""act"": 0.0}, {""tk"": ""started"", ""act"": 0.0}, {""tk"": ""called"", ""act"": 0.0}, {""tk"": ""established"", ""act"": 0.0}]"
0_81224,0,81224,entity: A major technology company is Apple,entity,1,0.0,0.0,semantic,"[{""token"": ""entity"", ""index"": 1, ""distance"": 0, ""direction"": ""self""}]",n/a,Semantic,Dictionary,1.0,False,,iphone,"[{""tk"": ""iPhone"", ""act"": 13.222972869873047}, {""tk"": ""is"", ""act"": 0.0}, {""tk"": ""the"", ""act"": 0.0}, {""tk"": ""technology"", ""act"": 0.0}, {""tk"": ""company"", ""act"": 0.0}, {""tk"": ""Apple"", ""act"": 0.0}, {""tk"": ""founder"", ""act"": 0.0}, {""tk"": ""of"", ""act"": 0.0}, {""tk"": ""Steve"", ""act"": 0.0}, {""tk"": ""Jobs"", ""act"": 0.0}, {""tk"": ""who"", ""act"": 0.0}, {""tk"": ""started"", ""act"": 0.0}, {""tk"": ""called"", ""act"": 0.0}, {""tk"": ""established"", ""act"": 0.0}]"
0_86119,0,86119,entity: A major technology company is Apple,entity,1,0.0,0.0,semantic,"[{""token"": ""entity"", ""index"": 1, ""distance"": 0, ""direction"": ""self""}]",n/a,Semantic,Dictionary,1.0,False,,founder,"[{""tk"": ""founder"", ""act"": 31.241363525390625}, {""tk"": ""is"", ""act"": 0.0}, {""tk"": ""the"", ""act"": 0.0}, {""tk"": ""iPhone"", ""act"": 0.0}, {""tk"": ""technology"", ""act"": 0.0}, {""tk"": ""company"", ""act"": 0.0}, {""tk"": ""Apple"", ""act"": 0.0}, {""tk"": ""of"", ""act"": 0.0}, {""tk"": ""Steve"", ""act"": 0.0}, {""tk"": ""Jobs"", ""act"": 0.0}, {""tk"": ""who"", ""act"": 0.0}, {""tk"": ""started"", ""act"": 0.0}, {""tk"": ""called"", ""act"": 0.0}, {""tk"": ""established"", ""act"": 0.0}]"
0_87647,0,87647,entity: A major technology company is Apple,entity,1,0.0,0.0,semantic,"[{""token"": ""entity"", ""index"": 1, ""distance"": 0, ""direction"": ""self""}]",n/a,Relationship,,1.0,False,,(is) related,"[{""tk"": ""is"", ""act"": 0.0}, {""tk"": ""the"", ""act"": 0.0}, {""tk"": ""iPhone"", ""act"": 0.0}, {""tk"": ""technology"", ""act"": 0.0}, {""tk"": ""company"", ""act"": 0.0}, {""tk"": ""Apple"", ""act"": 0.0}, {""tk"": ""founder"", ""act"": 0.0}, {""tk"": ""of"", ""act"": 0.0}, {""tk"": ""Steve"", ""act"": 0.0}, {""tk"": ""Jobs"", ""act"": 0.0}, {""tk"": ""who"", ""act"": 0.0}, {""tk"": ""started"", ""act"": 0.0}, {""tk"": ""called"", ""act"": 0.0}, {""tk"": ""established"", ""act"": 0.0}]"
0_89546,0,89546,entity: A major technology company is Apple,entity,1,0.0,0.0,semantic,"[{""token"": ""entity"", ""index"": 1, ""distance"": 0, ""direction"": ""self""}]",n/a,Relationship,,1.0,False,,(is) related,"[{""tk"": ""is"", ""act"": 0.0}, {""tk"": ""the"", ""act"": 0.0}, {""tk"": ""iPhone"", ""act"": 0.0}, {""tk"": ""technology"", ""act"": 0.0}, {""tk"": ""company"", ""act"": 0.0}, {""tk"": ""Apple"", ""act"": 0.0}, {""tk"": ""founder"", ""act"": 0.0}, {""tk"": ""of"", ""act"": 0.0}, {""tk"": ""Steve"", ""act"": 0.0}, {""tk"": ""Jobs"", ""act"": 0.0}, {""tk"": ""who"", ""act"": 0.0}, {""tk"": ""started"", ""act"": 0.0}, {""tk"": ""called"", ""act"": 0.0}, {""tk"": ""established"", ""act"": 0.0}]"
0_92510,0,92510,entity: A major technology company is Apple,entity,1,0.0,0.0,semantic,"[{""token"": ""entity"", ""index"": 1, ""distance"": 0, ""direction"": ""self""}]",n/a,Semantic,Dictionary,1.0,False,,iphone,"[{""tk"": ""iPhone"", ""act"": 5.416934967041016}, {""tk"": ""is"", ""act"": 0.0}, {""tk"": ""the"", ""act"": 0.0}, {""tk"": ""technology"", ""act"": 0.0}, {""tk"": ""company"", ""act"": 0.0}, {""tk"": ""Apple"", ""act"": 0.0}, {""tk"": ""founder"", ""act"": 0.0}, {""tk"": ""of"", ""act"": 0.0}, {""tk"": ""Steve"", ""act"": 0.0}, {""tk"": ""Jobs"", ""act"": 0.0}, {""tk"": ""who"", ""act"": 0.0}, {""tk"": ""started"", ""act"": 0.0}, {""tk"": ""called"", ""act"": 0.0}, {""tk"": ""established"", ""act"": 0.0}]"
0_95082,0,95082,entity: A major technology company is Apple,entity,1,0.0,0.0,semantic,"[{""token"": ""entity"", ""index"": 1, ""distance"": 0, ""direction"": ""self""}]",n/a,Relationship,,1.0,False,,(is) related,"[{""tk"": ""is"", ""act"": 0.0}, {""tk"": ""the"", ""act"": 0.0}, {""tk"": ""iPhone"", ""act"": 0.0}, {""tk"": ""technology"", ""act"": 0.0}, {""tk"": ""company"", ""act"": 0.0}, {""tk"": ""Apple"", ""act"": 0.0}, {""tk"": ""founder"", ""act"": 0.0}, {""tk"": ""of"", ""act"": 0.0}, {""tk"": ""Steve"", ""act"": 0.0}, {""tk"": ""Jobs"", ""act"": 0.0}, {""tk"": ""who"", ""act"": 0.0}, {""tk"": ""started"", ""act"": 0.0}, {""tk"": ""called"", ""act"": 0.0}, {""tk"": ""established"", ""act"": 0.0}]"
0_95200,0,95200,entity: A major technology company is Apple,entity,1,0.0,0.0,semantic,"[{""token"": ""entity"", ""index"": 1, ""distance"": 0, ""direction"": ""self""}]",n/a,Relationship,,1.0,False,,(is) related,"[{""tk"": ""is"", ""act"": 0.0}, {""tk"": ""the"", ""act"": 0.0}, {""tk"": ""iPhone"", ""act"": 0.0}, {""tk"": ""technology"", ""act"": 0.0}, {""tk"": ""company"", ""act"": 0.0}, {""tk"": ""Apple"", ""act"": 0.0}, {""tk"": ""founder"", ""act"": 0.0}, {""tk"": ""of"", ""act"": 0.0}, {""tk"": ""Steve"", ""act"": 0.0}, {""tk"": ""Jobs"", ""act"": 0.0}, {""tk"": ""who"", ""act"": 0.0}, {""tk"": ""started"", ""act"": 0.0}, {""tk"": ""called"", ""act"": 0.0}, {""tk"": ""established"", ""act"": 0.0}]"
0_95264,0,95264,entity: A major technology company is Apple,entity,1,0.0,0.0,semantic,"[{""token"": ""entity"", ""index"": 1, ""distance"": 0, ""direction"": ""self""}]",n/a,Semantic,Dictionary (fallback),0.9,False,,Semantic (unknown),"[{""tk"": ""is"", ""act"": 0.0}, {""tk"": ""the"", ""act"": 0.0}, {""tk"": ""iPhone"", ""act"": 0.0}, {""tk"": ""technology"", ""act"": 0.0}, {""tk"": ""company"", ""act"": 0.0}, {""tk"": ""Apple"", ""act"": 0.0}, {""tk"": ""founder"", ""act"": 0.0}, {""tk"": ""of"", ""act"": 0.0}, {""tk"": ""Steve"", ""act"": 0.0}, {""tk"": ""Jobs"", ""act"": 0.0}, {""tk"": ""who"", ""act"": 0.0}, {""tk"": ""started"", ""act"": 0.0}, {""tk"": ""called"", ""act"": 0.0}, {""tk"": ""established"", ""act"": 0.0}]"
0_95889,0,95889,entity: A major technology company is Apple,entity,1,0.0,0.0,semantic,"[{""token"": ""entity"", ""index"": 1, ""distance"": 0, ""direction"": ""self""}]",n/a,Semantic,Dictionary,1.0,False,,iphone,"[{""tk"": ""iPhone"", ""act"": 19.28626251220703}, {""tk"": ""is"", ""act"": 0.0}, {""tk"": ""the"", ""act"": 0.0}, {""tk"": ""technology"", ""act"": 0.0}, {""tk"": ""company"", ""act"": 0.0}, {""tk"": ""Apple"", ""act"": 0.0}, {""tk"": ""founder"", ""act"": 0.0}, {""tk"": ""of"", ""act"": 0.0}, {""tk"": ""Steve"", ""act"": 0.0}, {""tk"": ""Jobs"", ""act"": 0.0}, {""tk"": ""who"", ""act"": 0.0}, {""tk"": ""started"", ""act"": 0.0}, {""tk"": ""called"", ""act"": 0.0}, {""tk"": ""established"", ""act"": 0.0}]"
1_12928,1,12928,entity: A major technology company is Apple,entity,1,105.55604553222656,0.3207139316546591,semantic,"[{""token"": ""entity"", ""index"": 1, ""distance"": 0, ""direction"": ""self""}]",n/a,Relationship,,1.0,False,,(company) related,"[{""tk"": ""company"", ""act"": 103.49964904785156}, {""tk"": ""established"", ""act"": 92.58650970458984}, {""tk"": ""iPhone"", ""act"": 90.49929809570312}, {""tk"": ""Steve"", ""act"": 86.70033264160156}, {""tk"": ""founder"", ""act"": 86.57603454589844}, {""tk"": ""the"", ""act"": 86.19105529785156}, {""tk"": ""is"", ""act"": 80.84886169433594}, {""tk"": ""who"", ""act"": 76.71305847167969}, {""tk"": ""Apple"", ""act"": 75.59980010986328}, {""tk"": ""started"", ""act"": 75.0350570678711}, {""tk"": ""technology"", ""act"": 74.70613098144531}, {""tk"": ""Jobs"", ""act"": 70.95344543457031}, {""tk"": ""called"", ""act"": 70.83543395996094}, {""tk"": ""of"", ""act"": 65.76375579833984}]"
1_57794,1,57794,entity: A major technology company is Apple,entity,1,114.00083923339844,0.3207118115810412,semantic,"[{""token"": ""entity"", ""index"": 1, ""distance"": 0, ""direction"": ""self""}]",n/a,Relationship,,1.0,False,,(founder) related,"[{""tk"": ""founder"", ""act"": 91.56708526611328}, {""tk"": ""The"", ""act"": 90.82074737548828}, {""tk"": ""company"", ""act"": 88.58515930175781}, {""tk"": ""is"", ""act"": 87.5733871459961}, {""tk"": ""iPhone"", ""act"": 87.30318450927734}, {""tk"": ""Steve"", ""act"": 84.86897277832031}, {""tk"": ""called"", ""act"": 83.69468688964844}, {""tk"": ""established"", ""act"": 81.81749725341797}, {""tk"": ""Apple"", ""act"": 81.7845230102539}, {""tk"": ""of"", ""act"": 76.51925659179688}, {""tk"": ""technology"", ""act"": 74.1735610961914}, {""tk"": ""started"", ""act"": 71.23902893066406}, {""tk"": ""who"", ""act"": 66.8528060913086}, {""tk"": ""Jobs"", ""act"": 57.128662109375}]"
1_72774,1,72774,entity: A major technology company is Apple, major,4,120.78730010986328,0.3347836681324266,semantic,"[{""token"": "" major"", ""index"": 4, ""distance"": 0, ""direction"": ""self""}]",n/a,Relationship,,1.0,False,,(company) related,"[{""tk"": ""company"", ""act"": 106.63935089111328}, {""tk"": ""started"", ""act"": 98.42762756347656}, {""tk"": ""founder"", ""act"": 94.7982177734375}, {""tk"": ""who"", ""act"": 93.58486938476562}, {""tk"": ""technology"", ""act"": 90.14810943603516}, {""tk"": ""called"", ""act"": 88.46238708496094}, {""tk"": ""Apple"", ""act"": 86.1917724609375}, {""tk"": ""is"", ""act"": 83.7561264038086}, {""tk"": ""Jobs"", ""act"": 83.56375122070312}, {""tk"": ""established"", ""act"": 77.50685119628906}, {""tk"": ""The"", ""act"": 74.08993530273438}, {""tk"": ""Steve"", ""act"": 72.27926635742188}, {""tk"": ""of"", ""act"": 68.65750885009766}, {""tk"": ""iPhone"", ""act"": 59.02979278564453}]"
1_52044,1,52044,entity: A major technology company is Apple, major,4,118.80695343017578,0.2915231583202572,semantic,"[{""token"": "" major"", ""index"": 4, ""distance"": 0, ""direction"": ""self""}]",n/a,Relationship,,1.0,False,,(started) related,"[{""tk"": ""started"", ""act"": 120.04768371582031}, {""tk"": ""called"", ""act"": 115.20313262939453}, {""tk"": ""founder"", ""act"": 114.00474548339844}, {""tk"": ""company"", ""act"": 113.04615020751953}, {""tk"": ""established"", ""act"": 108.39888000488281}, {""tk"": ""who"", ""act"": 107.64916229248047}, {""tk"": ""technology"", ""act"": 96.14112091064453}, {""tk"": ""is"", ""act"": 94.12593841552734}, {""tk"": ""Apple"", ""act"": 92.30553436279297}, {""tk"": ""Jobs"", ""act"": 90.52021789550781}, {""tk"": ""the"", ""act"": 87.14351654052734}, {""tk"": ""Steve"", ""act"": 81.05712127685547}, {""tk"": ""of"", ""act"": 76.76270294189453}, {""tk"": ""iPhone"", ""act"": 75.94082641601562}]"
1_66937,1,66937,entity: A major technology company is Apple, Apple,8,27.83917999267578,0.875,semantic,"[{""token"": "" Apple"", ""index"": 8, ""distance"": 0, ""direction"": ""self""}]",n/a,Semantic,Dictionary (fallback),0.9,False,,Apple,"[{""tk"": ""Apple"", ""act"": 27.83917999267578}, {""tk"": ""iPhone"", ""act"": 5.526341915130615}, {""tk"": ""is"", ""act"": 0.0}, {""tk"": ""the"", ""act"": 0.0}, {""tk"": ""technology"", ""act"": 0.0}, {""tk"": ""company"", ""act"": 0.0}, {""tk"": ""founder"", ""act"": 0.0}, {""tk"": ""of"", ""act"": 0.0}, {""tk"": ""Steve"", ""act"": 0.0}, {""tk"": ""Jobs"", ""act"": 0.0}, {""tk"": ""who"", ""act"": 0.0}, {""tk"": ""started"", ""act"": 0.0}, {""tk"": ""called"", ""act"": 0.0}, {""tk"": ""established"", ""act"": 0.0}]"
1_1319,1,1319,entity: A major technology company is Apple,entity,1,0.0,0.0,semantic,"[{""token"": ""entity"", ""index"": 1, ""distance"": 0, ""direction"": ""self""}]",n/a,Semantic,Dictionary,1.0,False,,iphone,"[{""tk"": ""iPhone"", ""act"": 12.844186782836914}, {""tk"": ""is"", ""act"": 0.0}, {""tk"": ""the"", ""act"": 0.0}, {""tk"": ""technology"", ""act"": 0.0}, {""tk"": ""company"", ""act"": 0.0}, {""tk"": ""Apple"", ""act"": 0.0}, {""tk"": ""founder"", ""act"": 0.0}, {""tk"": ""of"", ""act"": 0.0}, {""tk"": ""Steve"", ""act"": 0.0}, {""tk"": ""Jobs"", ""act"": 0.0}, {""tk"": ""who"", ""act"": 0.0}, {""tk"": ""started"", ""act"": 0.0}, {""tk"": ""called"", ""act"": 0.0}, {""tk"": ""established"", ""act"": 0.0}]"
1_1693,1,1693,entity: A major technology company is Apple,entity,1,0.0,0.0,semantic,"[{""token"": ""entity"", ""index"": 1, ""distance"": 0, ""direction"": ""self""}]",n/a,Relationship,,1.0,False,,(is) related,"[{""tk"": ""is"", ""act"": 0.0}, {""tk"": ""the"", ""act"": 0.0}, {""tk"": ""iPhone"", ""act"": 0.0}, {""tk"": ""technology"", ""act"": 0.0}, {""tk"": ""company"", ""act"": 0.0}, {""tk"": ""Apple"", ""act"": 0.0}, {""tk"": ""founder"", ""act"": 0.0}, {""tk"": ""of"", ""act"": 0.0}, {""tk"": ""Steve"", ""act"": 0.0}, {""tk"": ""Jobs"", ""act"": 0.0}, {""tk"": ""who"", ""act"": 0.0}, {""tk"": ""started"", ""act"": 0.0}, {""tk"": ""called"", ""act"": 0.0}, {""tk"": ""established"", ""act"": 0.0}]"
1_31678,1,31678,entity: A major technology company is Apple,entity,1,0.0,0.0,semantic,"[{""token"": ""entity"", ""index"": 1, ""distance"": 0, ""direction"": ""self""}]",n/a,Semantic,Dictionary,1.0,False,,iphone,"[{""tk"": ""iPhone"", ""act"": 16.88176727294922}, {""tk"": ""is"", ""act"": 0.0}, {""tk"": ""the"", ""act"": 0.0}, {""tk"": ""technology"", ""act"": 0.0}, {""tk"": ""company"", ""act"": 0.0}, {""tk"": ""Apple"", ""act"": 0.0}, {""tk"": ""founder"", ""act"": 0.0}, {""tk"": ""of"", ""act"": 0.0}, {""tk"": ""Steve"", ""act"": 0.0}, {""tk"": ""Jobs"", ""act"": 0.0}, {""tk"": ""who"", ""act"": 0.0}, {""tk"": ""started"", ""act"": 0.0}, {""tk"": ""called"", ""act"": 0.0}, {""tk"": ""established"", ""act"": 0.0}]"
1_58469,1,58469,entity: A major technology company is Apple,entity,1,0.0,0.0,semantic,"[{""token"": ""entity"", ""index"": 1, ""distance"": 0, ""direction"": ""self""}]",n/a,Relationship,,1.0,False,,(is) related,"[{""tk"": ""is"", ""act"": 0.0}, {""tk"": ""the"", ""act"": 0.0}, {""tk"": ""iPhone"", ""act"": 0.0}, {""tk"": ""technology"", ""act"": 0.0}, {""tk"": ""company"", ""act"": 0.0}, {""tk"": ""Apple"", ""act"": 0.0}, {""tk"": ""founder"", ""act"": 0.0}, {""tk"": ""of"", ""act"": 0.0}, {""tk"": ""Steve"", ""act"": 0.0}, {""tk"": ""Jobs"", ""act"": 0.0}, {""tk"": ""who"", ""act"": 0.0}, {""tk"": ""started"", ""act"": 0.0}, {""tk"": ""called"", ""act"": 0.0}, {""tk"": ""established"", ""act"": 0.0}]"
1_69838,1,69838,entity: A major technology company is Apple,entity,1,0.0,0.0,semantic,"[{""token"": ""entity"", ""index"": 1, ""distance"": 0, ""direction"": ""self""}]",n/a,Semantic,Dictionary,1.0,False,,of,"[{""tk"": ""of"", ""act"": 7.127059459686279}, {""tk"": ""is"", ""act"": 0.0}, {""tk"": ""the"", ""act"": 0.0}, {""tk"": ""iPhone"", ""act"": 0.0}, {""tk"": ""technology"", ""act"": 0.0}, {""tk"": ""company"", ""act"": 0.0}, {""tk"": ""Apple"", ""act"": 0.0}, {""tk"": ""founder"", ""act"": 0.0}, {""tk"": ""Steve"", ""act"": 0.0}, {""tk"": ""Jobs"", ""act"": 0.0}, {""tk"": ""who"", ""act"": 0.0}, {""tk"": ""started"", ""act"": 0.0}, {""tk"": ""called"", ""act"": 0.0}, {""tk"": ""established"", ""act"": 0.0}]"
1_94373,1,94373,entity: A major technology company is Apple,entity,1,0.0,0.0,semantic,"[{""token"": ""entity"", ""index"": 1, ""distance"": 0, ""direction"": ""self""}]",n/a,Semantic,Dictionary,1.0,False,,iphone,"[{""tk"": ""iPhone"", ""act"": 19.97370719909668}, {""tk"": ""is"", ""act"": 0.0}, {""tk"": ""the"", ""act"": 0.0}, {""tk"": ""technology"", ""act"": 0.0}, {""tk"": ""company"", ""act"": 0.0}, {""tk"": ""Apple"", ""act"": 0.0}, {""tk"": ""founder"", ""act"": 0.0}, {""tk"": ""of"", ""act"": 0.0}, {""tk"": ""Steve"", ""act"": 0.0}, {""tk"": ""Jobs"", ""act"": 0.0}, {""tk"": ""who"", ""act"": 0.0}, {""tk"": ""started"", ""act"": 0.0}, {""tk"": ""called"", ""act"": 0.0}, {""tk"": ""established"", ""act"": 0.0}]"
1_97938,1,97938,entity: A major technology company is Apple,entity,1,0.0,0.0,semantic,"[{""token"": ""entity"", ""index"": 1, ""distance"": 0, ""direction"": ""self""}]",n/a,Semantic,Dictionary,1.0,False,,iphone,"[{""tk"": ""iPhone"", ""act"": 22.150123596191406}, {""tk"": ""is"", ""act"": 0.0}, {""tk"": ""the"", ""act"": 0.0}, {""tk"": ""technology"", ""act"": 0.0}, {""tk"": ""company"", ""act"": 0.0}, {""tk"": ""Apple"", ""act"": 0.0}, {""tk"": ""founder"", ""act"": 0.0}, {""tk"": ""of"", ""act"": 0.0}, {""tk"": ""Steve"", ""act"": 0.0}, {""tk"": ""Jobs"", ""act"": 0.0}, {""tk"": ""who"", ""act"": 0.0}, {""tk"": ""started"", ""act"": 0.0}, {""tk"": ""called"", ""act"": 0.0}, {""tk"": ""established"", ""act"": 0.0}]"
1_98014,1,98014,entity: A major technology company is Apple,entity,1,0.0,0.0,semantic,"[{""token"": ""entity"", ""index"": 1, ""distance"": 0, ""direction"": ""self""}]",n/a,Semantic,Dictionary,1.0,False,,iphone,"[{""tk"": ""iPhone"", ""act"": 14.453958511352539}, {""tk"": ""is"", ""act"": 0.0}, {""tk"": ""the"", ""act"": 0.0}, {""tk"": ""technology"", ""act"": 0.0}, {""tk"": ""company"", ""act"": 0.0}, {""tk"": ""Apple"", ""act"": 0.0}, {""tk"": ""founder"", ""act"": 0.0}, {""tk"": ""of"", ""act"": 0.0}, {""tk"": ""Steve"", ""act"": 0.0}, {""tk"": ""Jobs"", ""act"": 0.0}, {""tk"": ""who"", ""act"": 0.0}, {""tk"": ""started"", ""act"": 0.0}, {""tk"": ""called"", ""act"": 0.0}, {""tk"": ""established"", ""act"": 0.0}]"
2_20615,2,20615,entity: A major technology company is Apple, Apple,8,21.881959915161133,0.875,semantic,"[{""token"": "" Apple"", ""index"": 8, ""distance"": 0, ""direction"": ""self""}]",n/a,Semantic,Dictionary (fallback),0.9,False,,iphone,"[{""tk"": ""iPhone"", ""act"": 34.026004791259766}, {""tk"": ""Apple"", ""act"": 21.881959915161133}, {""tk"": ""is"", ""act"": 0.0}, {""tk"": ""the"", ""act"": 0.0}, {""tk"": ""technology"", ""act"": 0.0}, {""tk"": ""company"", ""act"": 0.0}, {""tk"": ""founder"", ""act"": 0.0}, {""tk"": ""of"", ""act"": 0.0}, {""tk"": ""Steve"", ""act"": 0.0}, {""tk"": ""Jobs"", ""act"": 0.0}, {""tk"": ""who"", ""act"": 0.0}, {""tk"": ""started"", ""act"": 0.0}, {""tk"": ""called"", ""act"": 0.0}, {""tk"": ""established"", ""act"": 0.0}]"
2_79904,2,79904,entity: A major technology company is Apple,entity,1,0.0,0.0,semantic,"[{""token"": ""entity"", ""index"": 1, ""distance"": 0, ""direction"": ""self""}]",n/a,Semantic,Dictionary (fallback),0.9,False,,started,"[{""tk"": ""started"", ""act"": 11.334894180297852}, {""tk"": ""established"", ""act"": 8.485861778259277}, {""tk"": ""is"", ""act"": 0.0}, {""tk"": ""the"", ""act"": 0.0}, {""tk"": ""iPhone"", ""act"": 0.0}, {""tk"": ""technology"", ""act"": 0.0}, {""tk"": ""company"", ""act"": 0.0}, {""tk"": ""Apple"", ""act"": 0.0}, {""tk"": ""founder"", ""act"": 0.0}, {""tk"": ""of"", ""act"": 0.0}, {""tk"": ""Steve"", ""act"": 0.0}, {""tk"": ""Jobs"", ""act"": 0.0}, {""tk"": ""who"", ""act"": 0.0}, {""tk"": ""called"", ""act"": 0.0}]"
2_49383,2,49383,entity: A major technology company is Apple,entity,1,0.0,0.0,semantic,"[{""token"": ""entity"", ""index"": 1, ""distance"": 0, ""direction"": ""self""}]",n/a,Semantic,Dictionary,1.0,False,,founder,"[{""tk"": ""founder"", ""act"": 8.838245391845703}, {""tk"": ""is"", ""act"": 0.0}, {""tk"": ""the"", ""act"": 0.0}, {""tk"": ""iPhone"", ""act"": 0.0}, {""tk"": ""technology"", ""act"": 0.0}, {""tk"": ""company"", ""act"": 0.0}, {""tk"": ""Apple"", ""act"": 0.0}, {""tk"": ""of"", ""act"": 0.0}, {""tk"": ""Steve"", ""act"": 0.0}, {""tk"": ""Jobs"", ""act"": 0.0}, {""tk"": ""who"", ""act"": 0.0}, {""tk"": ""started"", ""act"": 0.0}, {""tk"": ""called"", ""act"": 0.0}, {""tk"": ""established"", ""act"": 0.0}]"
2_35295,2,35295,entity: A major technology company is Apple,entity,1,0.0,0.0,semantic,"[{""token"": ""entity"", ""index"": 1, ""distance"": 0, ""direction"": ""self""}]",n/a,Relationship,,1.0,False,,(is) related,"[{""tk"": ""is"", ""act"": 0.0}, {""tk"": ""the"", ""act"": 0.0}, {""tk"": ""iPhone"", ""act"": 0.0}, {""tk"": ""technology"", ""act"": 0.0}, {""tk"": ""company"", ""act"": 0.0}, {""tk"": ""Apple"", ""act"": 0.0}, {""tk"": ""founder"", ""act"": 0.0}, {""tk"": ""of"", ""act"": 0.0}, {""tk"": ""Steve"", ""act"": 0.0}, {""tk"": ""Jobs"", ""act"": 0.0}, {""tk"": ""who"", ""act"": 0.0}, {""tk"": ""started"", ""act"": 0.0}, {""tk"": ""called"", ""act"": 0.0}, {""tk"": ""established"", ""act"": 0.0}]"
2_39335,2,39335,entity: A major technology company is Apple,entity,1,0.0,0.0,semantic,"[{""token"": ""entity"", ""index"": 1, ""distance"": 0, ""direction"": ""self""}]",n/a,Relationship,,1.0,False,,(is) related,"[{""tk"": ""is"", ""act"": 0.0}, {""tk"": ""the"", ""act"": 0.0}, {""tk"": ""iPhone"", ""act"": 0.0}, {""tk"": ""technology"", ""act"": 0.0}, {""tk"": ""company"", ""act"": 0.0}, {""tk"": ""Apple"", ""act"": 0.0}, {""tk"": ""founder"", ""act"": 0.0}, {""tk"": ""of"", ""act"": 0.0}, {""tk"": ""Steve"", ""act"": 0.0}, {""tk"": ""Jobs"", ""act"": 0.0}, {""tk"": ""who"", ""act"": 0.0}, {""tk"": ""started"", ""act"": 0.0}, {""tk"": ""called"", ""act"": 0.0}, {""tk"": ""established"", ""act"": 0.0}]"
2_42519,2,42519,entity: A major technology company is Apple,entity,1,0.0,0.0,semantic,"[{""token"": ""entity"", ""index"": 1, ""distance"": 0, ""direction"": ""self""}]",n/a,Semantic,Dictionary,1.0,False,,who,"[{""tk"": ""who"", ""act"": 15.062068939208984}, {""tk"": ""is"", ""act"": 0.0}, {""tk"": ""the"", ""act"": 0.0}, {""tk"": ""iPhone"", ""act"": 0.0}, {""tk"": ""technology"", ""act"": 0.0}, {""tk"": ""company"", ""act"": 0.0}, {""tk"": ""Apple"", ""act"": 0.0}, {""tk"": ""founder"", ""act"": 0.0}, {""tk"": ""of"", ""act"": 0.0}, {""tk"": ""Steve"", ""act"": 0.0}, {""tk"": ""Jobs"", ""act"": 0.0}, {""tk"": ""started"", ""act"": 0.0}, {""tk"": ""called"", ""act"": 0.0}, {""tk"": ""established"", ""act"": 0.0}]"
2_79229,2,79229,entity: A major technology company is Apple,entity,1,0.0,0.0,semantic,"[{""token"": ""entity"", ""index"": 1, ""distance"": 0, ""direction"": ""self""}]",n/a,Relationship,,1.0,False,,(is) related,"[{""tk"": ""is"", ""act"": 0.0}, {""tk"": ""the"", ""act"": 0.0}, {""tk"": ""iPhone"", ""act"": 0.0}, {""tk"": ""technology"", ""act"": 0.0}, {""tk"": ""company"", ""act"": 0.0}, {""tk"": ""Apple"", ""act"": 0.0}, {""tk"": ""founder"", ""act"": 0.0}, {""tk"": ""of"", ""act"": 0.0}, {""tk"": ""Steve"", ""act"": 0.0}, {""tk"": ""Jobs"", ""act"": 0.0}, {""tk"": ""who"", ""act"": 0.0}, {""tk"": ""started"", ""act"": 0.0}, {""tk"": ""called"", ""act"": 0.0}, {""tk"": ""established"", ""act"": 0.0}]"
2_91572,2,91572,entity: A major technology company is Apple,entity,1,0.0,0.0,semantic,"[{""token"": ""entity"", ""index"": 1, ""distance"": 0, ""direction"": ""self""}]",n/a,Semantic,Dictionary,1.0,False,,iphone,"[{""tk"": ""iPhone"", ""act"": 11.315791130065918}, {""tk"": ""is"", ""act"": 0.0}, {""tk"": ""the"", ""act"": 0.0}, {""tk"": ""technology"", ""act"": 0.0}, {""tk"": ""company"", ""act"": 0.0}, {""tk"": ""Apple"", ""act"": 0.0}, {""tk"": ""founder"", ""act"": 0.0}, {""tk"": ""of"", ""act"": 0.0}, {""tk"": ""Steve"", ""act"": 0.0}, {""tk"": ""Jobs"", ""act"": 0.0}, {""tk"": ""who"", ""act"": 0.0}, {""tk"": ""started"", ""act"": 0.0}, {""tk"": ""called"", ""act"": 0.0}, {""tk"": ""established"", ""act"": 0.0}]"
3_66599,3,66599,entity: A major technology company is Apple, major,4,14.740821838378906,0.4929189909834279,semantic,"[{""token"": "" major"", ""index"": 4, ""distance"": 0, ""direction"": ""self""}]",n/a,Semantic,Dictionary (fallback),0.9,False,,Jobs,"[{""tk"": ""Jobs"", ""act"": 21.734445571899414}, {""tk"": ""Apple"", ""act"": 16.169097900390625}, {""tk"": ""iPhone"", ""act"": 15.3125}, {""tk"": ""founder"", ""act"": 13.962577819824219}, {""tk"": ""technology"", ""act"": 9.817445755004883}, {""tk"": ""company"", ""act"": 8.836379051208496}, {""tk"": ""Steve"", ""act"": 3.4961094856262207}, {""tk"": ""started"", ""act"": 1.8817652463912964}, {""tk"": ""of"", ""act"": 1.0519121885299683}, {""tk"": ""is"", ""act"": 0.0}, {""tk"": ""the"", ""act"": 0.0}, {""tk"": ""who"", ""act"": 0.0}, {""tk"": ""called"", ""act"": 0.0}, {""tk"": ""established"", ""act"": 0.0}]"
3_61203,3,61203,entity: A major technology company is Apple,entity,1,0.0,0.0,semantic,"[{""token"": ""entity"", ""index"": 1, ""distance"": 0, ""direction"": ""self""}]",n/a,Relationship,,1.0,False,,(is) related,"[{""tk"": ""is"", ""act"": 0.0}, {""tk"": ""the"", ""act"": 0.0}, {""tk"": ""iPhone"", ""act"": 0.0}, {""tk"": ""technology"", ""act"": 0.0}, {""tk"": ""company"", ""act"": 0.0}, {""tk"": ""Apple"", ""act"": 0.0}, {""tk"": ""founder"", ""act"": 0.0}, {""tk"": ""of"", ""act"": 0.0}, {""tk"": ""Steve"", ""act"": 0.0}, {""tk"": ""Jobs"", ""act"": 0.0}, {""tk"": ""who"", ""act"": 0.0}, {""tk"": ""started"", ""act"": 0.0}, {""tk"": ""called"", ""act"": 0.0}, {""tk"": ""established"", ""act"": 0.0}]"
3_36390,3,36390,entity: A major technology company is Apple,entity,1,0.0,0.0,semantic,"[{""token"": ""entity"", ""index"": 1, ""distance"": 0, ""direction"": ""self""}]",n/a,Relationship,,1.0,False,,(is) related,"[{""tk"": ""is"", ""act"": 0.0}, {""tk"": ""the"", ""act"": 0.0}, {""tk"": ""iPhone"", ""act"": 0.0}, {""tk"": ""technology"", ""act"": 0.0}, {""tk"": ""company"", ""act"": 0.0}, {""tk"": ""Apple"", ""act"": 0.0}, {""tk"": ""founder"", ""act"": 0.0}, {""tk"": ""of"", ""act"": 0.0}, {""tk"": ""Steve"", ""act"": 0.0}, {""tk"": ""Jobs"", ""act"": 0.0}, {""tk"": ""who"", ""act"": 0.0}, {""tk"": ""started"", ""act"": 0.0}, {""tk"": ""called"", ""act"": 0.0}, {""tk"": ""established"", ""act"": 0.0}]"
3_7789,3,7789,entity: A major technology company is Apple,entity,1,0.0,0.0,semantic,"[{""token"": ""entity"", ""index"": 1, ""distance"": 0, ""direction"": ""self""}]",n/a,Relationship,,1.0,False,,(is) related,"[{""tk"": ""is"", ""act"": 0.0}, {""tk"": ""the"", ""act"": 0.0}, {""tk"": ""iPhone"", ""act"": 0.0}, {""tk"": ""technology"", ""act"": 0.0}, {""tk"": ""company"", ""act"": 0.0}, {""tk"": ""Apple"", ""act"": 0.0}, {""tk"": ""founder"", ""act"": 0.0}, {""tk"": ""of"", ""act"": 0.0}, {""tk"": ""Steve"", ""act"": 0.0}, {""tk"": ""Jobs"", ""act"": 0.0}, {""tk"": ""who"", ""act"": 0.0}, {""tk"": ""started"", ""act"": 0.0}, {""tk"": ""called"", ""act"": 0.0}, {""tk"": ""established"", ""act"": 0.0}]"
3_12249,3,12249,entity: A major technology company is Apple,entity,1,0.0,0.0,semantic,"[{""token"": ""entity"", ""index"": 1, ""distance"": 0, ""direction"": ""self""}]",n/a,Semantic,Dictionary,1.0,False,,of,"[{""tk"": ""of"", ""act"": 13.55992603302002}, {""tk"": ""is"", ""act"": 6.075645446777344}, {""tk"": ""the"", ""act"": 0.0}, {""tk"": ""iPhone"", ""act"": 0.0}, {""tk"": ""technology"", ""act"": 0.0}, {""tk"": ""company"", ""act"": 0.0}, {""tk"": ""Apple"", ""act"": 0.0}, {""tk"": ""founder"", ""act"": 0.0}, {""tk"": ""Steve"", ""act"": 0.0}, {""tk"": ""Jobs"", ""act"": 0.0}, {""tk"": ""who"", ""act"": 0.0}, {""tk"": ""started"", ""act"": 0.0}, {""tk"": ""called"", ""act"": 0.0}, {""tk"": ""established"", ""act"": 0.0}]"
3_25991,3,25991,entity: A major technology company is Apple,entity,1,0.0,0.0,semantic,"[{""token"": ""entity"", ""index"": 1, ""distance"": 0, ""direction"": ""self""}]",n/a,Relationship,,1.0,False,,(is) related,"[{""tk"": ""is"", ""act"": 0.0}, {""tk"": ""the"", ""act"": 0.0}, {""tk"": ""iPhone"", ""act"": 0.0}, {""tk"": ""technology"", ""act"": 0.0}, {""tk"": ""company"", ""act"": 0.0}, {""tk"": ""Apple"", ""act"": 0.0}, {""tk"": ""founder"", ""act"": 0.0}, {""tk"": ""of"", ""act"": 0.0}, {""tk"": ""Steve"", ""act"": 0.0}, {""tk"": ""Jobs"", ""act"": 0.0}, {""tk"": ""who"", ""act"": 0.0}, {""tk"": ""started"", ""act"": 0.0}, {""tk"": ""called"", ""act"": 0.0}, {""tk"": ""established"", ""act"": 0.0}]"
3_52974,3,52974,entity: A major technology company is Apple,entity,1,0.0,0.0,semantic,"[{""token"": ""entity"", ""index"": 1, ""distance"": 0, ""direction"": ""self""}]",n/a,Relationship,,1.0,False,,(is) related,"[{""tk"": ""is"", ""act"": 0.0}, {""tk"": ""the"", ""act"": 0.0}, {""tk"": ""iPhone"", ""act"": 0.0}, {""tk"": ""technology"", ""act"": 0.0}, {""tk"": ""company"", ""act"": 0.0}, {""tk"": ""Apple"", ""act"": 0.0}, {""tk"": ""founder"", ""act"": 0.0}, {""tk"": ""of"", ""act"": 0.0}, {""tk"": ""Steve"", ""act"": 0.0}, {""tk"": ""Jobs"", ""act"": 0.0}, {""tk"": ""who"", ""act"": 0.0}, {""tk"": ""started"", ""act"": 0.0}, {""tk"": ""called"", ""act"": 0.0}, {""tk"": ""established"", ""act"": 0.0}]"
3_77354,3,77354,entity: A major technology company is Apple,entity,1,0.0,0.0,semantic,"[{""token"": ""entity"", ""index"": 1, ""distance"": 0, ""direction"": ""self""}]",n/a,Relationship,,1.0,False,,(is) related,"[{""tk"": ""is"", ""act"": 0.0}, {""tk"": ""the"", ""act"": 0.0}, {""tk"": ""iPhone"", ""act"": 0.0}, {""tk"": ""technology"", ""act"": 0.0}, {""tk"": ""company"", ""act"": 0.0}, {""tk"": ""Apple"", ""act"": 0.0}, {""tk"": ""founder"", ""act"": 0.0}, {""tk"": ""of"", ""act"": 0.0}, {""tk"": ""Steve"", ""act"": 0.0}, {""tk"": ""Jobs"", ""act"": 0.0}, {""tk"": ""who"", ""act"": 0.0}, {""tk"": ""started"", ""act"": 0.0}, {""tk"": ""called"", ""act"": 0.0}, {""tk"": ""established"", ""act"": 0.0}]"
3_89695,3,89695,entity: A major technology company is Apple,entity,1,0.0,0.0,semantic,"[{""token"": ""entity"", ""index"": 1, ""distance"": 0, ""direction"": ""self""}]",n/a,Relationship,,1.0,False,,(is) related,"[{""tk"": ""is"", ""act"": 0.0}, {""tk"": ""the"", ""act"": 0.0}, {""tk"": ""iPhone"", ""act"": 0.0}, {""tk"": ""technology"", ""act"": 0.0}, {""tk"": ""company"", ""act"": 0.0}, {""tk"": ""Apple"", ""act"": 0.0}, {""tk"": ""founder"", ""act"": 0.0}, {""tk"": ""of"", ""act"": 0.0}, {""tk"": ""Steve"", ""act"": 0.0}, {""tk"": ""Jobs"", ""act"": 0.0}, {""tk"": ""who"", ""act"": 0.0}, {""tk"": ""started"", ""act"": 0.0}, {""tk"": ""called"", ""act"": 0.0}, {""tk"": ""established"", ""act"": 0.0}]"
3_92640,3,92640,entity: A major technology company is Apple,entity,1,0.0,0.0,semantic,"[{""token"": ""entity"", ""index"": 1, ""distance"": 0, ""direction"": ""self""}]",n/a,Relationship,,1.0,False,,(is) related,"[{""tk"": ""is"", ""act"": 0.0}, {""tk"": ""the"", ""act"": 0.0}, {""tk"": ""iPhone"", ""act"": 0.0}, {""tk"": ""technology"", ""act"": 0.0}, {""tk"": ""company"", ""act"": 0.0}, {""tk"": ""Apple"", ""act"": 0.0}, {""tk"": ""founder"", ""act"": 0.0}, {""tk"": ""of"", ""act"": 0.0}, {""tk"": ""Steve"", ""act"": 0.0}, {""tk"": ""Jobs"", ""act"": 0.0}, {""tk"": ""who"", ""act"": 0.0}, {""tk"": ""started"", ""act"": 0.0}, {""tk"": ""called"", ""act"": 0.0}, {""tk"": ""established"", ""act"": 0.0}]"
4_83635,4,83635,entity: A major technology company is Apple, Apple,8,29.27352333068848,0.646016290645923,semantic,"[{""token"": "" Apple"", ""index"": 8, ""distance"": 0, ""direction"": ""self""}]",n/a,Semantic,Concept,0.7,False,,Apple,"[{""tk"": ""Apple"", ""act"": 29.273523330688477}, {""tk"": ""iPhone"", ""act"": 26.749794006347656}, {""tk"": ""founder"", ""act"": 20.79131507873535}, {""tk"": ""company"", ""act"": 19.679771423339844}, {""tk"": ""technology"", ""act"": 15.477765083312988}, {""tk"": ""of"", ""act"": 6.801421165466309}, {""tk"": ""started"", ""act"": 5.415152549743652}, {""tk"": ""called"", ""act"": 4.690086364746094}, {""tk"": ""established"", ""act"": 4.53714656829834}, {""tk"": ""is"", ""act"": 3.837414026260376}, {""tk"": ""who"", ""act"": 3.641669511795044}, {""tk"": ""the"", ""act"": 1.723905086517334}, {""tk"": ""Steve"", ""act"": 0.0}, {""tk"": ""Jobs"", ""act"": 0.0}]"
4_61585,4,61585,entity: A major technology company is Apple,entity,1,0.0,0.0,semantic,"[{""token"": ""entity"", ""index"": 1, ""distance"": 0, ""direction"": ""self""}]",n/a,Relationship,,1.0,False,,(is) related,"[{""tk"": ""is"", ""act"": 0.0}, {""tk"": ""the"", ""act"": 0.0}, {""tk"": ""iPhone"", ""act"": 0.0}, {""tk"": ""technology"", ""act"": 0.0}, {""tk"": ""company"", ""act"": 0.0}, {""tk"": ""Apple"", ""act"": 0.0}, {""tk"": ""founder"", ""act"": 0.0}, {""tk"": ""of"", ""act"": 0.0}, {""tk"": ""Steve"", ""act"": 0.0}, {""tk"": ""Jobs"", ""act"": 0.0}, {""tk"": ""who"", ""act"": 0.0}, {""tk"": ""started"", ""act"": 0.0}, {""tk"": ""called"", ""act"": 0.0}, {""tk"": ""established"", ""act"": 0.0}]"
4_49272,4,49272,entity: A major technology company is Apple, Apple,8,0.2222019433975219,0.875,semantic,"[{""token"": "" Apple"", ""index"": 8, ""distance"": 0, ""direction"": ""self""}]",n/a,Semantic,Concept,0.7,False,,iphone,"[{""tk"": ""iPhone"", ""act"": 2.735218048095703}, {""tk"": ""Apple"", ""act"": 0.2487431764602661}, {""tk"": ""is"", ""act"": 0.0}, {""tk"": ""the"", ""act"": 0.0}, {""tk"": ""technology"", ""act"": 0.0}, {""tk"": ""company"", ""act"": 0.0}, {""tk"": ""founder"", ""act"": 0.0}, {""tk"": ""of"", ""act"": 0.0}, {""tk"": ""Steve"", ""act"": 0.0}, {""tk"": ""Jobs"", ""act"": 0.0}, {""tk"": ""who"", ""act"": 0.0}, {""tk"": ""started"", ""act"": 0.0}, {""tk"": ""called"", ""act"": 0.0}, {""tk"": ""established"", ""act"": 0.0}]"
4_25485,4,25485,entity: A major technology company is Apple,entity,1,0.0,0.0,semantic,"[{""token"": ""entity"", ""index"": 1, ""distance"": 0, ""direction"": ""self""}]",n/a,Relationship,,1.0,False,,(is) related,"[{""tk"": ""is"", ""act"": 0.0}, {""tk"": ""the"", ""act"": 0.0}, {""tk"": ""iPhone"", ""act"": 0.0}, {""tk"": ""technology"", ""act"": 0.0}, {""tk"": ""company"", ""act"": 0.0}, {""tk"": ""Apple"", ""act"": 0.0}, {""tk"": ""founder"", ""act"": 0.0}, {""tk"": ""of"", ""act"": 0.0}, {""tk"": ""Steve"", ""act"": 0.0}, {""tk"": ""Jobs"", ""act"": 0.0}, {""tk"": ""who"", ""act"": 0.0}, {""tk"": ""started"", ""act"": 0.0}, {""tk"": ""called"", ""act"": 0.0}, {""tk"": ""established"", ""act"": 0.0}]"
4_50389,4,50389,entity: A major technology company is Apple,entity,1,0.0,0.0,semantic,"[{""token"": ""entity"", ""index"": 1, ""distance"": 0, ""direction"": ""self""}]",n/a,Relationship,,1.0,False,,(is) related,"[{""tk"": ""is"", ""act"": 0.0}, {""tk"": ""the"", ""act"": 0.0}, {""tk"": ""iPhone"", ""act"": 0.0}, {""tk"": ""technology"", ""act"": 0.0}, {""tk"": ""company"", ""act"": 0.0}, {""tk"": ""Apple"", ""act"": 0.0}, {""tk"": ""founder"", ""act"": 0.0}, {""tk"": ""of"", ""act"": 0.0}, {""tk"": ""Steve"", ""act"": 0.0}, {""tk"": ""Jobs"", ""act"": 0.0}, {""tk"": ""who"", ""act"": 0.0}, {""tk"": ""started"", ""act"": 0.0}, {""tk"": ""called"", ""act"": 0.0}, {""tk"": ""established"", ""act"": 0.0}]"
4_53843,4,53843,entity: A major technology company is Apple,entity,1,0.0,0.0,semantic,"[{""token"": ""entity"", ""index"": 1, ""distance"": 0, ""direction"": ""self""}]",n/a,Semantic,Concept,0.7,False,,founder,"[{""tk"": ""founder"", ""act"": 0.08846926689147949}, {""tk"": ""is"", ""act"": 0.0}, {""tk"": ""the"", ""act"": 0.0}, {""tk"": ""iPhone"", ""act"": 0.0}, {""tk"": ""technology"", ""act"": 0.0}, {""tk"": ""company"", ""act"": 0.0}, {""tk"": ""Apple"", ""act"": 0.0}, {""tk"": ""of"", ""act"": 0.0}, {""tk"": ""Steve"", ""act"": 0.0}, {""tk"": ""Jobs"", ""act"": 0.0}, {""tk"": ""who"", ""act"": 0.0}, {""tk"": ""started"", ""act"": 0.0}, {""tk"": ""called"", ""act"": 0.0}, {""tk"": ""established"", ""act"": 0.0}]"
4_65972,4,65972,entity: A major technology company is Apple,entity,1,0.0,0.0,semantic,"[{""token"": ""entity"", ""index"": 1, ""distance"": 0, ""direction"": ""self""}]",n/a,Semantic,Concept,0.7,False,,company,"[{""tk"": ""company"", ""act"": 0.7668347358703613}, {""tk"": ""is"", ""act"": 0.0}, {""tk"": ""the"", ""act"": 0.0}, {""tk"": ""iPhone"", ""act"": 0.0}, {""tk"": ""technology"", ""act"": 0.0}, {""tk"": ""Apple"", ""act"": 0.0}, {""tk"": ""founder"", ""act"": 0.0}, {""tk"": ""of"", ""act"": 0.0}, {""tk"": ""Steve"", ""act"": 0.0}, {""tk"": ""Jobs"", ""act"": 0.0}, {""tk"": ""who"", ""act"": 0.0}, {""tk"": ""started"", ""act"": 0.0}, {""tk"": ""called"", ""act"": 0.0}, {""tk"": ""established"", ""act"": 0.0}]"
5_1551,5,1551,entity: A major technology company is Apple,entity,1,37.90834045410156,0.875,semantic,"[{""token"": ""entity"", ""index"": 1, ""distance"": 0, ""direction"": ""self""}]",n/a,Semantic,Concept,0.7,False,,Semantic (unknown),"[{""tk"": ""is"", ""act"": 0.0}, {""tk"": ""the"", ""act"": 0.0}, {""tk"": ""iPhone"", ""act"": 0.0}, {""tk"": ""technology"", ""act"": 0.0}, {""tk"": ""company"", ""act"": 0.0}, {""tk"": ""Apple"", ""act"": 0.0}, {""tk"": ""founder"", ""act"": 0.0}, {""tk"": ""of"", ""act"": 0.0}, {""tk"": ""Steve"", ""act"": 0.0}, {""tk"": ""Jobs"", ""act"": 0.0}, {""tk"": ""who"", ""act"": 0.0}, {""tk"": ""started"", ""act"": 0.0}, {""tk"": ""called"", ""act"": 0.0}, {""tk"": ""established"", ""act"": 0.0}]"
5_95640,5,95640,entity: A major technology company is Apple,entity,1,24.504920959472656,0.875,semantic,"[{""token"": ""entity"", ""index"": 1, ""distance"": 0, ""direction"": ""self""}]",n/a,Semantic,Concept,0.7,False,,Semantic (unknown),"[{""tk"": ""is"", ""act"": 0.0}, {""tk"": ""the"", ""act"": 0.0}, {""tk"": ""iPhone"", ""act"": 0.0}, {""tk"": ""technology"", ""act"": 0.0}, {""tk"": ""company"", ""act"": 0.0}, {""tk"": ""Apple"", ""act"": 0.0}, {""tk"": ""founder"", ""act"": 0.0}, {""tk"": ""of"", ""act"": 0.0}, {""tk"": ""Steve"", ""act"": 0.0}, {""tk"": ""Jobs"", ""act"": 0.0}, {""tk"": ""who"", ""act"": 0.0}, {""tk"": ""started"", ""act"": 0.0}, {""tk"": ""called"", ""act"": 0.0}, {""tk"": ""established"", ""act"": 0.0}]"
5_97304,5,97304,entity: A major technology company is Apple, Apple,8,10.507890701293944,0.8487563487434838,semantic,"[{""token"": "" Apple"", ""index"": 8, ""distance"": 0, ""direction"": ""self""}]",n/a,Semantic,Concept,0.7,False,,Apple,"[{""tk"": ""Apple"", ""act"": 10.507890701293945}, {""tk"": ""iPhone"", ""act"": 9.699518203735352}, {""tk"": ""Jobs"", ""act"": 9.227739334106445}, {""tk"": ""Steve"", ""act"": 0.9180450439453125}, {""tk"": ""is"", ""act"": 0.0}, {""tk"": ""the"", ""act"": 0.0}, {""tk"": ""technology"", ""act"": 0.0}, {""tk"": ""company"", ""act"": 0.0}, {""tk"": ""founder"", ""act"": 0.0}, {""tk"": ""of"", ""act"": 0.0}, {""tk"": ""who"", ""act"": 0.0}, {""tk"": ""started"", ""act"": 0.0}, {""tk"": ""called"", ""act"": 0.0}, {""tk"": ""established"", ""act"": 0.0}]"
5_26299,5,26299,entity: A major technology company is Apple,entity,1,0.0,0.0,semantic,"[{""token"": ""entity"", ""index"": 1, ""distance"": 0, ""direction"": ""self""}]",n/a,Relationship,,1.0,False,,(is) related,"[{""tk"": ""is"", ""act"": 0.0}, {""tk"": ""the"", ""act"": 0.0}, {""tk"": ""iPhone"", ""act"": 0.0}, {""tk"": ""technology"", ""act"": 0.0}, {""tk"": ""company"", ""act"": 0.0}, {""tk"": ""Apple"", ""act"": 0.0}, {""tk"": ""founder"", ""act"": 0.0}, {""tk"": ""of"", ""act"": 0.0}, {""tk"": ""Steve"", ""act"": 0.0}, {""tk"": ""Jobs"", ""act"": 0.0}, {""tk"": ""who"", ""act"": 0.0}, {""tk"": ""started"", ""act"": 0.0}, {""tk"": ""called"", ""act"": 0.0}, {""tk"": ""established"", ""act"": 0.0}]"
5_42294,5,42294,entity: A major technology company is Apple,entity,1,0.0,0.0,semantic,"[{""token"": ""entity"", ""index"": 1, ""distance"": 0, ""direction"": ""self""}]",n/a,Relationship,,1.0,False,,(is) related,"[{""tk"": ""is"", ""act"": 0.0}, {""tk"": ""the"", ""act"": 0.0}, {""tk"": ""iPhone"", ""act"": 0.0}, {""tk"": ""technology"", ""act"": 0.0}, {""tk"": ""company"", ""act"": 0.0}, {""tk"": ""Apple"", ""act"": 0.0}, {""tk"": ""founder"", ""act"": 0.0}, {""tk"": ""of"", ""act"": 0.0}, {""tk"": ""Steve"", ""act"": 0.0}, {""tk"": ""Jobs"", ""act"": 0.0}, {""tk"": ""who"", ""act"": 0.0}, {""tk"": ""started"", ""act"": 0.0}, {""tk"": ""called"", ""act"": 0.0}, {""tk"": ""established"", ""act"": 0.0}]"
5_54263,5,54263,entity: A major technology company is Apple,entity,1,0.0,0.0,semantic,"[{""token"": ""entity"", ""index"": 1, ""distance"": 0, ""direction"": ""self""}]",n/a,Relationship,,1.0,False,,(is) related,"[{""tk"": ""is"", ""act"": 0.0}, {""tk"": ""the"", ""act"": 0.0}, {""tk"": ""iPhone"", ""act"": 0.0}, {""tk"": ""technology"", ""act"": 0.0}, {""tk"": ""company"", ""act"": 0.0}, {""tk"": ""Apple"", ""act"": 0.0}, {""tk"": ""founder"", ""act"": 0.0}, {""tk"": ""of"", ""act"": 0.0}, {""tk"": ""Steve"", ""act"": 0.0}, {""tk"": ""Jobs"", ""act"": 0.0}, {""tk"": ""who"", ""act"": 0.0}, {""tk"": ""started"", ""act"": 0.0}, {""tk"": ""called"", ""act"": 0.0}, {""tk"": ""established"", ""act"": 0.0}]"
6_22143,6,22143,entity: A major technology company is Apple,entity,1,23.50536346435547,0.4545810348940811,semantic,"[{""token"": ""entity"", ""index"": 1, ""distance"": 0, ""direction"": ""self""}]",n/a,Semantic,Concept,0.7,False,,company,"[{""tk"": ""Apple"", ""act"": 22.002117156982422}, {""tk"": ""company"", ""act"": 21.061681747436523}, {""tk"": ""called"", ""act"": 19.890174865722656}, {""tk"": ""is"", ""act"": 19.172073364257812}, {""tk"": ""technology"", ""act"": 15.491524696350098}, {""tk"": ""the"", ""act"": 15.198439598083496}, {""tk"": ""Jobs"", ""act"": 13.937668800354004}, {""tk"": ""founder"", ""act"": 12.949738502502441}, {""tk"": ""of"", ""act"": 8.630607604980469}, {""tk"": ""iPhone"", ""act"": 7.2083420753479}, {""tk"": ""started"", ""act"": 6.396762371063232}, {""tk"": ""who"", ""act"": 4.663736820220947}, {""tk"": ""established"", ""act"": 3.2520933151245117}, {""tk"": ""Steve"", ""act"": 0.0}]"
6_67161,6,67161,entity: A major technology company is Apple, Apple,8,7.592677593231201,0.875,semantic,"[{""token"": "" Apple"", ""index"": 8, ""distance"": 0, ""direction"": ""self""}]",n/a,Semantic,Concept,0.7,False,,iphone,"[{""tk"": ""iPhone"", ""act"": 16.878387451171875}, {""tk"": ""Apple"", ""act"": 14.257761001586914}, {""tk"": ""is"", ""act"": 0.0}, {""tk"": ""the"", ""act"": 0.0}, {""tk"": ""technology"", ""act"": 0.0}, {""tk"": ""company"", ""act"": 0.0}, {""tk"": ""founder"", ""act"": 0.0}, {""tk"": ""of"", ""act"": 0.0}, {""tk"": ""Steve"", ""act"": 0.0}, {""tk"": ""Jobs"", ""act"": 0.0}, {""tk"": ""who"", ""act"": 0.0}, {""tk"": ""started"", ""act"": 0.0}, {""tk"": ""called"", ""act"": 0.0}, {""tk"": ""established"", ""act"": 0.0}]"
6_32160,6,32160,entity: A major technology company is Apple, Apple,8,4.769928932189941,0.7100240186555071,semantic,"[{""token"": "" Apple"", ""index"": 8, ""distance"": 0, ""direction"": ""self""}]",n/a,Semantic,Concept,0.7,False,,iphone,"[{""tk"": ""iPhone"", ""act"": 9.09296989440918}, {""tk"": ""Apple"", ""act"": 8.404762268066406}, {""tk"": ""company"", ""act"": 3.5738229751586914}, {""tk"": ""technology"", ""act"": 2.721566677093506}, {""tk"": ""is"", ""act"": 0.0}, {""tk"": ""the"", ""act"": 0.0}, {""tk"": ""founder"", ""act"": 0.0}, {""tk"": ""of"", ""act"": 0.0}, {""tk"": ""Steve"", ""act"": 0.0}, {""tk"": ""Jobs"", ""act"": 0.0}, {""tk"": ""who"", ""act"": 0.0}, {""tk"": ""started"", ""act"": 0.0}, {""tk"": ""called"", ""act"": 0.0}, {""tk"": ""established"", ""act"": 0.0}]"
6_5981,6,5981,entity: A major technology company is Apple,entity,1,0.0,0.0,semantic,"[{""token"": ""entity"", ""index"": 1, ""distance"": 0, ""direction"": ""self""}]",n/a,Relationship,,1.0,False,,(is) related,"[{""tk"": ""is"", ""act"": 0.0}, {""tk"": ""the"", ""act"": 0.0}, {""tk"": ""iPhone"", ""act"": 0.0}, {""tk"": ""technology"", ""act"": 0.0}, {""tk"": ""company"", ""act"": 0.0}, {""tk"": ""Apple"", ""act"": 0.0}, {""tk"": ""founder"", ""act"": 0.0}, {""tk"": ""of"", ""act"": 0.0}, {""tk"": ""Steve"", ""act"": 0.0}, {""tk"": ""Jobs"", ""act"": 0.0}, {""tk"": ""who"", ""act"": 0.0}, {""tk"": ""started"", ""act"": 0.0}, {""tk"": ""called"", ""act"": 0.0}, {""tk"": ""established"", ""act"": 0.0}]"
6_16539,6,16539,entity: A major technology company is Apple,entity,1,0.0,0.0,semantic,"[{""token"": ""entity"", ""index"": 1, ""distance"": 0, ""direction"": ""self""}]",n/a,Semantic,Concept,0.7,False,,founder,"[{""tk"": ""founder"", ""act"": 7.115179061889648}, {""tk"": ""established"", ""act"": 5.883291244506836}, {""tk"": ""is"", ""act"": 5.590049743652344}, {""tk"": ""started"", ""act"": 4.993588447570801}, {""tk"": ""of"", ""act"": 4.755459785461426}, {""tk"": ""company"", ""act"": 3.195023775100708}, {""tk"": ""the"", ""act"": 0.0}, {""tk"": ""iPhone"", ""act"": 0.0}, {""tk"": ""technology"", ""act"": 0.0}, {""tk"": ""Apple"", ""act"": 0.0}, {""tk"": ""Steve"", ""act"": 0.0}, {""tk"": ""Jobs"", ""act"": 0.0}, {""tk"": ""who"", ""act"": 0.0}, {""tk"": ""called"", ""act"": 0.0}]"
6_22808,6,22808,entity: A major technology company is Apple,entity,1,0.0,0.0,semantic,"[{""token"": ""entity"", ""index"": 1, ""distance"": 0, ""direction"": ""self""}]",n/a,Semantic,Dictionary,1.0,False,,iphone,"[{""tk"": ""iPhone"", ""act"": 48.54792785644531}, {""tk"": ""is"", ""act"": 0.0}, {""tk"": ""the"", ""act"": 0.0}, {""tk"": ""technology"", ""act"": 0.0}, {""tk"": ""company"", ""act"": 0.0}, {""tk"": ""Apple"", ""act"": 0.0}, {""tk"": ""founder"", ""act"": 0.0}, {""tk"": ""of"", ""act"": 0.0}, {""tk"": ""Steve"", ""act"": 0.0}, {""tk"": ""Jobs"", ""act"": 0.0}, {""tk"": ""who"", ""act"": 0.0}, {""tk"": ""started"", ""act"": 0.0}, {""tk"": ""called"", ""act"": 0.0}, {""tk"": ""established"", ""act"": 0.0}]"
6_24069,6,24069,entity: A major technology company is Apple,entity,1,0.0,0.0,semantic,"[{""token"": ""entity"", ""index"": 1, ""distance"": 0, ""direction"": ""self""}]",n/a,Relationship,,1.0,False,,(is) related,"[{""tk"": ""is"", ""act"": 0.0}, {""tk"": ""the"", ""act"": 0.0}, {""tk"": ""iPhone"", ""act"": 0.0}, {""tk"": ""technology"", ""act"": 0.0}, {""tk"": ""company"", ""act"": 0.0}, {""tk"": ""Apple"", ""act"": 0.0}, {""tk"": ""founder"", ""act"": 0.0}, {""tk"": ""of"", ""act"": 0.0}, {""tk"": ""Steve"", ""act"": 0.0}, {""tk"": ""Jobs"", ""act"": 0.0}, {""tk"": ""who"", ""act"": 0.0}, {""tk"": ""started"", ""act"": 0.0}, {""tk"": ""called"", ""act"": 0.0}, {""tk"": ""established"", ""act"": 0.0}]"
6_62464,6,62464,entity: A major technology company is Apple,entity,1,0.0,0.0,semantic,"[{""token"": ""entity"", ""index"": 1, ""distance"": 0, ""direction"": ""self""}]",n/a,Semantic,Ambiguous,0.3,True,"Ambiguous: peak_cons=0.20, n_peaks=1, func_vs_sem=100.0%, layer=6",is,"[{""tk"": ""is"", ""act"": 0.027451038360595703}, {""tk"": ""the"", ""act"": 0.0}, {""tk"": ""iPhone"", ""act"": 0.0}, {""tk"": ""technology"", ""act"": 0.0}, {""tk"": ""company"", ""act"": 0.0}, {""tk"": ""Apple"", ""act"": 0.0}, {""tk"": ""founder"", ""act"": 0.0}, {""tk"": ""of"", ""act"": 0.0}, {""tk"": ""Steve"", ""act"": 0.0}, {""tk"": ""Jobs"", ""act"": 0.0}, {""tk"": ""who"", ""act"": 0.0}, {""tk"": ""started"", ""act"": 0.0}, {""tk"": ""called"", ""act"": 0.0}, {""tk"": ""established"", ""act"": 0.0}]"
7_93139,7,93139,entity: A major technology company is Apple, Apple,8,46.83609771728516,0.875,semantic,"[{""token"": "" Apple"", ""index"": 8, ""distance"": 0, ""direction"": ""self""}]",n/a,Semantic,Concept,0.7,False,,Apple,"[{""tk"": ""Apple"", ""act"": 46.836097717285156}, {""tk"": ""iPhone"", ""act"": 18.840980529785156}, {""tk"": ""Jobs"", ""act"": 16.64583396911621}, {""tk"": ""is"", ""act"": 0.43924927711486816}, {""tk"": ""the"", ""act"": 0.0}, {""tk"": ""technology"", ""act"": 0.0}, {""tk"": ""company"", ""act"": 0.0}, {""tk"": ""founder"", ""act"": 0.0}, {""tk"": ""of"", ""act"": 0.0}, {""tk"": ""Steve"", ""act"": 0.0}, {""tk"": ""who"", ""act"": 0.0}, {""tk"": ""started"", ""act"": 0.0}, {""tk"": ""called"", ""act"": 0.0}, {""tk"": ""established"", ""act"": 0.0}]"
7_66851,7,66851,entity: A major technology company is Apple, technology,5,42.79720687866211,0.1479706335600641,semantic,"[{""token"": "" technology"", ""index"": 5, ""distance"": 0, ""direction"": ""self""}]",n/a,Relationship,,1.0,False,,(The) related,"[{""tk"": ""The"", ""act"": 49.6574592590332}, {""tk"": ""technology"", ""act"": 42.79720687866211}, {""tk"": ""founder"", ""act"": 42.7050895690918}, {""tk"": ""started"", ""act"": 40.24308776855469}, {""tk"": ""of"", ""act"": 37.997066497802734}, {""tk"": ""Jobs"", ""act"": 36.86534118652344}, {""tk"": ""company"", ""act"": 32.645748138427734}, {""tk"": ""is"", ""act"": 32.06440353393555}, {""tk"": ""Apple"", ""act"": 31.23112678527832}, {""tk"": ""called"", ""act"": 31.141996383666992}, {""tk"": ""established"", ""act"": 29.129192352294922}, {""tk"": ""iPhone"", ""act"": 26.690139770507812}, {""tk"": ""who"", ""act"": 25.22102928161621}, {""tk"": ""Steve"", ""act"": 21.973251342773438}]"
7_16578,7,16578,entity: A major technology company is Apple,entity,1,0.0,0.0,semantic,"[{""token"": ""entity"", ""index"": 1, ""distance"": 0, ""direction"": ""self""}]",n/a,"Say ""X""",,1.0,False,,Say (Steve),"[{""tk"": ""is"", ""act"": 0.22064924240112305}, {""tk"": ""the"", ""act"": 0.0}, {""tk"": ""iPhone"", ""act"": 0.0}, {""tk"": ""technology"", ""act"": 0.0}, {""tk"": ""company"", ""act"": 0.0}, {""tk"": ""Apple"", ""act"": 0.0}, {""tk"": ""founder"", ""act"": 0.0}, {""tk"": ""of"", ""act"": 0.0}, {""tk"": ""Steve"", ""act"": 0.0}, {""tk"": ""Jobs"", ""act"": 0.0}, {""tk"": ""who"", ""act"": 0.0}, {""tk"": ""started"", ""act"": 0.0}, {""tk"": ""called"", ""act"": 0.0}, {""tk"": ""established"", ""act"": 0.0}]"
7_2079,7,2079,entity: A major technology company is Apple,entity,1,0.0,0.0,semantic,"[{""token"": ""entity"", ""index"": 1, ""distance"": 0, ""direction"": ""self""}]",n/a,Semantic,Concept,0.7021985009678795,False,,founder,"[{""tk"": ""founder"", ""act"": 16.959388732910156}, {""tk"": ""company"", ""act"": 13.919597625732422}, {""tk"": ""is"", ""act"": 11.908857345581055}, {""tk"": ""Steve"", ""act"": 8.737485885620117}, {""tk"": ""the"", ""act"": 8.54307746887207}, {""tk"": ""Apple"", ""act"": 4.928235054016113}, {""tk"": ""Jobs"", ""act"": 3.651355504989624}, {""tk"": ""called"", ""act"": 1.868877649307251}, {""tk"": ""of"", ""act"": 1.3174381256103516}, {""tk"": ""iPhone"", ""act"": 0.0}, {""tk"": ""technology"", ""act"": 0.0}, {""tk"": ""who"", ""act"": 0.0}, {""tk"": ""started"", ""act"": 0.0}, {""tk"": ""established"", ""act"": 0.0}]"
7_3975,7,3975,entity: A major technology company is Apple,entity,1,0.0,0.0,semantic,"[{""token"": ""entity"", ""index"": 1, ""distance"": 0, ""direction"": ""self""}]",n/a,"Say ""X""",,1.0,False,,Say (called),"[{""tk"": ""is"", ""act"": 0.6776852607727051}, {""tk"": ""the"", ""act"": 0.0}, {""tk"": ""iPhone"", ""act"": 0.0}, {""tk"": ""technology"", ""act"": 0.0}, {""tk"": ""company"", ""act"": 0.0}, {""tk"": ""Apple"", ""act"": 0.0}, {""tk"": ""founder"", ""act"": 0.0}, {""tk"": ""of"", ""act"": 0.0}, {""tk"": ""Steve"", ""act"": 0.0}, {""tk"": ""Jobs"", ""act"": 0.0}, {""tk"": ""who"", ""act"": 0.0}, {""tk"": ""started"", ""act"": 0.0}, {""tk"": ""called"", ""act"": 0.0}, {""tk"": ""established"", ""act"": 0.0}]"
7_11873,7,11873,entity: A major technology company is Apple,entity,1,0.0,0.0,semantic,"[{""token"": ""entity"", ""index"": 1, ""distance"": 0, ""direction"": ""self""}]",n/a,"Say ""X""",,1.0,False,,Say (Steve),"[{""tk"": ""is"", ""act"": 22.19942855834961}, {""tk"": ""Apple"", ""act"": 0.6409783363342285}, {""tk"": ""the"", ""act"": 0.0}, {""tk"": ""iPhone"", ""act"": 0.0}, {""tk"": ""technology"", ""act"": 0.0}, {""tk"": ""company"", ""act"": 0.0}, {""tk"": ""founder"", ""act"": 0.0}, {""tk"": ""of"", ""act"": 0.0}, {""tk"": ""Steve"", ""act"": 0.0}, {""tk"": ""Jobs"", ""act"": 0.0}, {""tk"": ""who"", ""act"": 0.0}, {""tk"": ""started"", ""act"": 0.0}, {""tk"": ""called"", ""act"": 0.0}, {""tk"": ""established"", ""act"": 0.0}]"
7_19995,7,19995,entity: A major technology company is Apple,entity,1,0.0,0.0,semantic,"[{""token"": ""entity"", ""index"": 1, ""distance"": 0, ""direction"": ""self""}]",n/a,Relationship,,1.0,False,,(is) related,"[{""tk"": ""is"", ""act"": 0.0}, {""tk"": ""the"", ""act"": 0.0}, {""tk"": ""iPhone"", ""act"": 0.0}, {""tk"": ""technology"", ""act"": 0.0}, {""tk"": ""company"", ""act"": 0.0}, {""tk"": ""Apple"", ""act"": 0.0}, {""tk"": ""founder"", ""act"": 0.0}, {""tk"": ""of"", ""act"": 0.0}, {""tk"": ""Steve"", ""act"": 0.0}, {""tk"": ""Jobs"", ""act"": 0.0}, {""tk"": ""who"", ""act"": 0.0}, {""tk"": ""started"", ""act"": 0.0}, {""tk"": ""called"", ""act"": 0.0}, {""tk"": ""established"", ""act"": 0.0}]"
7_33532,7,33532,entity: A major technology company is Apple,entity,1,0.0,0.0,semantic,"[{""token"": ""entity"", ""index"": 1, ""distance"": 0, ""direction"": ""self""}]",n/a,"Say ""X""",,1.0,False,,Say (Steve),"[{""tk"": ""is"", ""act"": 11.828958511352539}, {""tk"": ""Steve"", ""act"": 1.8266286849975586}, {""tk"": ""company"", ""act"": 0.6913690567016602}, {""tk"": ""the"", ""act"": 0.0}, {""tk"": ""iPhone"", ""act"": 0.0}, {""tk"": ""technology"", ""act"": 0.0}, {""tk"": ""Apple"", ""act"": 0.0}, {""tk"": ""founder"", ""act"": 0.0}, {""tk"": ""of"", ""act"": 0.0}, {""tk"": ""Jobs"", ""act"": 0.0}, {""tk"": ""who"", ""act"": 0.0}, {""tk"": ""started"", ""act"": 0.0}, {""tk"": ""called"", ""act"": 0.0}, {""tk"": ""established"", ""act"": 0.0}]"
7_70719,7,70719,entity: A major technology company is Apple,entity,1,0.0,0.0,semantic,"[{""token"": ""entity"", ""index"": 1, ""distance"": 0, ""direction"": ""self""}]",n/a,"Say ""X""",,1.0,False,,Say (Steve),"[{""tk"": ""is"", ""act"": 3.7739624977111816}, {""tk"": ""Steve"", ""act"": 2.748950481414795}, {""tk"": ""the"", ""act"": 0.0}, {""tk"": ""iPhone"", ""act"": 0.0}, {""tk"": ""technology"", ""act"": 0.0}, {""tk"": ""company"", ""act"": 0.0}, {""tk"": ""Apple"", ""act"": 0.0}, {""tk"": ""founder"", ""act"": 0.0}, {""tk"": ""of"", ""act"": 0.0}, {""tk"": ""Jobs"", ""act"": 0.0}, {""tk"": ""who"", ""act"": 0.0}, {""tk"": ""started"", ""act"": 0.0}, {""tk"": ""called"", ""act"": 0.0}, {""tk"": ""established"", ""act"": 0.0}]"
8_37691,8,37691,entity: A major technology company is Apple, technology,5,42.32038497924805,0.3892954116221014,semantic,"[{""token"": "" technology"", ""index"": 5, ""distance"": 0, ""direction"": ""self""}]",n/a,Semantic,Concept,0.7,False,,Apple,"[{""tk"": ""Apple"", ""act"": 50.39360809326172}, {""tk"": ""technology"", ""act"": 42.32038497924805}, {""tk"": ""iPhone"", ""act"": 40.64215850830078}, {""tk"": ""Jobs"", ""act"": 39.74195861816406}, {""tk"": ""company"", ""act"": 29.09471893310547}, {""tk"": ""is"", ""act"": 24.91400718688965}, {""tk"": ""of"", ""act"": 20.2155818939209}, {""tk"": ""founder"", ""act"": 19.808534622192383}, {""tk"": ""The"", ""act"": 17.78764533996582}, {""tk"": ""started"", ""act"": 15.96922492980957}, {""tk"": ""Steve"", ""act"": 14.52833366394043}, {""tk"": ""who"", ""act"": 13.755594253540039}, {""tk"": ""called"", ""act"": 2.6217615604400635}, {""tk"": ""established"", ""act"": 1.7261515855789185}]"
8_45733,8,45733,entity: A major technology company is Apple, Apple,8,3.071747064590454,0.875,semantic,"[{""token"": "" Apple"", ""index"": 8, ""distance"": 0, ""direction"": ""self""}]",n/a,Semantic,Concept,0.7,False,,iphone,"[{""tk"": ""iPhone"", ""act"": 16.869352340698242}, {""tk"": ""Apple"", ""act"": 3.071747064590454}, {""tk"": ""is"", ""act"": 0.5286533832550049}, {""tk"": ""the"", ""act"": 0.0}, {""tk"": ""technology"", ""act"": 0.0}, {""tk"": ""company"", ""act"": 0.0}, {""tk"": ""founder"", ""act"": 0.0}, {""tk"": ""of"", ""act"": 0.0}, {""tk"": ""Steve"", ""act"": 0.0}, {""tk"": ""Jobs"", ""act"": 0.0}, {""tk"": ""who"", ""act"": 0.0}, {""tk"": ""started"", ""act"": 0.0}, {""tk"": ""called"", ""act"": 0.0}, {""tk"": ""established"", ""act"": 0.0}]"
8_91305,8,91305,entity: A major technology company is Apple,entity,1,0.0,0.0,semantic,"[{""token"": ""entity"", ""index"": 1, ""distance"": 0, ""direction"": ""self""}]",n/a,Semantic,Dictionary,1.0,False,,iphone,"[{""tk"": ""iPhone"", ""act"": 2.5748400688171387}, {""tk"": ""is"", ""act"": 0.0}, {""tk"": ""the"", ""act"": 0.0}, {""tk"": ""technology"", ""act"": 0.0}, {""tk"": ""company"", ""act"": 0.0}, {""tk"": ""Apple"", ""act"": 0.0}, {""tk"": ""founder"", ""act"": 0.0}, {""tk"": ""of"", ""act"": 0.0}, {""tk"": ""Steve"", ""act"": 0.0}, {""tk"": ""Jobs"", ""act"": 0.0}, {""tk"": ""who"", ""act"": 0.0}, {""tk"": ""started"", ""act"": 0.0}, {""tk"": ""called"", ""act"": 0.0}, {""tk"": ""established"", ""act"": 0.0}]"
8_6898,8,6898,entity: A major technology company is Apple,entity,1,0.0,0.0,semantic,"[{""token"": ""entity"", ""index"": 1, ""distance"": 0, ""direction"": ""self""}]",n/a,Semantic,Dictionary,1.0,False,,Jobs,"[{""tk"": ""Jobs"", ""act"": 31.87445068359375}, {""tk"": ""is"", ""act"": 19.704254150390625}, {""tk"": ""Steve"", ""act"": 19.04952621459961}, {""tk"": ""the"", ""act"": 0.0}, {""tk"": ""iPhone"", ""act"": 0.0}, {""tk"": ""technology"", ""act"": 0.0}, {""tk"": ""company"", ""act"": 0.0}, {""tk"": ""Apple"", ""act"": 0.0}, {""tk"": ""founder"", ""act"": 0.0}, {""tk"": ""of"", ""act"": 0.0}, {""tk"": ""who"", ""act"": 0.0}, {""tk"": ""started"", ""act"": 0.0}, {""tk"": ""called"", ""act"": 0.0}, {""tk"": ""established"", ""act"": 0.0}]"
8_14420,8,14420,entity: A major technology company is Apple,entity,1,0.0,0.0,semantic,"[{""token"": ""entity"", ""index"": 1, ""distance"": 0, ""direction"": ""self""}]",n/a,"Say ""X""",,1.0,False,,Say (called),"[{""tk"": ""is"", ""act"": 0.29546642303466797}, {""tk"": ""the"", ""act"": 0.0}, {""tk"": ""iPhone"", ""act"": 0.0}, {""tk"": ""technology"", ""act"": 0.0}, {""tk"": ""company"", ""act"": 0.0}, {""tk"": ""Apple"", ""act"": 0.0}, {""tk"": ""founder"", ""act"": 0.0}, {""tk"": ""of"", ""act"": 0.0}, {""tk"": ""Steve"", ""act"": 0.0}, {""tk"": ""Jobs"", ""act"": 0.0}, {""tk"": ""who"", ""act"": 0.0}, {""tk"": ""started"", ""act"": 0.0}, {""tk"": ""called"", ""act"": 0.0}, {""tk"": ""established"", ""act"": 0.0}]"
8_25440,8,25440,entity: A major technology company is Apple,entity,1,0.0,0.0,semantic,"[{""token"": ""entity"", ""index"": 1, ""distance"": 0, ""direction"": ""self""}]",n/a,"Say ""X""",,1.0,False,,Say (Steve),"[{""tk"": ""is"", ""act"": 11.09250545501709}, {""tk"": ""the"", ""act"": 0.0}, {""tk"": ""iPhone"", ""act"": 0.0}, {""tk"": ""technology"", ""act"": 0.0}, {""tk"": ""company"", ""act"": 0.0}, {""tk"": ""Apple"", ""act"": 0.0}, {""tk"": ""founder"", ""act"": 0.0}, {""tk"": ""of"", ""act"": 0.0}, {""tk"": ""Steve"", ""act"": 0.0}, {""tk"": ""Jobs"", ""act"": 0.0}, {""tk"": ""who"", ""act"": 0.0}, {""tk"": ""started"", ""act"": 0.0}, {""tk"": ""called"", ""act"": 0.0}, {""tk"": ""established"", ""act"": 0.0}]"
8_27661,8,27661,entity: A major technology company is Apple,entity,1,0.0,0.0,semantic,"[{""token"": ""entity"", ""index"": 1, ""distance"": 0, ""direction"": ""self""}]",n/a,"Say ""X""",,1.0,False,,Say (Steve),"[{""tk"": ""is"", ""act"": 6.962493419647217}, {""tk"": ""the"", ""act"": 0.0}, {""tk"": ""iPhone"", ""act"": 0.0}, {""tk"": ""technology"", ""act"": 0.0}, {""tk"": ""company"", ""act"": 0.0}, {""tk"": ""Apple"", ""act"": 0.0}, {""tk"": ""founder"", ""act"": 0.0}, {""tk"": ""of"", ""act"": 0.0}, {""tk"": ""Steve"", ""act"": 0.0}, {""tk"": ""Jobs"", ""act"": 0.0}, {""tk"": ""who"", ""act"": 0.0}, {""tk"": ""started"", ""act"": 0.0}, {""tk"": ""called"", ""act"": 0.0}, {""tk"": ""established"", ""act"": 0.0}]"
8_60437,8,60437,entity: A major technology company is Apple,entity,1,0.0,0.0,semantic,"[{""token"": ""entity"", ""index"": 1, ""distance"": 0, ""direction"": ""self""}]",n/a,"Say ""X""",,1.0,False,,Say (Steve),"[{""tk"": ""is"", ""act"": 3.4731979370117188}, {""tk"": ""the"", ""act"": 0.0}, {""tk"": ""iPhone"", ""act"": 0.0}, {""tk"": ""technology"", ""act"": 0.0}, {""tk"": ""company"", ""act"": 0.0}, {""tk"": ""Apple"", ""act"": 0.0}, {""tk"": ""founder"", ""act"": 0.0}, {""tk"": ""of"", ""act"": 0.0}, {""tk"": ""Steve"", ""act"": 0.0}, {""tk"": ""Jobs"", ""act"": 0.0}, {""tk"": ""who"", ""act"": 0.0}, {""tk"": ""started"", ""act"": 0.0}, {""tk"": ""called"", ""act"": 0.0}, {""tk"": ""established"", ""act"": 0.0}]"
9_12344,9,12344,entity: A major technology company is Apple,entity,1,0.0,0.0,semantic,"[{""token"": ""entity"", ""index"": 1, ""distance"": 0, ""direction"": ""self""}]",n/a,"Say ""X""",,1.0,False,,Say (Steve),"[{""tk"": ""is"", ""act"": 13.435708045959473}, {""tk"": ""founder"", ""act"": 9.268843650817871}, {""tk"": ""of"", ""act"": 8.137393951416016}, {""tk"": ""the"", ""act"": 3.502883195877075}, {""tk"": ""started"", ""act"": 2.638355016708374}, {""tk"": ""Steve"", ""act"": 1.7567155361175537}, {""tk"": ""company"", ""act"": 0.9922618865966797}, {""tk"": ""iPhone"", ""act"": 0.0}, {""tk"": ""technology"", ""act"": 0.0}, {""tk"": ""Apple"", ""act"": 0.0}, {""tk"": ""Jobs"", ""act"": 0.0}, {""tk"": ""who"", ""act"": 0.0}, {""tk"": ""called"", ""act"": 0.0}, {""tk"": ""established"", ""act"": 0.0}]"
9_29156,9,29156,entity: A major technology company is Apple,entity,1,0.0,0.0,semantic,"[{""token"": ""entity"", ""index"": 1, ""distance"": 0, ""direction"": ""self""}]",n/a,Relationship,,1.0,False,,(is) related,"[{""tk"": ""is"", ""act"": 0.0}, {""tk"": ""the"", ""act"": 0.0}, {""tk"": ""iPhone"", ""act"": 0.0}, {""tk"": ""technology"", ""act"": 0.0}, {""tk"": ""company"", ""act"": 0.0}, {""tk"": ""Apple"", ""act"": 0.0}, {""tk"": ""founder"", ""act"": 0.0}, {""tk"": ""of"", ""act"": 0.0}, {""tk"": ""Steve"", ""act"": 0.0}, {""tk"": ""Jobs"", ""act"": 0.0}, {""tk"": ""who"", ""act"": 0.0}, {""tk"": ""started"", ""act"": 0.0}, {""tk"": ""called"", ""act"": 0.0}, {""tk"": ""established"", ""act"": 0.0}]"
9_36706,9,36706,entity: A major technology company is Apple,entity,1,0.0,0.0,semantic,"[{""token"": ""entity"", ""index"": 1, ""distance"": 0, ""direction"": ""self""}]",n/a,"Say ""X""",,1.0,False,,Say (Steve),"[{""tk"": ""is"", ""act"": 4.144506454467773}, {""tk"": ""the"", ""act"": 0.0}, {""tk"": ""iPhone"", ""act"": 0.0}, {""tk"": ""technology"", ""act"": 0.0}, {""tk"": ""company"", ""act"": 0.0}, {""tk"": ""Apple"", ""act"": 0.0}, {""tk"": ""founder"", ""act"": 0.0}, {""tk"": ""of"", ""act"": 0.0}, {""tk"": ""Steve"", ""act"": 0.0}, {""tk"": ""Jobs"", ""act"": 0.0}, {""tk"": ""who"", ""act"": 0.0}, {""tk"": ""started"", ""act"": 0.0}, {""tk"": ""called"", ""act"": 0.0}, {""tk"": ""established"", ""act"": 0.0}]"
9_58272,9,58272,entity: A major technology company is Apple,entity,1,0.0,0.0,semantic,"[{""token"": ""entity"", ""index"": 1, ""distance"": 0, ""direction"": ""self""}]",n/a,Semantic,Concept,0.7,False,,founder,"[{""tk"": ""is"", ""act"": 11.63260269165039}, {""tk"": ""founder"", ""act"": 5.879386901855469}, {""tk"": ""of"", ""act"": 4.1122894287109375}, {""tk"": ""the"", ""act"": 0.0}, {""tk"": ""iPhone"", ""act"": 0.0}, {""tk"": ""technology"", ""act"": 0.0}, {""tk"": ""company"", ""act"": 0.0}, {""tk"": ""Apple"", ""act"": 0.0}, {""tk"": ""Steve"", ""act"": 0.0}, {""tk"": ""Jobs"", ""act"": 0.0}, {""tk"": ""who"", ""act"": 0.0}, {""tk"": ""started"", ""act"": 0.0}, {""tk"": ""called"", ""act"": 0.0}, {""tk"": ""established"", ""act"": 0.0}]"
10_46143,10,46143,entity: A major technology company is Apple,entity,1,0.0,0.0,semantic,"[{""token"": ""entity"", ""index"": 1, ""distance"": 0, ""direction"": ""self""}]",n/a,Relationship,,1.0,False,,(is) related,"[{""tk"": ""is"", ""act"": 0.0}, {""tk"": ""the"", ""act"": 0.0}, {""tk"": ""iPhone"", ""act"": 0.0}, {""tk"": ""technology"", ""act"": 0.0}, {""tk"": ""company"", ""act"": 0.0}, {""tk"": ""Apple"", ""act"": 0.0}, {""tk"": ""founder"", ""act"": 0.0}, {""tk"": ""of"", ""act"": 0.0}, {""tk"": ""Steve"", ""act"": 0.0}, {""tk"": ""Jobs"", ""act"": 0.0}, {""tk"": ""who"", ""act"": 0.0}, {""tk"": ""started"", ""act"": 0.0}, {""tk"": ""called"", ""act"": 0.0}, {""tk"": ""established"", ""act"": 0.0}]"
10_95564,10,95564,entity: A major technology company is Apple,entity,1,0.0,0.0,semantic,"[{""token"": ""entity"", ""index"": 1, ""distance"": 0, ""direction"": ""self""}]",n/a,"Say ""X""",,1.0,False,,Say (called),"[{""tk"": ""is"", ""act"": 5.736569404602051}, {""tk"": ""the"", ""act"": 0.0}, {""tk"": ""iPhone"", ""act"": 0.0}, {""tk"": ""technology"", ""act"": 0.0}, {""tk"": ""company"", ""act"": 0.0}, {""tk"": ""Apple"", ""act"": 0.0}, {""tk"": ""founder"", ""act"": 0.0}, {""tk"": ""of"", ""act"": 0.0}, {""tk"": ""Steve"", ""act"": 0.0}, {""tk"": ""Jobs"", ""act"": 0.0}, {""tk"": ""who"", ""act"": 0.0}, {""tk"": ""started"", ""act"": 0.0}, {""tk"": ""called"", ""act"": 0.0}, {""tk"": ""established"", ""act"": 0.0}]"
11_50131,11,50131,entity: A major technology company is Apple, Apple,8,42.86566925048828,0.5519338334336865,semantic,"[{""token"": "" Apple"", ""index"": 8, ""distance"": 0, ""direction"": ""self""}]",n/a,Semantic,Concept,0.7,False,,Apple,"[{""tk"": ""Apple"", ""act"": 42.86566925048828}, {""tk"": ""Steve"", ""act"": 35.6882438659668}, {""tk"": ""company"", ""act"": 34.74782943725586}, {""tk"": ""iPhone"", ""act"": 29.902135848999023}, {""tk"": ""is"", ""act"": 28.8629207611084}, {""tk"": ""founder"", ""act"": 25.31222915649414}, {""tk"": ""technology"", ""act"": 25.055871963500977}, {""tk"": ""who"", ""act"": 23.43047523498535}, {""tk"": ""Jobs"", ""act"": 22.037641525268555}, {""tk"": ""of"", ""act"": 18.848554611206055}, {""tk"": ""established"", ""act"": 18.09630012512207}, {""tk"": ""the"", ""act"": 12.746837615966797}, {""tk"": ""called"", ""act"": 4.862068176269531}, {""tk"": ""started"", ""act"": 2.9497878551483154}]"
11_4461,11,4461,entity: A major technology company is Apple,entity,1,0.0,0.0,semantic,"[{""token"": ""entity"", ""index"": 1, ""distance"": 0, ""direction"": ""self""}]",n/a,Semantic,Concept,0.7,False,,company,"[{""tk"": ""company"", ""act"": 6.21978759765625}, {""tk"": ""is"", ""act"": 0.0}, {""tk"": ""the"", ""act"": 0.0}, {""tk"": ""iPhone"", ""act"": 0.0}, {""tk"": ""technology"", ""act"": 0.0}, {""tk"": ""Apple"", ""act"": 0.0}, {""tk"": ""founder"", ""act"": 0.0}, {""tk"": ""of"", ""act"": 0.0}, {""tk"": ""Steve"", ""act"": 0.0}, {""tk"": ""Jobs"", ""act"": 0.0}, {""tk"": ""who"", ""act"": 0.0}, {""tk"": ""started"", ""act"": 0.0}, {""tk"": ""called"", ""act"": 0.0}, {""tk"": ""established"", ""act"": 0.0}]"
11_9574,11,9574,entity: A major technology company is Apple,entity,1,0.0,0.0,semantic,"[{""token"": ""entity"", ""index"": 1, ""distance"": 0, ""direction"": ""self""}]",n/a,"Say ""X""",,1.0,False,,Say (called),"[{""tk"": ""is"", ""act"": 3.108989715576172}, {""tk"": ""the"", ""act"": 0.0}, {""tk"": ""iPhone"", ""act"": 0.0}, {""tk"": ""technology"", ""act"": 0.0}, {""tk"": ""company"", ""act"": 0.0}, {""tk"": ""Apple"", ""act"": 0.0}, {""tk"": ""founder"", ""act"": 0.0}, {""tk"": ""of"", ""act"": 0.0}, {""tk"": ""Steve"", ""act"": 0.0}, {""tk"": ""Jobs"", ""act"": 0.0}, {""tk"": ""who"", ""act"": 0.0}, {""tk"": ""started"", ""act"": 0.0}, {""tk"": ""called"", ""act"": 0.0}, {""tk"": ""established"", ""act"": 0.0}]"
11_70100,11,70100,entity: A major technology company is Apple,entity,1,0.0,0.0,semantic,"[{""token"": ""entity"", ""index"": 1, ""distance"": 0, ""direction"": ""self""}]",n/a,Relationship,,1.0,False,,(is) related,"[{""tk"": ""is"", ""act"": 0.0}, {""tk"": ""the"", ""act"": 0.0}, {""tk"": ""iPhone"", ""act"": 0.0}, {""tk"": ""technology"", ""act"": 0.0}, {""tk"": ""company"", ""act"": 0.0}, {""tk"": ""Apple"", ""act"": 0.0}, {""tk"": ""founder"", ""act"": 0.0}, {""tk"": ""of"", ""act"": 0.0}, {""tk"": ""Steve"", ""act"": 0.0}, {""tk"": ""Jobs"", ""act"": 0.0}, {""tk"": ""who"", ""act"": 0.0}, {""tk"": ""started"", ""act"": 0.0}, {""tk"": ""called"", ""act"": 0.0}, {""tk"": ""established"", ""act"": 0.0}]"
12_5914,12,5914,entity: A major technology company is Apple,entity,1,0.0,0.0,semantic,"[{""token"": ""entity"", ""index"": 1, ""distance"": 0, ""direction"": ""self""}]",n/a,Relationship,,1.0,False,,(is) related,"[{""tk"": ""is"", ""act"": 0.0}, {""tk"": ""the"", ""act"": 0.0}, {""tk"": ""iPhone"", ""act"": 0.0}, {""tk"": ""technology"", ""act"": 0.0}, {""tk"": ""company"", ""act"": 0.0}, {""tk"": ""Apple"", ""act"": 0.0}, {""tk"": ""founder"", ""act"": 0.0}, {""tk"": ""of"", ""act"": 0.0}, {""tk"": ""Steve"", ""act"": 0.0}, {""tk"": ""Jobs"", ""act"": 0.0}, {""tk"": ""who"", ""act"": 0.0}, {""tk"": ""started"", ""act"": 0.0}, {""tk"": ""called"", ""act"": 0.0}, {""tk"": ""established"", ""act"": 0.0}]"
13_14404,13,14404,entity: A major technology company is Apple, Apple,8,20.19862937927246,0.875,semantic,"[{""token"": "" Apple"", ""index"": 8, ""distance"": 0, ""direction"": ""self""}]",n/a,Semantic,Concept,0.7,False,,iphone,"[{""tk"": ""iPhone"", ""act"": 26.76209259033203}, {""tk"": ""Apple"", ""act"": 20.19862937927246}, {""tk"": ""is"", ""act"": 0.0}, {""tk"": ""the"", ""act"": 0.0}, {""tk"": ""technology"", ""act"": 0.0}, {""tk"": ""company"", ""act"": 0.0}, {""tk"": ""founder"", ""act"": 0.0}, {""tk"": ""of"", ""act"": 0.0}, {""tk"": ""Steve"", ""act"": 0.0}, {""tk"": ""Jobs"", ""act"": 0.0}, {""tk"": ""who"", ""act"": 0.0}, {""tk"": ""started"", ""act"": 0.0}, {""tk"": ""called"", ""act"": 0.0}, {""tk"": ""established"", ""act"": 0.0}]"
13_50639,13,50639,entity: A major technology company is Apple,entity,1,0.0,0.0,semantic,"[{""token"": ""entity"", ""index"": 1, ""distance"": 0, ""direction"": ""self""}]",n/a,"Say ""X""",,1.0,False,,Say (Steve),"[{""tk"": ""is"", ""act"": 6.498532295227051}, {""tk"": ""the"", ""act"": 0.0}, {""tk"": ""iPhone"", ""act"": 0.0}, {""tk"": ""technology"", ""act"": 0.0}, {""tk"": ""company"", ""act"": 0.0}, {""tk"": ""Apple"", ""act"": 0.0}, {""tk"": ""founder"", ""act"": 0.0}, {""tk"": ""of"", ""act"": 0.0}, {""tk"": ""Steve"", ""act"": 0.0}, {""tk"": ""Jobs"", ""act"": 0.0}, {""tk"": ""who"", ""act"": 0.0}, {""tk"": ""started"", ""act"": 0.0}, {""tk"": ""called"", ""act"": 0.0}, {""tk"": ""established"", ""act"": 0.0}]"
14_48493,14,48493,entity: A major technology company is Apple,entity,1,0.0,0.0,semantic,"[{""token"": ""entity"", ""index"": 1, ""distance"": 0, ""direction"": ""self""}]",n/a,Relationship,,1.0,False,,(is) related,"[{""tk"": ""is"", ""act"": 0.0}, {""tk"": ""the"", ""act"": 0.0}, {""tk"": ""iPhone"", ""act"": 0.0}, {""tk"": ""technology"", ""act"": 0.0}, {""tk"": ""company"", ""act"": 0.0}, {""tk"": ""Apple"", ""act"": 0.0}, {""tk"": ""founder"", ""act"": 0.0}, {""tk"": ""of"", ""act"": 0.0}, {""tk"": ""Steve"", ""act"": 0.0}, {""tk"": ""Jobs"", ""act"": 0.0}, {""tk"": ""who"", ""act"": 0.0}, {""tk"": ""started"", ""act"": 0.0}, {""tk"": ""called"", ""act"": 0.0}, {""tk"": ""established"", ""act"": 0.0}]"
15_2576,15,2576,entity: A major technology company is Apple,entity,1,0.0,0.0,semantic,"[{""token"": ""entity"", ""index"": 1, ""distance"": 0, ""direction"": ""self""}]",n/a,Relationship,,1.0,False,,(is) related,"[{""tk"": ""is"", ""act"": 0.0}, {""tk"": ""the"", ""act"": 0.0}, {""tk"": ""iPhone"", ""act"": 0.0}, {""tk"": ""technology"", ""act"": 0.0}, {""tk"": ""company"", ""act"": 0.0}, {""tk"": ""Apple"", ""act"": 0.0}, {""tk"": ""founder"", ""act"": 0.0}, {""tk"": ""of"", ""act"": 0.0}, {""tk"": ""Steve"", ""act"": 0.0}, {""tk"": ""Jobs"", ""act"": 0.0}, {""tk"": ""who"", ""act"": 0.0}, {""tk"": ""started"", ""act"": 0.0}, {""tk"": ""called"", ""act"": 0.0}, {""tk"": ""established"", ""act"": 0.0}]"
15_10570,15,10570,entity: A major technology company is Apple,entity,1,0.0,0.0,semantic,"[{""token"": ""entity"", ""index"": 1, ""distance"": 0, ""direction"": ""self""}]",n/a,"Say ""X""",,1.0,False,,Say (Steve),"[{""tk"": ""is"", ""act"": 2.233883857727051}, {""tk"": ""the"", ""act"": 0.0}, {""tk"": ""iPhone"", ""act"": 0.0}, {""tk"": ""technology"", ""act"": 0.0}, {""tk"": ""company"", ""act"": 0.0}, {""tk"": ""Apple"", ""act"": 0.0}, {""tk"": ""founder"", ""act"": 0.0}, {""tk"": ""of"", ""act"": 0.0}, {""tk"": ""Steve"", ""act"": 0.0}, {""tk"": ""Jobs"", ""act"": 0.0}, {""tk"": ""who"", ""act"": 0.0}, {""tk"": ""started"", ""act"": 0.0}, {""tk"": ""called"", ""act"": 0.0}, {""tk"": ""established"", ""act"": 0.0}]"
15_60736,15,60736,entity: A major technology company is Apple,entity,1,0.0,0.0,semantic,"[{""token"": ""entity"", ""index"": 1, ""distance"": 0, ""direction"": ""self""}]",n/a,Relationship,,1.0,False,,(is) related,"[{""tk"": ""is"", ""act"": 0.0}, {""tk"": ""the"", ""act"": 0.0}, {""tk"": ""iPhone"", ""act"": 0.0}, {""tk"": ""technology"", ""act"": 0.0}, {""tk"": ""company"", ""act"": 0.0}, {""tk"": ""Apple"", ""act"": 0.0}, {""tk"": ""founder"", ""act"": 0.0}, {""tk"": ""of"", ""act"": 0.0}, {""tk"": ""Steve"", ""act"": 0.0}, {""tk"": ""Jobs"", ""act"": 0.0}, {""tk"": ""who"", ""act"": 0.0}, {""tk"": ""started"", ""act"": 0.0}, {""tk"": ""called"", ""act"": 0.0}, {""tk"": ""established"", ""act"": 0.0}]"
15_68530,15,68530,entity: A major technology company is Apple,entity,1,0.0,0.0,semantic,"[{""token"": ""entity"", ""index"": 1, ""distance"": 0, ""direction"": ""self""}]",n/a,"Say ""X""",,1.0,False,,Say (Steve),"[{""tk"": ""is"", ""act"": 9.829694747924805}, {""tk"": ""Steve"", ""act"": 3.0780301094055176}, {""tk"": ""the"", ""act"": 0.0}, {""tk"": ""iPhone"", ""act"": 0.0}, {""tk"": ""technology"", ""act"": 0.0}, {""tk"": ""company"", ""act"": 0.0}, {""tk"": ""Apple"", ""act"": 0.0}, {""tk"": ""founder"", ""act"": 0.0}, {""tk"": ""of"", ""act"": 0.0}, {""tk"": ""Jobs"", ""act"": 0.0}, {""tk"": ""who"", ""act"": 0.0}, {""tk"": ""started"", ""act"": 0.0}, {""tk"": ""called"", ""act"": 0.0}, {""tk"": ""established"", ""act"": 0.0}]"
15_84142,15,84142,entity: A major technology company is Apple,entity,1,0.0,0.0,semantic,"[{""token"": ""entity"", ""index"": 1, ""distance"": 0, ""direction"": ""self""}]",n/a,Relationship,,1.0,False,,(is) related,"[{""tk"": ""is"", ""act"": 0.0}, {""tk"": ""the"", ""act"": 0.0}, {""tk"": ""iPhone"", ""act"": 0.0}, {""tk"": ""technology"", ""act"": 0.0}, {""tk"": ""company"", ""act"": 0.0}, {""tk"": ""Apple"", ""act"": 0.0}, {""tk"": ""founder"", ""act"": 0.0}, {""tk"": ""of"", ""act"": 0.0}, {""tk"": ""Steve"", ""act"": 0.0}, {""tk"": ""Jobs"", ""act"": 0.0}, {""tk"": ""who"", ""act"": 0.0}, {""tk"": ""started"", ""act"": 0.0}, {""tk"": ""called"", ""act"": 0.0}, {""tk"": ""established"", ""act"": 0.0}]"
16_71228,16,71228,entity: A major technology company is Apple, is,7,7.649389743804932,0.7508056853248296,functional,"[{""token"": "" Apple"", ""index"": 8, ""distance"": 1, ""direction"": ""forward""}]",json,"Say ""X""",,1.0,False,,Say (Apple),"[{""tk"": ""is"", ""act"": 7.649389743804932}, {""tk"": ""technology"", ""act"": 7.600085735321045}, {""tk"": ""the"", ""act"": 4.7744832038879395}, {""tk"": ""called"", ""act"": 2.8876395225524902}, {""tk"": ""founder"", ""act"": 1.6726727485656738}, {""tk"": ""iPhone"", ""act"": 0.0}, {""tk"": ""company"", ""act"": 0.0}, {""tk"": ""Apple"", ""act"": 0.0}, {""tk"": ""of"", ""act"": 0.0}, {""tk"": ""Steve"", ""act"": 0.0}, {""tk"": ""Jobs"", ""act"": 0.0}, {""tk"": ""who"", ""act"": 0.0}, {""tk"": ""started"", ""act"": 0.0}, {""tk"": ""established"", ""act"": 0.0}]"
16_6418,16,6418,entity: A major technology company is Apple,entity,1,0.0,0.0,semantic,"[{""token"": ""entity"", ""index"": 1, ""distance"": 0, ""direction"": ""self""}]",n/a,"Say ""X""",,1.0,False,,Say (founder),"[{""tk"": ""the"", ""act"": 28.591772079467773}, {""tk"": ""called"", ""act"": 24.349594116210938}, {""tk"": ""is"", ""act"": 21.090768814086914}, {""tk"": ""company"", ""act"": 12.138047218322754}, {""tk"": ""founder"", ""act"": 7.059747695922852}, {""tk"": ""iPhone"", ""act"": 0.0}, {""tk"": ""technology"", ""act"": 0.0}, {""tk"": ""Apple"", ""act"": 0.0}, {""tk"": ""of"", ""act"": 0.0}, {""tk"": ""Steve"", ""act"": 0.0}, {""tk"": ""Jobs"", ""act"": 0.0}, {""tk"": ""who"", ""act"": 0.0}, {""tk"": ""started"", ""act"": 0.0}, {""tk"": ""established"", ""act"": 0.0}]"
16_45093,16,45093,entity: A major technology company is Apple,entity,1,0.0,0.0,semantic,"[{""token"": ""entity"", ""index"": 1, ""distance"": 0, ""direction"": ""self""}]",n/a,Relationship,,1.0,False,,(is) related,"[{""tk"": ""is"", ""act"": 0.0}, {""tk"": ""the"", ""act"": 0.0}, {""tk"": ""iPhone"", ""act"": 0.0}, {""tk"": ""technology"", ""act"": 0.0}, {""tk"": ""company"", ""act"": 0.0}, {""tk"": ""Apple"", ""act"": 0.0}, {""tk"": ""founder"", ""act"": 0.0}, {""tk"": ""of"", ""act"": 0.0}, {""tk"": ""Steve"", ""act"": 0.0}, {""tk"": ""Jobs"", ""act"": 0.0}, {""tk"": ""who"", ""act"": 0.0}, {""tk"": ""started"", ""act"": 0.0}, {""tk"": ""called"", ""act"": 0.0}, {""tk"": ""established"", ""act"": 0.0}]"
16_47358,16,47358,entity: A major technology company is Apple,entity,1,0.0,0.0,semantic,"[{""token"": ""entity"", ""index"": 1, ""distance"": 0, ""direction"": ""self""}]",n/a,Semantic,Concept,0.5,False,,called,"[{""tk"": ""is"", ""act"": 28.910015106201172}, {""tk"": ""Apple"", ""act"": 19.838096618652344}, {""tk"": ""called"", ""act"": 12.649178504943848}, {""tk"": ""the"", ""act"": 12.119336128234863}, {""tk"": ""Steve"", ""act"": 10.320988655090332}, {""tk"": ""Jobs"", ""act"": 0.8038663864135742}, {""tk"": ""iPhone"", ""act"": 0.0}, {""tk"": ""technology"", ""act"": 0.0}, {""tk"": ""company"", ""act"": 0.0}, {""tk"": ""founder"", ""act"": 0.0}, {""tk"": ""of"", ""act"": 0.0}, {""tk"": ""who"", ""act"": 0.0}, {""tk"": ""started"", ""act"": 0.0}, {""tk"": ""established"", ""act"": 0.0}]"
16_49171,16,49171,entity: A major technology company is Apple,entity,1,0.0,0.0,semantic,"[{""token"": ""entity"", ""index"": 1, ""distance"": 0, ""direction"": ""self""}]",n/a,Relationship,,1.0,False,,(is) related,"[{""tk"": ""is"", ""act"": 0.0}, {""tk"": ""the"", ""act"": 0.0}, {""tk"": ""iPhone"", ""act"": 0.0}, {""tk"": ""technology"", ""act"": 0.0}, {""tk"": ""company"", ""act"": 0.0}, {""tk"": ""Apple"", ""act"": 0.0}, {""tk"": ""founder"", ""act"": 0.0}, {""tk"": ""of"", ""act"": 0.0}, {""tk"": ""Steve"", ""act"": 0.0}, {""tk"": ""Jobs"", ""act"": 0.0}, {""tk"": ""who"", ""act"": 0.0}, {""tk"": ""started"", ""act"": 0.0}, {""tk"": ""called"", ""act"": 0.0}, {""tk"": ""established"", ""act"": 0.0}]"
16_59763,16,59763,entity: A major technology company is Apple,entity,1,0.0,0.0,semantic,"[{""token"": ""entity"", ""index"": 1, ""distance"": 0, ""direction"": ""self""}]",n/a,"Say ""X""",,1.0,False,,Say (Steve),"[{""tk"": ""is"", ""act"": 9.955143928527832}, {""tk"": ""the"", ""act"": 0.0}, {""tk"": ""iPhone"", ""act"": 0.0}, {""tk"": ""technology"", ""act"": 0.0}, {""tk"": ""company"", ""act"": 0.0}, {""tk"": ""Apple"", ""act"": 0.0}, {""tk"": ""founder"", ""act"": 0.0}, {""tk"": ""of"", ""act"": 0.0}, {""tk"": ""Steve"", ""act"": 0.0}, {""tk"": ""Jobs"", ""act"": 0.0}, {""tk"": ""who"", ""act"": 0.0}, {""tk"": ""started"", ""act"": 0.0}, {""tk"": ""called"", ""act"": 0.0}, {""tk"": ""established"", ""act"": 0.0}]"
16_62641,16,62641,entity: A major technology company is Apple,entity,1,0.0,0.0,semantic,"[{""token"": ""entity"", ""index"": 1, ""distance"": 0, ""direction"": ""self""}]",n/a,Relationship,,1.0,False,,(is) related,"[{""tk"": ""is"", ""act"": 0.0}, {""tk"": ""the"", ""act"": 0.0}, {""tk"": ""iPhone"", ""act"": 0.0}, {""tk"": ""technology"", ""act"": 0.0}, {""tk"": ""company"", ""act"": 0.0}, {""tk"": ""Apple"", ""act"": 0.0}, {""tk"": ""founder"", ""act"": 0.0}, {""tk"": ""of"", ""act"": 0.0}, {""tk"": ""Steve"", ""act"": 0.0}, {""tk"": ""Jobs"", ""act"": 0.0}, {""tk"": ""who"", ""act"": 0.0}, {""tk"": ""started"", ""act"": 0.0}, {""tk"": ""called"", ""act"": 0.0}, {""tk"": ""established"", ""act"": 0.0}]"
16_73155,16,73155,entity: A major technology company is Apple,entity,1,0.0,0.0,semantic,"[{""token"": ""entity"", ""index"": 1, ""distance"": 0, ""direction"": ""self""}]",n/a,Relationship,,1.0,False,,(is) related,"[{""tk"": ""is"", ""act"": 0.0}, {""tk"": ""the"", ""act"": 0.0}, {""tk"": ""iPhone"", ""act"": 0.0}, {""tk"": ""technology"", ""act"": 0.0}, {""tk"": ""company"", ""act"": 0.0}, {""tk"": ""Apple"", ""act"": 0.0}, {""tk"": ""founder"", ""act"": 0.0}, {""tk"": ""of"", ""act"": 0.0}, {""tk"": ""Steve"", ""act"": 0.0}, {""tk"": ""Jobs"", ""act"": 0.0}, {""tk"": ""who"", ""act"": 0.0}, {""tk"": ""started"", ""act"": 0.0}, {""tk"": ""called"", ""act"": 0.0}, {""tk"": ""established"", ""act"": 0.0}]"
16_83757,16,83757,entity: A major technology company is Apple,entity,1,0.0,0.0,semantic,"[{""token"": ""entity"", ""index"": 1, ""distance"": 0, ""direction"": ""self""}]",n/a,"Say ""X""",,1.0,False,,Say (Steve),"[{""tk"": ""is"", ""act"": 6.296390056610107}, {""tk"": ""the"", ""act"": 0.0}, {""tk"": ""iPhone"", ""act"": 0.0}, {""tk"": ""technology"", ""act"": 0.0}, {""tk"": ""company"", ""act"": 0.0}, {""tk"": ""Apple"", ""act"": 0.0}, {""tk"": ""founder"", ""act"": 0.0}, {""tk"": ""of"", ""act"": 0.0}, {""tk"": ""Steve"", ""act"": 0.0}, {""tk"": ""Jobs"", ""act"": 0.0}, {""tk"": ""who"", ""act"": 0.0}, {""tk"": ""started"", ""act"": 0.0}, {""tk"": ""called"", ""act"": 0.0}, {""tk"": ""established"", ""act"": 0.0}]"
16_83969,16,83969,entity: A major technology company is Apple,entity,1,0.0,0.0,semantic,"[{""token"": ""entity"", ""index"": 1, ""distance"": 0, ""direction"": ""self""}]",n/a,Semantic,Concept,0.7,False,,iphone,"[{""tk"": ""iPhone"", ""act"": 21.878177642822266}, {""tk"": ""Apple"", ""act"": 16.727567672729492}, {""tk"": ""is"", ""act"": 12.604499816894531}, {""tk"": ""Steve"", ""act"": 2.620940685272217}, {""tk"": ""the"", ""act"": 2.4702186584472656}, {""tk"": ""technology"", ""act"": 0.0}, {""tk"": ""company"", ""act"": 0.0}, {""tk"": ""founder"", ""act"": 0.0}, {""tk"": ""of"", ""act"": 0.0}, {""tk"": ""Jobs"", ""act"": 0.0}, {""tk"": ""who"", ""act"": 0.0}, {""tk"": ""started"", ""act"": 0.0}, {""tk"": ""called"", ""act"": 0.0}, {""tk"": ""established"", ""act"": 0.0}]"
17_7609,17,7609,entity: A major technology company is Apple,entity,1,0.0,0.0,semantic,"[{""token"": ""entity"", ""index"": 1, ""distance"": 0, ""direction"": ""self""}]",n/a,"Say ""X""",,1.0,False,,Say (Steve),"[{""tk"": ""is"", ""act"": 21.694923400878906}, {""tk"": ""the"", ""act"": 0.0}, {""tk"": ""iPhone"", ""act"": 0.0}, {""tk"": ""technology"", ""act"": 0.0}, {""tk"": ""company"", ""act"": 0.0}, {""tk"": ""Apple"", ""act"": 0.0}, {""tk"": ""founder"", ""act"": 0.0}, {""tk"": ""of"", ""act"": 0.0}, {""tk"": ""Steve"", ""act"": 0.0}, {""tk"": ""Jobs"", ""act"": 0.0}, {""tk"": ""who"", ""act"": 0.0}, {""tk"": ""started"", ""act"": 0.0}, {""tk"": ""called"", ""act"": 0.0}, {""tk"": ""established"", ""act"": 0.0}]"
17_26364,17,26364,entity: A major technology company is Apple,entity,1,0.0,0.0,semantic,"[{""token"": ""entity"", ""index"": 1, ""distance"": 0, ""direction"": ""self""}]",n/a,"Say ""X""",,1.0,False,,Say (Steve),"[{""tk"": ""is"", ""act"": 17.194828033447266}, {""tk"": ""Apple"", ""act"": 6.905239105224609}, {""tk"": ""the"", ""act"": 0.0}, {""tk"": ""iPhone"", ""act"": 0.0}, {""tk"": ""technology"", ""act"": 0.0}, {""tk"": ""company"", ""act"": 0.0}, {""tk"": ""founder"", ""act"": 0.0}, {""tk"": ""of"", ""act"": 0.0}, {""tk"": ""Steve"", ""act"": 0.0}, {""tk"": ""Jobs"", ""act"": 0.0}, {""tk"": ""who"", ""act"": 0.0}, {""tk"": ""started"", ""act"": 0.0}, {""tk"": ""called"", ""act"": 0.0}, {""tk"": ""established"", ""act"": 0.0}]"
17_63557,17,63557,entity: A major technology company is Apple,entity,1,0.0,0.0,semantic,"[{""token"": ""entity"", ""index"": 1, ""distance"": 0, ""direction"": ""self""}]",n/a,"Say ""X""",,1.0,False,,Say (Steve),"[{""tk"": ""is"", ""act"": 31.50575828552246}, {""tk"": ""Apple"", ""act"": 6.035430908203125}, {""tk"": ""the"", ""act"": 0.0}, {""tk"": ""iPhone"", ""act"": 0.0}, {""tk"": ""technology"", ""act"": 0.0}, {""tk"": ""company"", ""act"": 0.0}, {""tk"": ""founder"", ""act"": 0.0}, {""tk"": ""of"", ""act"": 0.0}, {""tk"": ""Steve"", ""act"": 0.0}, {""tk"": ""Jobs"", ""act"": 0.0}, {""tk"": ""who"", ""act"": 0.0}, {""tk"": ""started"", ""act"": 0.0}, {""tk"": ""called"", ""act"": 0.0}, {""tk"": ""established"", ""act"": 0.0}]"
18_12598,18,12598,entity: A major technology company is Apple, Apple,8,35.0205192565918,0.875,semantic,"[{""token"": "" Apple"", ""index"": 8, ""distance"": 0, ""direction"": ""self""}]",n/a,Semantic,Concept,0.7258062960427178,False,,Apple,"[{""tk"": ""is"", ""act"": 48.25050354003906}, {""tk"": ""Apple"", ""act"": 41.0167236328125}, {""tk"": ""Steve"", ""act"": 38.064613342285156}, {""tk"": ""iPhone"", ""act"": 28.66970443725586}, {""tk"": ""Jobs"", ""act"": 11.661492347717285}, {""tk"": ""the"", ""act"": 0.0}, {""tk"": ""technology"", ""act"": 0.0}, {""tk"": ""company"", ""act"": 0.0}, {""tk"": ""founder"", ""act"": 0.0}, {""tk"": ""of"", ""act"": 0.0}, {""tk"": ""who"", ""act"": 0.0}, {""tk"": ""started"", ""act"": 0.0}, {""tk"": ""called"", ""act"": 0.0}, {""tk"": ""established"", ""act"": 0.0}]"
18_8654,18,8654,entity: A major technology company is Apple, Apple,8,24.499181747436523,0.875,semantic,"[{""token"": "" Apple"", ""index"": 8, ""distance"": 0, ""direction"": ""self""}]",n/a,Semantic,Concept,0.7,False,,iphone,"[{""tk"": ""iPhone"", ""act"": 33.774173736572266}, {""tk"": ""Apple"", ""act"": 24.499181747436523}, {""tk"": ""is"", ""act"": 22.238235473632812}, {""tk"": ""Steve"", ""act"": 15.52254867553711}, {""tk"": ""the"", ""act"": 0.0}, {""tk"": ""technology"", ""act"": 0.0}, {""tk"": ""company"", ""act"": 0.0}, {""tk"": ""founder"", ""act"": 0.0}, {""tk"": ""of"", ""act"": 0.0}, {""tk"": ""Jobs"", ""act"": 0.0}, {""tk"": ""who"", ""act"": 0.0}, {""tk"": ""started"", ""act"": 0.0}, {""tk"": ""called"", ""act"": 0.0}, {""tk"": ""established"", ""act"": 0.0}]"
18_13087,18,13087,entity: A major technology company is Apple,entity,1,0.0,0.0,semantic,"[{""token"": ""entity"", ""index"": 1, ""distance"": 0, ""direction"": ""self""}]",n/a,"Say ""X""",,1.0,False,,Say (Steve),"[{""tk"": ""is"", ""act"": 19.087020874023438}, {""tk"": ""Apple"", ""act"": 3.1269655227661133}, {""tk"": ""the"", ""act"": 0.0}, {""tk"": ""iPhone"", ""act"": 0.0}, {""tk"": ""technology"", ""act"": 0.0}, {""tk"": ""company"", ""act"": 0.0}, {""tk"": ""founder"", ""act"": 0.0}, {""tk"": ""of"", ""act"": 0.0}, {""tk"": ""Steve"", ""act"": 0.0}, {""tk"": ""Jobs"", ""act"": 0.0}, {""tk"": ""who"", ""act"": 0.0}, {""tk"": ""started"", ""act"": 0.0}, {""tk"": ""called"", ""act"": 0.0}, {""tk"": ""established"", ""act"": 0.0}]"
18_32240,18,32240,entity: A major technology company is Apple,entity,1,0.0,0.0,semantic,"[{""token"": ""entity"", ""index"": 1, ""distance"": 0, ""direction"": ""self""}]",n/a,Semantic,Concept,0.7,False,,company,"[{""tk"": ""company"", ""act"": 24.703628540039062}, {""tk"": ""is"", ""act"": 0.0}, {""tk"": ""the"", ""act"": 0.0}, {""tk"": ""iPhone"", ""act"": 0.0}, {""tk"": ""technology"", ""act"": 0.0}, {""tk"": ""Apple"", ""act"": 0.0}, {""tk"": ""founder"", ""act"": 0.0}, {""tk"": ""of"", ""act"": 0.0}, {""tk"": ""Steve"", ""act"": 0.0}, {""tk"": ""Jobs"", ""act"": 0.0}, {""tk"": ""who"", ""act"": 0.0}, {""tk"": ""started"", ""act"": 0.0}, {""tk"": ""called"", ""act"": 0.0}, {""tk"": ""established"", ""act"": 0.0}]"
18_80625,18,80625,entity: A major technology company is Apple,entity,1,0.0,0.0,semantic,"[{""token"": ""entity"", ""index"": 1, ""distance"": 0, ""direction"": ""self""}]",n/a,Relationship,,1.0,False,,(is) related,"[{""tk"": ""is"", ""act"": 0.0}, {""tk"": ""the"", ""act"": 0.0}, {""tk"": ""iPhone"", ""act"": 0.0}, {""tk"": ""technology"", ""act"": 0.0}, {""tk"": ""company"", ""act"": 0.0}, {""tk"": ""Apple"", ""act"": 0.0}, {""tk"": ""founder"", ""act"": 0.0}, {""tk"": ""of"", ""act"": 0.0}, {""tk"": ""Steve"", ""act"": 0.0}, {""tk"": ""Jobs"", ""act"": 0.0}, {""tk"": ""who"", ""act"": 0.0}, {""tk"": ""started"", ""act"": 0.0}, {""tk"": ""called"", ""act"": 0.0}, {""tk"": ""established"", ""act"": 0.0}]"
19_46054,19,46054,entity: A major technology company is Apple,entity,1,0.0,0.0,semantic,"[{""token"": ""entity"", ""index"": 1, ""distance"": 0, ""direction"": ""self""}]",n/a,Relationship,,1.0,False,,(is) related,"[{""tk"": ""is"", ""act"": 0.0}, {""tk"": ""the"", ""act"": 0.0}, {""tk"": ""iPhone"", ""act"": 0.0}, {""tk"": ""technology"", ""act"": 0.0}, {""tk"": ""company"", ""act"": 0.0}, {""tk"": ""Apple"", ""act"": 0.0}, {""tk"": ""founder"", ""act"": 0.0}, {""tk"": ""of"", ""act"": 0.0}, {""tk"": ""Steve"", ""act"": 0.0}, {""tk"": ""Jobs"", ""act"": 0.0}, {""tk"": ""who"", ""act"": 0.0}, {""tk"": ""started"", ""act"": 0.0}, {""tk"": ""called"", ""act"": 0.0}, {""tk"": ""established"", ""act"": 0.0}]"
19_16402,19,16402,entity: A major technology company is Apple, Apple,8,7.069587707519531,0.745288698907325,semantic,"[{""token"": "" Apple"", ""index"": 8, ""distance"": 0, ""direction"": ""self""}]",n/a,Semantic,Concept,0.7,False,,Apple,"[{""tk"": ""Apple"", ""act"": 16.021486282348633}, {""tk"": ""is"", ""act"": 14.374685287475586}, {""tk"": ""Steve"", ""act"": 12.850915908813477}, {""tk"": ""technology"", ""act"": 4.547060966491699}, {""tk"": ""company"", ""act"": 2.788982391357422}, {""tk"": ""started"", ""act"": 2.372182846069336}, {""tk"": ""the"", ""act"": 0.0}, {""tk"": ""iPhone"", ""act"": 0.0}, {""tk"": ""founder"", ""act"": 0.0}, {""tk"": ""of"", ""act"": 0.0}, {""tk"": ""Jobs"", ""act"": 0.0}, {""tk"": ""who"", ""act"": 0.0}, {""tk"": ""called"", ""act"": 0.0}, {""tk"": ""established"", ""act"": 0.0}]"
19_4971,19,4971,entity: A major technology company is Apple,entity,1,0.0,0.0,semantic,"[{""token"": ""entity"", ""index"": 1, ""distance"": 0, ""direction"": ""self""}]",n/a,"Say ""X""",,1.0,False,,Say (founder),"[{""tk"": ""the"", ""act"": 27.69141960144043}, {""tk"": ""called"", ""act"": 21.956043243408203}, {""tk"": ""is"", ""act"": 15.361166954040527}, {""tk"": ""founder"", ""act"": 13.689627647399902}, {""tk"": ""Jobs"", ""act"": 0.07552623748779297}, {""tk"": ""iPhone"", ""act"": 0.0}, {""tk"": ""technology"", ""act"": 0.0}, {""tk"": ""company"", ""act"": 0.0}, {""tk"": ""Apple"", ""act"": 0.0}, {""tk"": ""of"", ""act"": 0.0}, {""tk"": ""Steve"", ""act"": 0.0}, {""tk"": ""who"", ""act"": 0.0}, {""tk"": ""started"", ""act"": 0.0}, {""tk"": ""established"", ""act"": 0.0}]"
19_9922,19,9922,entity: A major technology company is Apple,entity,1,0.0,0.0,semantic,"[{""token"": ""entity"", ""index"": 1, ""distance"": 0, ""direction"": ""self""}]",n/a,Relationship,,1.0,False,,(is) related,"[{""tk"": ""is"", ""act"": 0.0}, {""tk"": ""the"", ""act"": 0.0}, {""tk"": ""iPhone"", ""act"": 0.0}, {""tk"": ""technology"", ""act"": 0.0}, {""tk"": ""company"", ""act"": 0.0}, {""tk"": ""Apple"", ""act"": 0.0}, {""tk"": ""founder"", ""act"": 0.0}, {""tk"": ""of"", ""act"": 0.0}, {""tk"": ""Steve"", ""act"": 0.0}, {""tk"": ""Jobs"", ""act"": 0.0}, {""tk"": ""who"", ""act"": 0.0}, {""tk"": ""started"", ""act"": 0.0}, {""tk"": ""called"", ""act"": 0.0}, {""tk"": ""established"", ""act"": 0.0}]"
19_72684,19,72684,entity: A major technology company is Apple,entity,1,0.0,0.0,semantic,"[{""token"": ""entity"", ""index"": 1, ""distance"": 0, ""direction"": ""self""}]",n/a,Semantic,Dictionary,1.0,False,,Steve,"[{""tk"": ""Steve"", ""act"": 46.7109375}, {""tk"": ""is"", ""act"": 39.66258239746094}, {""tk"": ""Apple"", ""act"": 11.21017074584961}, {""tk"": ""Jobs"", ""act"": 2.215528964996338}, {""tk"": ""the"", ""act"": 0.0}, {""tk"": ""iPhone"", ""act"": 0.0}, {""tk"": ""technology"", ""act"": 0.0}, {""tk"": ""company"", ""act"": 0.0}, {""tk"": ""founder"", ""act"": 0.0}, {""tk"": ""of"", ""act"": 0.0}, {""tk"": ""who"", ""act"": 0.0}, {""tk"": ""started"", ""act"": 0.0}, {""tk"": ""called"", ""act"": 0.0}, {""tk"": ""established"", ""act"": 0.0}]"
19_80360,19,80360,entity: A major technology company is Apple,entity,1,0.0,0.0,semantic,"[{""token"": ""entity"", ""index"": 1, ""distance"": 0, ""direction"": ""self""}]",n/a,Semantic,Dictionary,1.0,False,,iphone,"[{""tk"": ""iPhone"", ""act"": 36.54338455200195}, {""tk"": ""is"", ""act"": 0.0}, {""tk"": ""the"", ""act"": 0.0}, {""tk"": ""technology"", ""act"": 0.0}, {""tk"": ""company"", ""act"": 0.0}, {""tk"": ""Apple"", ""act"": 0.0}, {""tk"": ""founder"", ""act"": 0.0}, {""tk"": ""of"", ""act"": 0.0}, {""tk"": ""Steve"", ""act"": 0.0}, {""tk"": ""Jobs"", ""act"": 0.0}, {""tk"": ""who"", ""act"": 0.0}, {""tk"": ""started"", ""act"": 0.0}, {""tk"": ""called"", ""act"": 0.0}, {""tk"": ""established"", ""act"": 0.0}]"
19_93684,19,93684,entity: A major technology company is Apple,entity,1,0.0,0.0,semantic,"[{""token"": ""entity"", ""index"": 1, ""distance"": 0, ""direction"": ""self""}]",n/a,"Say ""X""",,1.0,False,,Say (Steve),"[{""tk"": ""is"", ""act"": 9.75384521484375}, {""tk"": ""Apple"", ""act"": 8.901876449584961}, {""tk"": ""Jobs"", ""act"": 0.8906574249267578}, {""tk"": ""the"", ""act"": 0.0}, {""tk"": ""iPhone"", ""act"": 0.0}, {""tk"": ""technology"", ""act"": 0.0}, {""tk"": ""company"", ""act"": 0.0}, {""tk"": ""founder"", ""act"": 0.0}, {""tk"": ""of"", ""act"": 0.0}, {""tk"": ""Steve"", ""act"": 0.0}, {""tk"": ""who"", ""act"": 0.0}, {""tk"": ""started"", ""act"": 0.0}, {""tk"": ""called"", ""act"": 0.0}, {""tk"": ""established"", ""act"": 0.0}]"
20_23306,20,23306,entity: A major technology company is Apple,entity,1,0.0,0.0,semantic,"[{""token"": ""entity"", ""index"": 1, ""distance"": 0, ""direction"": ""self""}]",n/a,"Say ""X""",,1.0,False,,Say (Steve),"[{""tk"": ""is"", ""act"": 19.553627014160156}, {""tk"": ""Apple"", ""act"": 1.0233337879180908}, {""tk"": ""the"", ""act"": 0.0}, {""tk"": ""iPhone"", ""act"": 0.0}, {""tk"": ""technology"", ""act"": 0.0}, {""tk"": ""company"", ""act"": 0.0}, {""tk"": ""founder"", ""act"": 0.0}, {""tk"": ""of"", ""act"": 0.0}, {""tk"": ""Steve"", ""act"": 0.0}, {""tk"": ""Jobs"", ""act"": 0.0}, {""tk"": ""who"", ""act"": 0.0}, {""tk"": ""started"", ""act"": 0.0}, {""tk"": ""called"", ""act"": 0.0}, {""tk"": ""established"", ""act"": 0.0}]"
20_63285,20,63285,entity: A major technology company is Apple, Apple,8,19.539735794067383,0.875,semantic,"[{""token"": "" Apple"", ""index"": 8, ""distance"": 0, ""direction"": ""self""}]",n/a,Semantic,Dictionary,1.0,False,,Apple,"[{""tk"": ""Apple"", ""act"": 41.258174896240234}, {""tk"": ""is"", ""act"": 35.194068908691406}, {""tk"": ""Steve"", ""act"": 31.91263198852539}, {""tk"": ""the"", ""act"": 0.0}, {""tk"": ""iPhone"", ""act"": 0.0}, {""tk"": ""technology"", ""act"": 0.0}, {""tk"": ""company"", ""act"": 0.0}, {""tk"": ""founder"", ""act"": 0.0}, {""tk"": ""of"", ""act"": 0.0}, {""tk"": ""Jobs"", ""act"": 0.0}, {""tk"": ""who"", ""act"": 0.0}, {""tk"": ""started"", ""act"": 0.0}, {""tk"": ""called"", ""act"": 0.0}, {""tk"": ""established"", ""act"": 0.0}]"
20_51510,20,51510,entity: A major technology company is Apple,entity,1,0.0,0.0,semantic,"[{""token"": ""entity"", ""index"": 1, ""distance"": 0, ""direction"": ""self""}]",n/a,"Say ""X""",,1.0,False,,Say (Steve),"[{""tk"": ""is"", ""act"": 14.046775817871094}, {""tk"": ""Steve"", ""act"": 1.7046761512756348}, {""tk"": ""the"", ""act"": 0.0}, {""tk"": ""iPhone"", ""act"": 0.0}, {""tk"": ""technology"", ""act"": 0.0}, {""tk"": ""company"", ""act"": 0.0}, {""tk"": ""Apple"", ""act"": 0.0}, {""tk"": ""founder"", ""act"": 0.0}, {""tk"": ""of"", ""act"": 0.0}, {""tk"": ""Jobs"", ""act"": 0.0}, {""tk"": ""who"", ""act"": 0.0}, {""tk"": ""started"", ""act"": 0.0}, {""tk"": ""called"", ""act"": 0.0}, {""tk"": ""established"", ""act"": 0.0}]"
20_13074,20,13074,entity: A major technology company is Apple,entity,1,0.0,0.0,semantic,"[{""token"": ""entity"", ""index"": 1, ""distance"": 0, ""direction"": ""self""}]",n/a,Semantic,Concept,0.7949928930285114,False,,iphone,"[{""tk"": ""iPhone"", ""act"": 4.699283599853516}, {""tk"": ""is"", ""act"": 3.7358970642089844}, {""tk"": ""the"", ""act"": 0.0}, {""tk"": ""technology"", ""act"": 0.0}, {""tk"": ""company"", ""act"": 0.0}, {""tk"": ""Apple"", ""act"": 0.0}, {""tk"": ""founder"", ""act"": 0.0}, {""tk"": ""of"", ""act"": 0.0}, {""tk"": ""Steve"", ""act"": 0.0}, {""tk"": ""Jobs"", ""act"": 0.0}, {""tk"": ""who"", ""act"": 0.0}, {""tk"": ""started"", ""act"": 0.0}, {""tk"": ""called"", ""act"": 0.0}, {""tk"": ""established"", ""act"": 0.0}]"
20_31449,20,31449,entity: A major technology company is Apple,entity,1,0.0,0.0,semantic,"[{""token"": ""entity"", ""index"": 1, ""distance"": 0, ""direction"": ""self""}]",n/a,"Say ""X""",,1.0,False,,Say (Steve),"[{""tk"": ""is"", ""act"": 4.13261604309082}, {""tk"": ""the"", ""act"": 0.0}, {""tk"": ""iPhone"", ""act"": 0.0}, {""tk"": ""technology"", ""act"": 0.0}, {""tk"": ""company"", ""act"": 0.0}, {""tk"": ""Apple"", ""act"": 0.0}, {""tk"": ""founder"", ""act"": 0.0}, {""tk"": ""of"", ""act"": 0.0}, {""tk"": ""Steve"", ""act"": 0.0}, {""tk"": ""Jobs"", ""act"": 0.0}, {""tk"": ""who"", ""act"": 0.0}, {""tk"": ""started"", ""act"": 0.0}, {""tk"": ""called"", ""act"": 0.0}, {""tk"": ""established"", ""act"": 0.0}]"
20_42046,20,42046,entity: A major technology company is Apple,entity,1,0.0,0.0,semantic,"[{""token"": ""entity"", ""index"": 1, ""distance"": 0, ""direction"": ""self""}]",n/a,Semantic,Dictionary,1.0,False,,Steve,"[{""tk"": ""Steve"", ""act"": 23.987308502197266}, {""tk"": ""is"", ""act"": 11.391357421875}, {""tk"": ""Apple"", ""act"": 7.007885932922363}, {""tk"": ""the"", ""act"": 0.0}, {""tk"": ""iPhone"", ""act"": 0.0}, {""tk"": ""technology"", ""act"": 0.0}, {""tk"": ""company"", ""act"": 0.0}, {""tk"": ""founder"", ""act"": 0.0}, {""tk"": ""of"", ""act"": 0.0}, {""tk"": ""Jobs"", ""act"": 0.0}, {""tk"": ""who"", ""act"": 0.0}, {""tk"": ""started"", ""act"": 0.0}, {""tk"": ""called"", ""act"": 0.0}, {""tk"": ""established"", ""act"": 0.0}]"
20_43021,20,43021,entity: A major technology company is Apple,entity,1,0.0,0.0,semantic,"[{""token"": ""entity"", ""index"": 1, ""distance"": 0, ""direction"": ""self""}]",n/a,"Say ""X""",,1.0,False,,Say (Steve),"[{""tk"": ""is"", ""act"": 17.233726501464844}, {""tk"": ""Apple"", ""act"": 3.005618095397949}, {""tk"": ""the"", ""act"": 0.0}, {""tk"": ""iPhone"", ""act"": 0.0}, {""tk"": ""technology"", ""act"": 0.0}, {""tk"": ""company"", ""act"": 0.0}, {""tk"": ""founder"", ""act"": 0.0}, {""tk"": ""of"", ""act"": 0.0}, {""tk"": ""Steve"", ""act"": 0.0}, {""tk"": ""Jobs"", ""act"": 0.0}, {""tk"": ""who"", ""act"": 0.0}, {""tk"": ""started"", ""act"": 0.0}, {""tk"": ""called"", ""act"": 0.0}, {""tk"": ""established"", ""act"": 0.0}]"
20_47716,20,47716,entity: A major technology company is Apple,entity,1,0.0,0.0,semantic,"[{""token"": ""entity"", ""index"": 1, ""distance"": 0, ""direction"": ""self""}]",n/a,Relationship,,1.0,False,,(is) related,"[{""tk"": ""is"", ""act"": 0.0}, {""tk"": ""the"", ""act"": 0.0}, {""tk"": ""iPhone"", ""act"": 0.0}, {""tk"": ""technology"", ""act"": 0.0}, {""tk"": ""company"", ""act"": 0.0}, {""tk"": ""Apple"", ""act"": 0.0}, {""tk"": ""founder"", ""act"": 0.0}, {""tk"": ""of"", ""act"": 0.0}, {""tk"": ""Steve"", ""act"": 0.0}, {""tk"": ""Jobs"", ""act"": 0.0}, {""tk"": ""who"", ""act"": 0.0}, {""tk"": ""started"", ""act"": 0.0}, {""tk"": ""called"", ""act"": 0.0}, {""tk"": ""established"", ""act"": 0.0}]"
20_57602,20,57602,entity: A major technology company is Apple,entity,1,0.0,0.0,semantic,"[{""token"": ""entity"", ""index"": 1, ""distance"": 0, ""direction"": ""self""}]",n/a,Semantic,Dictionary,1.0,False,,Steve,"[{""tk"": ""Steve"", ""act"": 19.095165252685547}, {""tk"": ""is"", ""act"": 15.213094711303711}, {""tk"": ""Apple"", ""act"": 3.0712602138519287}, {""tk"": ""the"", ""act"": 0.0}, {""tk"": ""iPhone"", ""act"": 0.0}, {""tk"": ""technology"", ""act"": 0.0}, {""tk"": ""company"", ""act"": 0.0}, {""tk"": ""founder"", ""act"": 0.0}, {""tk"": ""of"", ""act"": 0.0}, {""tk"": ""Jobs"", ""act"": 0.0}, {""tk"": ""who"", ""act"": 0.0}, {""tk"": ""started"", ""act"": 0.0}, {""tk"": ""called"", ""act"": 0.0}, {""tk"": ""established"", ""act"": 0.0}]"
20_74716,20,74716,entity: A major technology company is Apple,entity,1,0.0,0.0,semantic,"[{""token"": ""entity"", ""index"": 1, ""distance"": 0, ""direction"": ""self""}]",n/a,"Say ""X""",,1.0,False,,Say (Steve),"[{""tk"": ""is"", ""act"": 25.283451080322266}, {""tk"": ""Apple"", ""act"": 17.071884155273438}, {""tk"": ""Steve"", ""act"": 16.503746032714844}, {""tk"": ""the"", ""act"": 0.0}, {""tk"": ""iPhone"", ""act"": 0.0}, {""tk"": ""technology"", ""act"": 0.0}, {""tk"": ""company"", ""act"": 0.0}, {""tk"": ""founder"", ""act"": 0.0}, {""tk"": ""of"", ""act"": 0.0}, {""tk"": ""Jobs"", ""act"": 0.0}, {""tk"": ""who"", ""act"": 0.0}, {""tk"": ""started"", ""act"": 0.0}, {""tk"": ""called"", ""act"": 0.0}, {""tk"": ""established"", ""act"": 0.0}]"
21_13776,21,13776,entity: A major technology company is Apple, company,6,10.632230758666992,0.8029409724109587,semantic,"[{""token"": "" company"", ""index"": 6, ""distance"": 0, ""direction"": ""self""}]",n/a,Semantic,Concept,0.8517820074216358,False,,Apple,"[{""tk"": ""Apple"", ""act"": 15.109707832336426}, {""tk"": ""is"", ""act"": 12.870177268981934}, {""tk"": ""company"", ""act"": 10.632230758666992}, {""tk"": ""the"", ""act"": 0.0}, {""tk"": ""iPhone"", ""act"": 0.0}, {""tk"": ""technology"", ""act"": 0.0}, {""tk"": ""founder"", ""act"": 0.0}, {""tk"": ""of"", ""act"": 0.0}, {""tk"": ""Steve"", ""act"": 0.0}, {""tk"": ""Jobs"", ""act"": 0.0}, {""tk"": ""who"", ""act"": 0.0}, {""tk"": ""started"", ""act"": 0.0}, {""tk"": ""called"", ""act"": 0.0}, {""tk"": ""established"", ""act"": 0.0}]"
21_85860,21,85860,entity: A major technology company is Apple, Apple,8,6.790717124938965,0.875,semantic,"[{""token"": "" Apple"", ""index"": 8, ""distance"": 0, ""direction"": ""self""}]",n/a,Semantic,Concept,0.7,False,,Apple,"[{""tk"": ""Apple"", ""act"": 14.669970512390137}, {""tk"": ""iPhone"", ""act"": 7.410037040710449}, {""tk"": ""is"", ""act"": 0.0}, {""tk"": ""the"", ""act"": 0.0}, {""tk"": ""technology"", ""act"": 0.0}, {""tk"": ""company"", ""act"": 0.0}, {""tk"": ""founder"", ""act"": 0.0}, {""tk"": ""of"", ""act"": 0.0}, {""tk"": ""Steve"", ""act"": 0.0}, {""tk"": ""Jobs"", ""act"": 0.0}, {""tk"": ""who"", ""act"": 0.0}, {""tk"": ""started"", ""act"": 0.0}, {""tk"": ""called"", ""act"": 0.0}, {""tk"": ""established"", ""act"": 0.0}]"
21_32828,21,32828,entity: A major technology company is Apple,entity,1,0.0,0.0,semantic,"[{""token"": ""entity"", ""index"": 1, ""distance"": 0, ""direction"": ""self""}]",n/a,"Say ""X""",,1.0,False,,Say (Steve),"[{""tk"": ""is"", ""act"": 21.2418155670166}, {""tk"": ""the"", ""act"": 0.0}, {""tk"": ""iPhone"", ""act"": 0.0}, {""tk"": ""technology"", ""act"": 0.0}, {""tk"": ""company"", ""act"": 0.0}, {""tk"": ""Apple"", ""act"": 0.0}, {""tk"": ""founder"", ""act"": 0.0}, {""tk"": ""of"", ""act"": 0.0}, {""tk"": ""Steve"", ""act"": 0.0}, {""tk"": ""Jobs"", ""act"": 0.0}, {""tk"": ""who"", ""act"": 0.0}, {""tk"": ""started"", ""act"": 0.0}, {""tk"": ""called"", ""act"": 0.0}, {""tk"": ""established"", ""act"": 0.0}]"
21_19215,21,19215,entity: A major technology company is Apple,entity,1,0.0,0.0,semantic,"[{""token"": ""entity"", ""index"": 1, ""distance"": 0, ""direction"": ""self""}]",n/a,Relationship,,1.0,False,,(is) related,"[{""tk"": ""is"", ""act"": 0.0}, {""tk"": ""the"", ""act"": 0.0}, {""tk"": ""iPhone"", ""act"": 0.0}, {""tk"": ""technology"", ""act"": 0.0}, {""tk"": ""company"", ""act"": 0.0}, {""tk"": ""Apple"", ""act"": 0.0}, {""tk"": ""founder"", ""act"": 0.0}, {""tk"": ""of"", ""act"": 0.0}, {""tk"": ""Steve"", ""act"": 0.0}, {""tk"": ""Jobs"", ""act"": 0.0}, {""tk"": ""who"", ""act"": 0.0}, {""tk"": ""started"", ""act"": 0.0}, {""tk"": ""called"", ""act"": 0.0}, {""tk"": ""established"", ""act"": 0.0}]"
21_39908,21,39908,entity: A major technology company is Apple,entity,1,0.0,0.0,semantic,"[{""token"": ""entity"", ""index"": 1, ""distance"": 0, ""direction"": ""self""}]",n/a,"Say ""X""",,1.0,False,,Say (Steve),"[{""tk"": ""is"", ""act"": 33.599021911621094}, {""tk"": ""Steve"", ""act"": 1.5713090896606445}, {""tk"": ""the"", ""act"": 0.0}, {""tk"": ""iPhone"", ""act"": 0.0}, {""tk"": ""technology"", ""act"": 0.0}, {""tk"": ""company"", ""act"": 0.0}, {""tk"": ""Apple"", ""act"": 0.0}, {""tk"": ""founder"", ""act"": 0.0}, {""tk"": ""of"", ""act"": 0.0}, {""tk"": ""Jobs"", ""act"": 0.0}, {""tk"": ""who"", ""act"": 0.0}, {""tk"": ""started"", ""act"": 0.0}, {""tk"": ""called"", ""act"": 0.0}, {""tk"": ""established"", ""act"": 0.0}]"
21_49378,21,49378,entity: A major technology company is Apple,entity,1,0.0,0.0,semantic,"[{""token"": ""entity"", ""index"": 1, ""distance"": 0, ""direction"": ""self""}]",n/a,"Say ""X""",,1.0,False,,Say (Steve),"[{""tk"": ""is"", ""act"": 15.311559677124023}, {""tk"": ""the"", ""act"": 0.0}, {""tk"": ""iPhone"", ""act"": 0.0}, {""tk"": ""technology"", ""act"": 0.0}, {""tk"": ""company"", ""act"": 0.0}, {""tk"": ""Apple"", ""act"": 0.0}, {""tk"": ""founder"", ""act"": 0.0}, {""tk"": ""of"", ""act"": 0.0}, {""tk"": ""Steve"", ""act"": 0.0}, {""tk"": ""Jobs"", ""act"": 0.0}, {""tk"": ""who"", ""act"": 0.0}, {""tk"": ""started"", ""act"": 0.0}, {""tk"": ""called"", ""act"": 0.0}, {""tk"": ""established"", ""act"": 0.0}]"
21_64230,21,64230,entity: A major technology company is Apple,entity,1,0.0,0.0,semantic,"[{""token"": ""entity"", ""index"": 1, ""distance"": 0, ""direction"": ""self""}]",n/a,Relationship,,1.0,False,,(is) related,"[{""tk"": ""is"", ""act"": 0.0}, {""tk"": ""the"", ""act"": 0.0}, {""tk"": ""iPhone"", ""act"": 0.0}, {""tk"": ""technology"", ""act"": 0.0}, {""tk"": ""company"", ""act"": 0.0}, {""tk"": ""Apple"", ""act"": 0.0}, {""tk"": ""founder"", ""act"": 0.0}, {""tk"": ""of"", ""act"": 0.0}, {""tk"": ""Steve"", ""act"": 0.0}, {""tk"": ""Jobs"", ""act"": 0.0}, {""tk"": ""who"", ""act"": 0.0}, {""tk"": ""started"", ""act"": 0.0}, {""tk"": ""called"", ""act"": 0.0}, {""tk"": ""established"", ""act"": 0.0}]"
21_71862,21,71862,entity: A major technology company is Apple,entity,1,0.0,0.0,semantic,"[{""token"": ""entity"", ""index"": 1, ""distance"": 0, ""direction"": ""self""}]",n/a,"Say ""X""",,1.0,False,,Say (Steve),"[{""tk"": ""is"", ""act"": 3.673218250274658}, {""tk"": ""the"", ""act"": 0.0}, {""tk"": ""iPhone"", ""act"": 0.0}, {""tk"": ""technology"", ""act"": 0.0}, {""tk"": ""company"", ""act"": 0.0}, {""tk"": ""Apple"", ""act"": 0.0}, {""tk"": ""founder"", ""act"": 0.0}, {""tk"": ""of"", ""act"": 0.0}, {""tk"": ""Steve"", ""act"": 0.0}, {""tk"": ""Jobs"", ""act"": 0.0}, {""tk"": ""who"", ""act"": 0.0}, {""tk"": ""started"", ""act"": 0.0}, {""tk"": ""called"", ""act"": 0.0}, {""tk"": ""established"", ""act"": 0.0}]"
21_86750,21,86750,entity: A major technology company is Apple,entity,1,0.0,0.0,semantic,"[{""token"": ""entity"", ""index"": 1, ""distance"": 0, ""direction"": ""self""}]",n/a,Relationship,,1.0,False,,(is) related,"[{""tk"": ""is"", ""act"": 0.0}, {""tk"": ""the"", ""act"": 0.0}, {""tk"": ""iPhone"", ""act"": 0.0}, {""tk"": ""technology"", ""act"": 0.0}, {""tk"": ""company"", ""act"": 0.0}, {""tk"": ""Apple"", ""act"": 0.0}, {""tk"": ""founder"", ""act"": 0.0}, {""tk"": ""of"", ""act"": 0.0}, {""tk"": ""Steve"", ""act"": 0.0}, {""tk"": ""Jobs"", ""act"": 0.0}, {""tk"": ""who"", ""act"": 0.0}, {""tk"": ""started"", ""act"": 0.0}, {""tk"": ""called"", ""act"": 0.0}, {""tk"": ""established"", ""act"": 0.0}]"
22_94412,22,94412,entity: A major technology company is Apple, Apple,8,4.817795276641846,0.875,semantic,"[{""token"": "" Apple"", ""index"": 8, ""distance"": 0, ""direction"": ""self""}]",n/a,Semantic,Concept,0.5,False,,Apple,"[{""tk"": ""is"", ""act"": 24.150474548339844}, {""tk"": ""Apple"", ""act"": 12.276620864868164}, {""tk"": ""Steve"", ""act"": 5.13266134262085}, {""tk"": ""the"", ""act"": 0.0}, {""tk"": ""iPhone"", ""act"": 0.0}, {""tk"": ""technology"", ""act"": 0.0}, {""tk"": ""company"", ""act"": 0.0}, {""tk"": ""founder"", ""act"": 0.0}, {""tk"": ""of"", ""act"": 0.0}, {""tk"": ""Jobs"", ""act"": 0.0}, {""tk"": ""who"", ""act"": 0.0}, {""tk"": ""started"", ""act"": 0.0}, {""tk"": ""called"", ""act"": 0.0}, {""tk"": ""established"", ""act"": 0.0}]"
22_24121,22,24121,entity: A major technology company is Apple,entity,1,0.0,0.0,semantic,"[{""token"": ""entity"", ""index"": 1, ""distance"": 0, ""direction"": ""self""}]",n/a,Semantic,Dictionary,1.0,False,,Steve,"[{""tk"": ""Steve"", ""act"": 17.731365203857422}, {""tk"": ""is"", ""act"": 11.471420288085938}, {""tk"": ""the"", ""act"": 0.0}, {""tk"": ""iPhone"", ""act"": 0.0}, {""tk"": ""technology"", ""act"": 0.0}, {""tk"": ""company"", ""act"": 0.0}, {""tk"": ""Apple"", ""act"": 0.0}, {""tk"": ""founder"", ""act"": 0.0}, {""tk"": ""of"", ""act"": 0.0}, {""tk"": ""Jobs"", ""act"": 0.0}, {""tk"": ""who"", ""act"": 0.0}, {""tk"": ""started"", ""act"": 0.0}, {""tk"": ""called"", ""act"": 0.0}, {""tk"": ""established"", ""act"": 0.0}]"
22_7261,22,7261,entity: A major technology company is Apple,entity,1,0.0,0.0,semantic,"[{""token"": ""entity"", ""index"": 1, ""distance"": 0, ""direction"": ""self""}]",n/a,"Say ""X""",,1.0,False,,Say (Steve),"[{""tk"": ""is"", ""act"": 9.73313045501709}, {""tk"": ""the"", ""act"": 0.0}, {""tk"": ""iPhone"", ""act"": 0.0}, {""tk"": ""technology"", ""act"": 0.0}, {""tk"": ""company"", ""act"": 0.0}, {""tk"": ""Apple"", ""act"": 0.0}, {""tk"": ""founder"", ""act"": 0.0}, {""tk"": ""of"", ""act"": 0.0}, {""tk"": ""Steve"", ""act"": 0.0}, {""tk"": ""Jobs"", ""act"": 0.0}, {""tk"": ""who"", ""act"": 0.0}, {""tk"": ""started"", ""act"": 0.0}, {""tk"": ""called"", ""act"": 0.0}, {""tk"": ""established"", ""act"": 0.0}]"
22_1063,22,1063,entity: A major technology company is Apple,entity,1,0.0,0.0,semantic,"[{""token"": ""entity"", ""index"": 1, ""distance"": 0, ""direction"": ""self""}]",n/a,"Say ""X""",,1.0,False,,Say (Steve),"[{""tk"": ""is"", ""act"": 8.293167114257812}, {""tk"": ""the"", ""act"": 0.0}, {""tk"": ""iPhone"", ""act"": 0.0}, {""tk"": ""technology"", ""act"": 0.0}, {""tk"": ""company"", ""act"": 0.0}, {""tk"": ""Apple"", ""act"": 0.0}, {""tk"": ""founder"", ""act"": 0.0}, {""tk"": ""of"", ""act"": 0.0}, {""tk"": ""Steve"", ""act"": 0.0}, {""tk"": ""Jobs"", ""act"": 0.0}, {""tk"": ""who"", ""act"": 0.0}, {""tk"": ""started"", ""act"": 0.0}, {""tk"": ""called"", ""act"": 0.0}, {""tk"": ""established"", ""act"": 0.0}]"
22_10942,22,10942,entity: A major technology company is Apple,entity,1,0.0,0.0,semantic,"[{""token"": ""entity"", ""index"": 1, ""distance"": 0, ""direction"": ""self""}]",n/a,"Say ""X""",,1.0,False,,Say (Steve),"[{""tk"": ""is"", ""act"": 9.650199890136719}, {""tk"": ""the"", ""act"": 0.0}, {""tk"": ""iPhone"", ""act"": 0.0}, {""tk"": ""technology"", ""act"": 0.0}, {""tk"": ""company"", ""act"": 0.0}, {""tk"": ""Apple"", ""act"": 0.0}, {""tk"": ""founder"", ""act"": 0.0}, {""tk"": ""of"", ""act"": 0.0}, {""tk"": ""Steve"", ""act"": 0.0}, {""tk"": ""Jobs"", ""act"": 0.0}, {""tk"": ""who"", ""act"": 0.0}, {""tk"": ""started"", ""act"": 0.0}, {""tk"": ""called"", ""act"": 0.0}, {""tk"": ""established"", ""act"": 0.0}]"
22_85005,22,85005,entity: A major technology company is Apple,entity,1,0.0,0.0,semantic,"[{""token"": ""entity"", ""index"": 1, ""distance"": 0, ""direction"": ""self""}]",n/a,"Say ""X""",,1.0,False,,Say (Steve),"[{""tk"": ""is"", ""act"": 31.72748374938965}, {""tk"": ""Steve"", ""act"": 11.590015411376953}, {""tk"": ""Apple"", ""act"": 6.004422664642334}, {""tk"": ""Jobs"", ""act"": 1.5522236824035645}, {""tk"": ""the"", ""act"": 0.0}, {""tk"": ""iPhone"", ""act"": 0.0}, {""tk"": ""technology"", ""act"": 0.0}, {""tk"": ""company"", ""act"": 0.0}, {""tk"": ""founder"", ""act"": 0.0}, {""tk"": ""of"", ""act"": 0.0}, {""tk"": ""who"", ""act"": 0.0}, {""tk"": ""started"", ""act"": 0.0}, {""tk"": ""called"", ""act"": 0.0}, {""tk"": ""established"", ""act"": 0.0}]"
23_1666,23,1666,entity: A major technology company is Apple,entity,1,0.0,0.0,semantic,"[{""token"": ""entity"", ""index"": 1, ""distance"": 0, ""direction"": ""self""}]",n/a,"Say ""X""",,1.0,False,,Say (Steve),"[{""tk"": ""is"", ""act"": 5.953601360321045}, {""tk"": ""the"", ""act"": 0.0}, {""tk"": ""iPhone"", ""act"": 0.0}, {""tk"": ""technology"", ""act"": 0.0}, {""tk"": ""company"", ""act"": 0.0}, {""tk"": ""Apple"", ""act"": 0.0}, {""tk"": ""founder"", ""act"": 0.0}, {""tk"": ""of"", ""act"": 0.0}, {""tk"": ""Steve"", ""act"": 0.0}, {""tk"": ""Jobs"", ""act"": 0.0}, {""tk"": ""who"", ""act"": 0.0}, {""tk"": ""started"", ""act"": 0.0}, {""tk"": ""called"", ""act"": 0.0}, {""tk"": ""established"", ""act"": 0.0}]"
23_16389,23,16389,entity: A major technology company is Apple,entity,1,0.0,0.0,semantic,"[{""token"": ""entity"", ""index"": 1, ""distance"": 0, ""direction"": ""self""}]",n/a,Relationship,,1.0,False,,(is) related,"[{""tk"": ""is"", ""act"": 0.0}, {""tk"": ""the"", ""act"": 0.0}, {""tk"": ""iPhone"", ""act"": 0.0}, {""tk"": ""technology"", ""act"": 0.0}, {""tk"": ""company"", ""act"": 0.0}, {""tk"": ""Apple"", ""act"": 0.0}, {""tk"": ""founder"", ""act"": 0.0}, {""tk"": ""of"", ""act"": 0.0}, {""tk"": ""Steve"", ""act"": 0.0}, {""tk"": ""Jobs"", ""act"": 0.0}, {""tk"": ""who"", ""act"": 0.0}, {""tk"": ""started"", ""act"": 0.0}, {""tk"": ""called"", ""act"": 0.0}, {""tk"": ""established"", ""act"": 0.0}]"
23_44742,23,44742,entity: A major technology company is Apple, Apple,8,10.36014175415039,0.875,semantic,"[{""token"": "" Apple"", ""index"": 8, ""distance"": 0, ""direction"": ""self""}]",n/a,Semantic,Concept,0.8564568621180703,False,,iphone,"[{""tk"": ""is"", ""act"": 16.861608505249023}, {""tk"": ""Apple"", ""act"": 16.3062686920166}, {""tk"": ""iPhone"", ""act"": 14.441240310668945}, {""tk"": ""the"", ""act"": 0.0}, {""tk"": ""technology"", ""act"": 0.0}, {""tk"": ""company"", ""act"": 0.0}, {""tk"": ""founder"", ""act"": 0.0}, {""tk"": ""of"", ""act"": 0.0}, {""tk"": ""Steve"", ""act"": 0.0}, {""tk"": ""Jobs"", ""act"": 0.0}, {""tk"": ""who"", ""act"": 0.0}, {""tk"": ""started"", ""act"": 0.0}, {""tk"": ""called"", ""act"": 0.0}, {""tk"": ""established"", ""act"": 0.0}]"
23_87989,23,87989,entity: A major technology company is Apple,entity,1,0.0,0.0,semantic,"[{""token"": ""entity"", ""index"": 1, ""distance"": 0, ""direction"": ""self""}]",n/a,Relationship,,1.0,False,,(is) related,"[{""tk"": ""is"", ""act"": 0.0}, {""tk"": ""the"", ""act"": 0.0}, {""tk"": ""iPhone"", ""act"": 0.0}, {""tk"": ""technology"", ""act"": 0.0}, {""tk"": ""company"", ""act"": 0.0}, {""tk"": ""Apple"", ""act"": 0.0}, {""tk"": ""founder"", ""act"": 0.0}, {""tk"": ""of"", ""act"": 0.0}, {""tk"": ""Steve"", ""act"": 0.0}, {""tk"": ""Jobs"", ""act"": 0.0}, {""tk"": ""who"", ""act"": 0.0}, {""tk"": ""started"", ""act"": 0.0}, {""tk"": ""called"", ""act"": 0.0}, {""tk"": ""established"", ""act"": 0.0}]"
24_79427,24,79427,entity: A major technology company is Apple, is,7,5.614073753356934,0.875,functional,"[{""token"": "" Apple"", ""index"": 8, ""distance"": 1, ""direction"": ""forward""}]",json,Semantic,Concept,0.7,False,,Steve,"[{""tk"": ""Steve"", ""act"": 138.78564453125}, {""tk"": ""is"", ""act"": 71.5973892211914}, {""tk"": ""the"", ""act"": 62.97042465209961}, {""tk"": ""of"", ""act"": 43.29286193847656}, {""tk"": ""Apple"", ""act"": 20.790451049804688}, {""tk"": ""founder"", ""act"": 13.590836524963379}, {""tk"": ""established"", ""act"": 8.82997989654541}, {""tk"": ""iPhone"", ""act"": 0.0}, {""tk"": ""technology"", ""act"": 0.0}, {""tk"": ""company"", ""act"": 0.0}, {""tk"": ""Jobs"", ""act"": 0.0}, {""tk"": ""who"", ""act"": 0.0}, {""tk"": ""started"", ""act"": 0.0}, {""tk"": ""called"", ""act"": 0.0}]"
24_2574,24,2574,entity: A major technology company is Apple,entity,1,0.0,0.0,semantic,"[{""token"": ""entity"", ""index"": 1, ""distance"": 0, ""direction"": ""self""}]",n/a,Semantic,Dictionary,1.0,False,,Steve,"[{""tk"": ""Steve"", ""act"": 43.48797607421875}, {""tk"": ""is"", ""act"": 34.782955169677734}, {""tk"": ""the"", ""act"": 0.0}, {""tk"": ""iPhone"", ""act"": 0.0}, {""tk"": ""technology"", ""act"": 0.0}, {""tk"": ""company"", ""act"": 0.0}, {""tk"": ""Apple"", ""act"": 0.0}, {""tk"": ""founder"", ""act"": 0.0}, {""tk"": ""of"", ""act"": 0.0}, {""tk"": ""Jobs"", ""act"": 0.0}, {""tk"": ""who"", ""act"": 0.0}, {""tk"": ""started"", ""act"": 0.0}, {""tk"": ""called"", ""act"": 0.0}, {""tk"": ""established"", ""act"": 0.0}]"
24_66779,24,66779,entity: A major technology company is Apple,entity,1,0.0,0.0,semantic,"[{""token"": ""entity"", ""index"": 1, ""distance"": 0, ""direction"": ""self""}]",n/a,Relationship,,1.0,False,,(is) related,"[{""tk"": ""is"", ""act"": 0.0}, {""tk"": ""the"", ""act"": 0.0}, {""tk"": ""iPhone"", ""act"": 0.0}, {""tk"": ""technology"", ""act"": 0.0}, {""tk"": ""company"", ""act"": 0.0}, {""tk"": ""Apple"", ""act"": 0.0}, {""tk"": ""founder"", ""act"": 0.0}, {""tk"": ""of"", ""act"": 0.0}, {""tk"": ""Steve"", ""act"": 0.0}, {""tk"": ""Jobs"", ""act"": 0.0}, {""tk"": ""who"", ""act"": 0.0}, {""tk"": ""started"", ""act"": 0.0}, {""tk"": ""called"", ""act"": 0.0}, {""tk"": ""established"", ""act"": 0.0}]"
25_288,25,288,entity: A major technology company is Apple,entity,1,0.0,0.0,semantic,"[{""token"": ""entity"", ""index"": 1, ""distance"": 0, ""direction"": ""self""}]",n/a,Semantic,Concept,0.7,False,,Steve,"[{""tk"": ""Steve"", ""act"": 176.8882293701172}, {""tk"": ""the"", ""act"": 135.9422607421875}, {""tk"": ""is"", ""act"": 15.380372047424316}, {""tk"": ""Apple"", ""act"": 9.173041343688965}, {""tk"": ""iPhone"", ""act"": 0.0}, {""tk"": ""technology"", ""act"": 0.0}, {""tk"": ""company"", ""act"": 0.0}, {""tk"": ""founder"", ""act"": 0.0}, {""tk"": ""of"", ""act"": 0.0}, {""tk"": ""Jobs"", ""act"": 0.0}, {""tk"": ""who"", ""act"": 0.0}, {""tk"": ""started"", ""act"": 0.0}, {""tk"": ""called"", ""act"": 0.0}, {""tk"": ""established"", ""act"": 0.0}]"
0_95475,0,95475,entity: The founder of Apple is Steve Jobs, founder,4,81.49853515625,0.6329802352795701,semantic,"[{""token"": "" founder"", ""index"": 4, ""distance"": 0, ""direction"": ""self""}]",n/a,Semantic,Dictionary (fallback),0.9,False,,technology,"[{""tk"": ""technology"", ""act"": 93.322021484375}, {""tk"": ""founder"", ""act"": 81.49853515625}, {""tk"": ""company"", ""act"": 69.5289535522461}, {""tk"": ""iPhone"", ""act"": 67.94441986083984}, {""tk"": ""Apple"", ""act"": 61.332576751708984}, {""tk"": ""established"", ""act"": 57.30805969238281}, {""tk"": ""Steve"", ""act"": 43.965614318847656}, {""tk"": ""Jobs"", ""act"": 43.11543655395508}, {""tk"": ""started"", ""act"": 30.94107437133789}, {""tk"": ""called"", ""act"": 26.789133071899414}, {""tk"": ""is"", ""act"": 0.0}, {""tk"": ""the"", ""act"": 0.0}, {""tk"": ""of"", ""act"": 0.0}, {""tk"": ""who"", ""act"": 0.0}]"
0_54198,0,54198,entity: The founder of Apple is Steve Jobs, The,3,58.90497970581055,0.888888888888889,functional,"[{""token"": "" founder"", ""index"": 4, ""distance"": 1, ""direction"": ""forward""}]",json,Semantic,Dictionary (fallback),0.9,False,,The,"[{""tk"": ""The"", ""act"": 58.90497970581055}, {""tk"": ""is"", ""act"": 0.0}, {""tk"": ""iPhone"", ""act"": 0.0}, {""tk"": ""technology"", ""act"": 0.0}, {""tk"": ""company"", ""act"": 0.0}, {""tk"": ""Apple"", ""act"": 0.0}, {""tk"": ""founder"", ""act"": 0.0}, {""tk"": ""of"", ""act"": 0.0}, {""tk"": ""Steve"", ""act"": 0.0}, {""tk"": ""Jobs"", ""act"": 0.0}, {""tk"": ""who"", ""act"": 0.0}, {""tk"": ""started"", ""act"": 0.0}, {""tk"": ""called"", ""act"": 0.0}, {""tk"": ""established"", ""act"": 0.0}]"
0_39122,0,39122,entity: The founder of Apple is Steve Jobs,:,2,55.24455642700195,0.8119207145168218,functional,"[{""token"": "" founder"", ""index"": 4, ""distance"": 2, ""direction"": ""forward""}, {""token"": ""entity"", ""index"": 1, ""distance"": 1, ""direction"": ""backward""}]",json,Semantic,Dictionary (fallback),0.9,False,,punctuation,"[{""tk"": ""of"", ""act"": 38.268653869628906}, {""tk"": ""the"", ""act"": 36.712432861328125}, {""tk"": ""is"", ""act"": 0.0}, {""tk"": ""iPhone"", ""act"": 0.0}, {""tk"": ""technology"", ""act"": 0.0}, {""tk"": ""company"", ""act"": 0.0}, {""tk"": ""Apple"", ""act"": 0.0}, {""tk"": ""founder"", ""act"": 0.0}, {""tk"": ""Steve"", ""act"": 0.0}, {""tk"": ""Jobs"", ""act"": 0.0}, {""tk"": ""who"", ""act"": 0.0}, {""tk"": ""started"", ""act"": 0.0}, {""tk"": ""called"", ""act"": 0.0}, {""tk"": ""established"", ""act"": 0.0}]"
0_18753,0,18753,entity: The founder of Apple is Steve Jobs,:,2,51.97817993164063,0.7122441913814408,functional,"[{""token"": "" founder"", ""index"": 4, ""distance"": 2, ""direction"": ""forward""}, {""token"": ""entity"", ""index"": 1, ""distance"": 1, ""direction"": ""backward""}]",json,Semantic,Dictionary (fallback),0.9,False,,punctuation,"[{""tk"": ""is"", ""act"": 47.909812927246094}, {""tk"": ""the"", ""act"": 45.05503845214844}, {""tk"": ""of"", ""act"": 43.002586364746094}, {""tk"": ""iPhone"", ""act"": 0.0}, {""tk"": ""technology"", ""act"": 0.0}, {""tk"": ""company"", ""act"": 0.0}, {""tk"": ""Apple"", ""act"": 0.0}, {""tk"": ""founder"", ""act"": 0.0}, {""tk"": ""Steve"", ""act"": 0.0}, {""tk"": ""Jobs"", ""act"": 0.0}, {""tk"": ""who"", ""act"": 0.0}, {""tk"": ""started"", ""act"": 0.0}, {""tk"": ""called"", ""act"": 0.0}, {""tk"": ""established"", ""act"": 0.0}]"
0_35945,0,35945,entity: The founder of Apple is Steve Jobs, The,3,47.75575637817383,0.888888888888889,functional,"[{""token"": "" founder"", ""index"": 4, ""distance"": 1, ""direction"": ""forward""}]",json,Semantic,Dictionary (fallback),0.9,False,,The,"[{""tk"": ""The"", ""act"": 47.75575637817383}, {""tk"": ""is"", ""act"": 0.0}, {""tk"": ""iPhone"", ""act"": 0.0}, {""tk"": ""technology"", ""act"": 0.0}, {""tk"": ""company"", ""act"": 0.0}, {""tk"": ""Apple"", ""act"": 0.0}, {""tk"": ""founder"", ""act"": 0.0}, {""tk"": ""of"", ""act"": 0.0}, {""tk"": ""Steve"", ""act"": 0.0}, {""tk"": ""Jobs"", ""act"": 0.0}, {""tk"": ""who"", ""act"": 0.0}, {""tk"": ""started"", ""act"": 0.0}, {""tk"": ""called"", ""act"": 0.0}, {""tk"": ""established"", ""act"": 0.0}]"
0_40780,0,40780,entity: The founder of Apple is Steve Jobs, is,7,46.29893493652344,0.6883234121229712,functional,"[{""token"": "" Steve"", ""index"": 8, ""distance"": 1, ""direction"": ""forward""}]",json,Semantic,Dictionary (fallback),0.9,False,,the,"[{""tk"": ""the"", ""act"": 57.46990203857422}, {""tk"": ""who"", ""act"": 54.23466110229492}, {""tk"": ""is"", ""act"": 53.85965347290039}, {""tk"": ""of"", ""act"": 40.54933166503906}, {""tk"": ""iPhone"", ""act"": 0.0}, {""tk"": ""technology"", ""act"": 0.0}, {""tk"": ""company"", ""act"": 0.0}, {""tk"": ""Apple"", ""act"": 0.0}, {""tk"": ""founder"", ""act"": 0.0}, {""tk"": ""Steve"", ""act"": 0.0}, {""tk"": ""Jobs"", ""act"": 0.0}, {""tk"": ""started"", ""act"": 0.0}, {""tk"": ""called"", ""act"": 0.0}, {""tk"": ""established"", ""act"": 0.0}]"
0_5200,0,5200,entity: The founder of Apple is Steve Jobs, is,7,46.00471878051758,0.8888888888888888,functional,"[{""token"": "" Steve"", ""index"": 8, ""distance"": 1, ""direction"": ""forward""}]",json,Semantic,Dictionary,1.0,False,,is,"[{""tk"": ""is"", ""act"": 46.00471878051758}, {""tk"": ""the"", ""act"": 0.0}, {""tk"": ""iPhone"", ""act"": 0.0}, {""tk"": ""technology"", ""act"": 0.0}, {""tk"": ""company"", ""act"": 0.0}, {""tk"": ""Apple"", ""act"": 0.0}, {""tk"": ""founder"", ""act"": 0.0}, {""tk"": ""of"", ""act"": 0.0}, {""tk"": ""Steve"", ""act"": 0.0}, {""tk"": ""Jobs"", ""act"": 0.0}, {""tk"": ""who"", ""act"": 0.0}, {""tk"": ""started"", ""act"": 0.0}, {""tk"": ""called"", ""act"": 0.0}, {""tk"": ""established"", ""act"": 0.0}]"
0_49560,0,49560,entity: The founder of Apple is Steve Jobs, is,7,45.38883209228516,0.8888888888888888,functional,"[{""token"": "" Steve"", ""index"": 8, ""distance"": 1, ""direction"": ""forward""}]",json,Semantic,Dictionary,1.0,False,,is,"[{""tk"": ""is"", ""act"": 50.08353042602539}, {""tk"": ""the"", ""act"": 0.0}, {""tk"": ""iPhone"", ""act"": 0.0}, {""tk"": ""technology"", ""act"": 0.0}, {""tk"": ""company"", ""act"": 0.0}, {""tk"": ""Apple"", ""act"": 0.0}, {""tk"": ""founder"", ""act"": 0.0}, {""tk"": ""of"", ""act"": 0.0}, {""tk"": ""Steve"", ""act"": 0.0}, {""tk"": ""Jobs"", ""act"": 0.0}, {""tk"": ""who"", ""act"": 0.0}, {""tk"": ""started"", ""act"": 0.0}, {""tk"": ""called"", ""act"": 0.0}, {""tk"": ""established"", ""act"": 0.0}]"
0_95057,0,95057,entity: The founder of Apple is Steve Jobs,:,2,44.86204528808594,0.7335922492785624,functional,"[{""token"": "" founder"", ""index"": 4, ""distance"": 2, ""direction"": ""forward""}, {""token"": ""entity"", ""index"": 1, ""distance"": 1, ""direction"": ""backward""}]",json,Semantic,Dictionary (fallback),0.9,False,,punctuation,"[{""tk"": ""The"", ""act"": 34.374595642089844}, {""tk"": ""is"", ""act"": 30.81856346130371}, {""tk"": ""iPhone"", ""act"": 0.0}, {""tk"": ""technology"", ""act"": 0.0}, {""tk"": ""company"", ""act"": 0.0}, {""tk"": ""Apple"", ""act"": 0.0}, {""tk"": ""founder"", ""act"": 0.0}, {""tk"": ""of"", ""act"": 0.0}, {""tk"": ""Steve"", ""act"": 0.0}, {""tk"": ""Jobs"", ""act"": 0.0}, {""tk"": ""who"", ""act"": 0.0}, {""tk"": ""started"", ""act"": 0.0}, {""tk"": ""called"", ""act"": 0.0}, {""tk"": ""established"", ""act"": 0.0}]"
0_51434,0,51434,entity: The founder of Apple is Steve Jobs, The,3,36.72628784179688,0.888888888888889,functional,"[{""token"": "" founder"", ""index"": 4, ""distance"": 1, ""direction"": ""forward""}]",json,Semantic,Dictionary,0.8,False,,The,"[{""tk"": ""the"", ""act"": 85.57115936279297}, {""tk"": ""is"", ""act"": 0.0}, {""tk"": ""iPhone"", ""act"": 0.0}, {""tk"": ""technology"", ""act"": 0.0}, {""tk"": ""company"", ""act"": 0.0}, {""tk"": ""Apple"", ""act"": 0.0}, {""tk"": ""founder"", ""act"": 0.0}, {""tk"": ""of"", ""act"": 0.0}, {""tk"": ""Steve"", ""act"": 0.0}, {""tk"": ""Jobs"", ""act"": 0.0}, {""tk"": ""who"", ""act"": 0.0}, {""tk"": ""started"", ""act"": 0.0}, {""tk"": ""called"", ""act"": 0.0}, {""tk"": ""established"", ""act"": 0.0}]"
0_54572,0,54572,entity: The founder of Apple is Steve Jobs, The,3,30.52366828918457,0.8888888888888888,functional,"[{""token"": "" founder"", ""index"": 4, ""distance"": 1, ""direction"": ""forward""}]",json,Semantic,Dictionary (fallback),0.9,False,,The,"[{""tk"": ""The"", ""act"": 30.52366828918457}, {""tk"": ""is"", ""act"": 0.0}, {""tk"": ""iPhone"", ""act"": 0.0}, {""tk"": ""technology"", ""act"": 0.0}, {""tk"": ""company"", ""act"": 0.0}, {""tk"": ""Apple"", ""act"": 0.0}, {""tk"": ""founder"", ""act"": 0.0}, {""tk"": ""of"", ""act"": 0.0}, {""tk"": ""Steve"", ""act"": 0.0}, {""tk"": ""Jobs"", ""act"": 0.0}, {""tk"": ""who"", ""act"": 0.0}, {""tk"": ""started"", ""act"": 0.0}, {""tk"": ""called"", ""act"": 0.0}, {""tk"": ""established"", ""act"": 0.0}]"
0_86119,0,86119,entity: The founder of Apple is Steve Jobs, founder,4,28.916465759277344,0.888888888888889,semantic,"[{""token"": "" founder"", ""index"": 4, ""distance"": 0, ""direction"": ""self""}]",n/a,Semantic,Dictionary,1.0,False,,founder,"[{""tk"": ""founder"", ""act"": 31.241363525390625}, {""tk"": ""is"", ""act"": 0.0}, {""tk"": ""the"", ""act"": 0.0}, {""tk"": ""iPhone"", ""act"": 0.0}, {""tk"": ""technology"", ""act"": 0.0}, {""tk"": ""company"", ""act"": 0.0}, {""tk"": ""Apple"", ""act"": 0.0}, {""tk"": ""of"", ""act"": 0.0}, {""tk"": ""Steve"", ""act"": 0.0}, {""tk"": ""Jobs"", ""act"": 0.0}, {""tk"": ""who"", ""act"": 0.0}, {""tk"": ""started"", ""act"": 0.0}, {""tk"": ""called"", ""act"": 0.0}, {""tk"": ""established"", ""act"": 0.0}]"
0_98149,0,98149,entity: The founder of Apple is Steve Jobs,entity,1,25.96688270568848,0.8029048118936929,semantic,"[{""token"": ""entity"", ""index"": 1, ""distance"": 0, ""direction"": ""self""}]",n/a,Semantic,Dictionary (fallback),0.9,False,,Semantic (unknown),"[{""tk"": ""technology"", ""act"": 16.84918785095215}, {""tk"": ""company"", ""act"": 15.803342819213867}, {""tk"": ""founder"", ""act"": 14.010324478149414}, {""tk"": ""established"", ""act"": 8.117849349975586}, {""tk"": ""Apple"", ""act"": 6.845046520233154}, {""tk"": ""started"", ""act"": 1.926740288734436}, {""tk"": ""called"", ""act"": 0.5325685739517212}, {""tk"": ""is"", ""act"": 0.0}, {""tk"": ""the"", ""act"": 0.0}, {""tk"": ""iPhone"", ""act"": 0.0}, {""tk"": ""of"", ""act"": 0.0}, {""tk"": ""Steve"", ""act"": 0.0}, {""tk"": ""Jobs"", ""act"": 0.0}, {""tk"": ""who"", ""act"": 0.0}]"
0_44634,0,44634,entity: The founder of Apple is Steve Jobs,entity,1,14.357372283935549,0.8888888888888888,semantic,"[{""token"": ""entity"", ""index"": 1, ""distance"": 0, ""direction"": ""self""}]",n/a,Semantic,Dictionary (fallback),0.9,False,,Semantic (unknown),"[{""tk"": ""is"", ""act"": 0.0}, {""tk"": ""the"", ""act"": 0.0}, {""tk"": ""iPhone"", ""act"": 0.0}, {""tk"": ""technology"", ""act"": 0.0}, {""tk"": ""company"", ""act"": 0.0}, {""tk"": ""Apple"", ""act"": 0.0}, {""tk"": ""founder"", ""act"": 0.0}, {""tk"": ""of"", ""act"": 0.0}, {""tk"": ""Steve"", ""act"": 0.0}, {""tk"": ""Jobs"", ""act"": 0.0}, {""tk"": ""who"", ""act"": 0.0}, {""tk"": ""started"", ""act"": 0.0}, {""tk"": ""called"", ""act"": 0.0}, {""tk"": ""established"", ""act"": 0.0}]"
0_97077,0,97077,entity: The founder of Apple is Steve Jobs,entity,1,0.0,0.0,semantic,"[{""token"": ""entity"", ""index"": 1, ""distance"": 0, ""direction"": ""self""}]",n/a,Relationship,,1.0,False,,(is) related,"[{""tk"": ""is"", ""act"": 0.0}, {""tk"": ""the"", ""act"": 0.0}, {""tk"": ""iPhone"", ""act"": 0.0}, {""tk"": ""technology"", ""act"": 0.0}, {""tk"": ""company"", ""act"": 0.0}, {""tk"": ""Apple"", ""act"": 0.0}, {""tk"": ""founder"", ""act"": 0.0}, {""tk"": ""of"", ""act"": 0.0}, {""tk"": ""Steve"", ""act"": 0.0}, {""tk"": ""Jobs"", ""act"": 0.0}, {""tk"": ""who"", ""act"": 0.0}, {""tk"": ""started"", ""act"": 0.0}, {""tk"": ""called"", ""act"": 0.0}, {""tk"": ""established"", ""act"": 0.0}]"
0_19204,0,19204,entity: The founder of Apple is Steve Jobs,entity,1,0.0,0.0,semantic,"[{""token"": ""entity"", ""index"": 1, ""distance"": 0, ""direction"": ""self""}]",n/a,Relationship,,1.0,False,,(is) related,"[{""tk"": ""is"", ""act"": 0.0}, {""tk"": ""the"", ""act"": 0.0}, {""tk"": ""iPhone"", ""act"": 0.0}, {""tk"": ""technology"", ""act"": 0.0}, {""tk"": ""company"", ""act"": 0.0}, {""tk"": ""Apple"", ""act"": 0.0}, {""tk"": ""founder"", ""act"": 0.0}, {""tk"": ""of"", ""act"": 0.0}, {""tk"": ""Steve"", ""act"": 0.0}, {""tk"": ""Jobs"", ""act"": 0.0}, {""tk"": ""who"", ""act"": 0.0}, {""tk"": ""started"", ""act"": 0.0}, {""tk"": ""called"", ""act"": 0.0}, {""tk"": ""established"", ""act"": 0.0}]"
0_20171,0,20171,entity: The founder of Apple is Steve Jobs,entity,1,0.0,0.0,semantic,"[{""token"": ""entity"", ""index"": 1, ""distance"": 0, ""direction"": ""self""}]",n/a,Relationship,,1.0,False,,(is) related,"[{""tk"": ""is"", ""act"": 0.0}, {""tk"": ""the"", ""act"": 0.0}, {""tk"": ""iPhone"", ""act"": 0.0}, {""tk"": ""technology"", ""act"": 0.0}, {""tk"": ""company"", ""act"": 0.0}, {""tk"": ""Apple"", ""act"": 0.0}, {""tk"": ""founder"", ""act"": 0.0}, {""tk"": ""of"", ""act"": 0.0}, {""tk"": ""Steve"", ""act"": 0.0}, {""tk"": ""Jobs"", ""act"": 0.0}, {""tk"": ""who"", ""act"": 0.0}, {""tk"": ""started"", ""act"": 0.0}, {""tk"": ""called"", ""act"": 0.0}, {""tk"": ""established"", ""act"": 0.0}]"
0_44217,0,44217,entity: The founder of Apple is Steve Jobs,entity,1,0.0,0.0,semantic,"[{""token"": ""entity"", ""index"": 1, ""distance"": 0, ""direction"": ""self""}]",n/a,Relationship,,1.0,False,,(is) related,"[{""tk"": ""is"", ""act"": 0.0}, {""tk"": ""the"", ""act"": 0.0}, {""tk"": ""iPhone"", ""act"": 0.0}, {""tk"": ""technology"", ""act"": 0.0}, {""tk"": ""company"", ""act"": 0.0}, {""tk"": ""Apple"", ""act"": 0.0}, {""tk"": ""founder"", ""act"": 0.0}, {""tk"": ""of"", ""act"": 0.0}, {""tk"": ""Steve"", ""act"": 0.0}, {""tk"": ""Jobs"", ""act"": 0.0}, {""tk"": ""who"", ""act"": 0.0}, {""tk"": ""started"", ""act"": 0.0}, {""tk"": ""called"", ""act"": 0.0}, {""tk"": ""established"", ""act"": 0.0}]"
0_91570,0,91570,entity: The founder of Apple is Steve Jobs,entity,1,7.780837059020996,0.888888888888889,semantic,"[{""token"": ""entity"", ""index"": 1, ""distance"": 0, ""direction"": ""self""}]",n/a,Semantic,Dictionary (fallback),0.9,False,,Semantic (unknown),"[{""tk"": ""is"", ""act"": 0.0}, {""tk"": ""the"", ""act"": 0.0}, {""tk"": ""iPhone"", ""act"": 0.0}, {""tk"": ""technology"", ""act"": 0.0}, {""tk"": ""company"", ""act"": 0.0}, {""tk"": ""Apple"", ""act"": 0.0}, {""tk"": ""founder"", ""act"": 0.0}, {""tk"": ""of"", ""act"": 0.0}, {""tk"": ""Steve"", ""act"": 0.0}, {""tk"": ""Jobs"", ""act"": 0.0}, {""tk"": ""who"", ""act"": 0.0}, {""tk"": ""started"", ""act"": 0.0}, {""tk"": ""called"", ""act"": 0.0}, {""tk"": ""established"", ""act"": 0.0}]"
0_46235,0,46235,entity: The founder of Apple is Steve Jobs, founder,4,13.41339874267578,0.888888888888889,semantic,"[{""token"": "" founder"", ""index"": 4, ""distance"": 0, ""direction"": ""self""}]",n/a,Semantic,Dictionary (fallback),0.9,False,,founder,"[{""tk"": ""founder"", ""act"": 13.413398742675781}, {""tk"": ""is"", ""act"": 0.0}, {""tk"": ""the"", ""act"": 0.0}, {""tk"": ""iPhone"", ""act"": 0.0}, {""tk"": ""technology"", ""act"": 0.0}, {""tk"": ""company"", ""act"": 0.0}, {""tk"": ""Apple"", ""act"": 0.0}, {""tk"": ""of"", ""act"": 0.0}, {""tk"": ""Steve"", ""act"": 0.0}, {""tk"": ""Jobs"", ""act"": 0.0}, {""tk"": ""who"", ""act"": 0.0}, {""tk"": ""started"", ""act"": 0.0}, {""tk"": ""called"", ""act"": 0.0}, {""tk"": ""established"", ""act"": 0.0}]"
0_69165,0,69165,entity: The founder of Apple is Steve Jobs, Apple,6,11.209722518920898,0.8888888888888888,semantic,"[{""token"": "" Apple"", ""index"": 6, ""distance"": 0, ""direction"": ""self""}]",n/a,Semantic,Dictionary (fallback),0.9,False,,iphone,"[{""tk"": ""iPhone"", ""act"": 11.86459732055664}, {""tk"": ""Apple"", ""act"": 11.209722518920898}, {""tk"": ""is"", ""act"": 0.0}, {""tk"": ""the"", ""act"": 0.0}, {""tk"": ""technology"", ""act"": 0.0}, {""tk"": ""company"", ""act"": 0.0}, {""tk"": ""founder"", ""act"": 0.0}, {""tk"": ""of"", ""act"": 0.0}, {""tk"": ""Steve"", ""act"": 0.0}, {""tk"": ""Jobs"", ""act"": 0.0}, {""tk"": ""who"", ""act"": 0.0}, {""tk"": ""started"", ""act"": 0.0}, {""tk"": ""called"", ""act"": 0.0}, {""tk"": ""established"", ""act"": 0.0}]"
0_91637,0,91637,entity: The founder of Apple is Steve Jobs, Apple,6,11.069934844970703,0.888888888888889,semantic,"[{""token"": "" Apple"", ""index"": 6, ""distance"": 0, ""direction"": ""self""}]",n/a,Semantic,Dictionary (fallback),0.9,False,,Apple,"[{""tk"": ""Apple"", ""act"": 11.162574768066406}, {""tk"": ""iPhone"", ""act"": 10.118509292602539}, {""tk"": ""is"", ""act"": 0.0}, {""tk"": ""the"", ""act"": 0.0}, {""tk"": ""technology"", ""act"": 0.0}, {""tk"": ""company"", ""act"": 0.0}, {""tk"": ""founder"", ""act"": 0.0}, {""tk"": ""of"", ""act"": 0.0}, {""tk"": ""Steve"", ""act"": 0.0}, {""tk"": ""Jobs"", ""act"": 0.0}, {""tk"": ""who"", ""act"": 0.0}, {""tk"": ""started"", ""act"": 0.0}, {""tk"": ""called"", ""act"": 0.0}, {""tk"": ""established"", ""act"": 0.0}]"
0_1170,0,1170,entity: The founder of Apple is Steve Jobs, Apple,6,10.845763206481934,0.8888888888888888,semantic,"[{""token"": "" Apple"", ""index"": 6, ""distance"": 0, ""direction"": ""self""}]",n/a,Semantic,Dictionary (fallback),0.9,False,,iphone,"[{""tk"": ""iPhone"", ""act"": 17.711040496826172}, {""tk"": ""Apple"", ""act"": 10.955910682678223}, {""tk"": ""is"", ""act"": 0.0}, {""tk"": ""the"", ""act"": 0.0}, {""tk"": ""technology"", ""act"": 0.0}, {""tk"": ""company"", ""act"": 0.0}, {""tk"": ""founder"", ""act"": 0.0}, {""tk"": ""of"", ""act"": 0.0}, {""tk"": ""Steve"", ""act"": 0.0}, {""tk"": ""Jobs"", ""act"": 0.0}, {""tk"": ""who"", ""act"": 0.0}, {""tk"": ""started"", ""act"": 0.0}, {""tk"": ""called"", ""act"": 0.0}, {""tk"": ""established"", ""act"": 0.0}]"
0_6596,0,6596,entity: The founder of Apple is Steve Jobs,entity,1,0.0,0.0,semantic,"[{""token"": ""entity"", ""index"": 1, ""distance"": 0, ""direction"": ""self""}]",n/a,Semantic,Dictionary,1.0,False,,called,"[{""tk"": ""called"", ""act"": 28.27146339416504}, {""tk"": ""is"", ""act"": 0.0}, {""tk"": ""the"", ""act"": 0.0}, {""tk"": ""iPhone"", ""act"": 0.0}, {""tk"": ""technology"", ""act"": 0.0}, {""tk"": ""company"", ""act"": 0.0}, {""tk"": ""Apple"", ""act"": 0.0}, {""tk"": ""founder"", ""act"": 0.0}, {""tk"": ""of"", ""act"": 0.0}, {""tk"": ""Steve"", ""act"": 0.0}, {""tk"": ""Jobs"", ""act"": 0.0}, {""tk"": ""who"", ""act"": 0.0}, {""tk"": ""started"", ""act"": 0.0}, {""tk"": ""established"", ""act"": 0.0}]"
0_82862,0,82862,entity: The founder of Apple is Steve Jobs, founder,4,7.564595699310303,0.8888888888888888,semantic,"[{""token"": "" founder"", ""index"": 4, ""distance"": 0, ""direction"": ""self""}]",n/a,Semantic,Dictionary (fallback),0.9,False,,company,"[{""tk"": ""company"", ""act"": 8.054851531982422}, {""tk"": ""founder"", ""act"": 7.564595699310303}, {""tk"": ""is"", ""act"": 0.0}, {""tk"": ""the"", ""act"": 0.0}, {""tk"": ""iPhone"", ""act"": 0.0}, {""tk"": ""technology"", ""act"": 0.0}, {""tk"": ""Apple"", ""act"": 0.0}, {""tk"": ""of"", ""act"": 0.0}, {""tk"": ""Steve"", ""act"": 0.0}, {""tk"": ""Jobs"", ""act"": 0.0}, {""tk"": ""who"", ""act"": 0.0}, {""tk"": ""started"", ""act"": 0.0}, {""tk"": ""called"", ""act"": 0.0}, {""tk"": ""established"", ""act"": 0.0}]"
0_1285,0,1285,entity: The founder of Apple is Steve Jobs,entity,1,4.541435718536377,0.8751231746139077,semantic,"[{""token"": ""entity"", ""index"": 1, ""distance"": 0, ""direction"": ""self""}]",n/a,Semantic,Dictionary,1.0,False,,iphone,"[{""tk"": ""iPhone"", ""act"": 8.839632034301758}, {""tk"": ""Apple"", ""act"": 0.6157822608947754}, {""tk"": ""is"", ""act"": 0.0}, {""tk"": ""the"", ""act"": 0.0}, {""tk"": ""technology"", ""act"": 0.0}, {""tk"": ""company"", ""act"": 0.0}, {""tk"": ""founder"", ""act"": 0.0}, {""tk"": ""of"", ""act"": 0.0}, {""tk"": ""Steve"", ""act"": 0.0}, {""tk"": ""Jobs"", ""act"": 0.0}, {""tk"": ""who"", ""act"": 0.0}, {""tk"": ""started"", ""act"": 0.0}, {""tk"": ""called"", ""act"": 0.0}, {""tk"": ""established"", ""act"": 0.0}]"
0_32732,0,32732,entity: The founder of Apple is Steve Jobs, founder,4,5.750412940979004,0.8888888888888888,semantic,"[{""token"": "" founder"", ""index"": 4, ""distance"": 0, ""direction"": ""self""}]",n/a,Semantic,Dictionary (fallback),0.9,False,,established,"[{""tk"": ""established"", ""act"": 28.430463790893555}, {""tk"": ""started"", ""act"": 25.020212173461914}, {""tk"": ""who"", ""act"": 20.396818161010742}, {""tk"": ""called"", ""act"": 9.311948776245117}, {""tk"": ""is"", ""act"": 8.960206985473633}, {""tk"": ""founder"", ""act"": 5.750412940979004}, {""tk"": ""technology"", ""act"": 3.8221561908721924}, {""tk"": ""company"", ""act"": 0.25118565559387207}, {""tk"": ""the"", ""act"": 0.0}, {""tk"": ""iPhone"", ""act"": 0.0}, {""tk"": ""Apple"", ""act"": 0.0}, {""tk"": ""of"", ""act"": 0.0}, {""tk"": ""Steve"", ""act"": 0.0}, {""tk"": ""Jobs"", ""act"": 0.0}]"
0_81124,0,81124,entity: The founder of Apple is Steve Jobs,entity,1,0.0,0.0,semantic,"[{""token"": ""entity"", ""index"": 1, ""distance"": 0, ""direction"": ""self""}]",n/a,Relationship,,1.0,False,,(is) related,"[{""tk"": ""is"", ""act"": 0.0}, {""tk"": ""the"", ""act"": 0.0}, {""tk"": ""iPhone"", ""act"": 0.0}, {""tk"": ""technology"", ""act"": 0.0}, {""tk"": ""company"", ""act"": 0.0}, {""tk"": ""Apple"", ""act"": 0.0}, {""tk"": ""founder"", ""act"": 0.0}, {""tk"": ""of"", ""act"": 0.0}, {""tk"": ""Steve"", ""act"": 0.0}, {""tk"": ""Jobs"", ""act"": 0.0}, {""tk"": ""who"", ""act"": 0.0}, {""tk"": ""started"", ""act"": 0.0}, {""tk"": ""called"", ""act"": 0.0}, {""tk"": ""established"", ""act"": 0.0}]"
0_86458,0,86458,entity: The founder of Apple is Steve Jobs,entity,1,0.0,0.0,semantic,"[{""token"": ""entity"", ""index"": 1, ""distance"": 0, ""direction"": ""self""}]",n/a,Relationship,,1.0,False,,(is) related,"[{""tk"": ""is"", ""act"": 0.0}, {""tk"": ""the"", ""act"": 0.0}, {""tk"": ""iPhone"", ""act"": 0.0}, {""tk"": ""technology"", ""act"": 0.0}, {""tk"": ""company"", ""act"": 0.0}, {""tk"": ""Apple"", ""act"": 0.0}, {""tk"": ""founder"", ""act"": 0.0}, {""tk"": ""of"", ""act"": 0.0}, {""tk"": ""Steve"", ""act"": 0.0}, {""tk"": ""Jobs"", ""act"": 0.0}, {""tk"": ""who"", ""act"": 0.0}, {""tk"": ""started"", ""act"": 0.0}, {""tk"": ""called"", ""act"": 0.0}, {""tk"": ""established"", ""act"": 0.0}]"
0_97435,0,97435,entity: The founder of Apple is Steve Jobs,entity,1,0.0,0.0,semantic,"[{""token"": ""entity"", ""index"": 1, ""distance"": 0, ""direction"": ""self""}]",n/a,Relationship,,1.0,False,,(is) related,"[{""tk"": ""is"", ""act"": 0.0}, {""tk"": ""the"", ""act"": 0.0}, {""tk"": ""iPhone"", ""act"": 0.0}, {""tk"": ""technology"", ""act"": 0.0}, {""tk"": ""company"", ""act"": 0.0}, {""tk"": ""Apple"", ""act"": 0.0}, {""tk"": ""founder"", ""act"": 0.0}, {""tk"": ""of"", ""act"": 0.0}, {""tk"": ""Steve"", ""act"": 0.0}, {""tk"": ""Jobs"", ""act"": 0.0}, {""tk"": ""who"", ""act"": 0.0}, {""tk"": ""started"", ""act"": 0.0}, {""tk"": ""called"", ""act"": 0.0}, {""tk"": ""established"", ""act"": 0.0}]"
0_13453,0,13453,entity: The founder of Apple is Steve Jobs,entity,1,0.0,0.0,semantic,"[{""token"": ""entity"", ""index"": 1, ""distance"": 0, ""direction"": ""self""}]",n/a,Relationship,,1.0,False,,(is) related,"[{""tk"": ""is"", ""act"": 0.0}, {""tk"": ""the"", ""act"": 0.0}, {""tk"": ""iPhone"", ""act"": 0.0}, {""tk"": ""technology"", ""act"": 0.0}, {""tk"": ""company"", ""act"": 0.0}, {""tk"": ""Apple"", ""act"": 0.0}, {""tk"": ""founder"", ""act"": 0.0}, {""tk"": ""of"", ""act"": 0.0}, {""tk"": ""Steve"", ""act"": 0.0}, {""tk"": ""Jobs"", ""act"": 0.0}, {""tk"": ""who"", ""act"": 0.0}, {""tk"": ""started"", ""act"": 0.0}, {""tk"": ""called"", ""act"": 0.0}, {""tk"": ""established"", ""act"": 0.0}]"
0_57857,0,57857,entity: The founder of Apple is Steve Jobs,entity,1,0.0,0.0,semantic,"[{""token"": ""entity"", ""index"": 1, ""distance"": 0, ""direction"": ""self""}]",n/a,Relationship,,1.0,False,,(is) related,"[{""tk"": ""is"", ""act"": 0.0}, {""tk"": ""the"", ""act"": 0.0}, {""tk"": ""iPhone"", ""act"": 0.0}, {""tk"": ""technology"", ""act"": 0.0}, {""tk"": ""company"", ""act"": 0.0}, {""tk"": ""Apple"", ""act"": 0.0}, {""tk"": ""founder"", ""act"": 0.0}, {""tk"": ""of"", ""act"": 0.0}, {""tk"": ""Steve"", ""act"": 0.0}, {""tk"": ""Jobs"", ""act"": 0.0}, {""tk"": ""who"", ""act"": 0.0}, {""tk"": ""started"", ""act"": 0.0}, {""tk"": ""called"", ""act"": 0.0}, {""tk"": ""established"", ""act"": 0.0}]"
0_1003,0,1003,entity: The founder of Apple is Steve Jobs,entity,1,0.0,0.0,semantic,"[{""token"": ""entity"", ""index"": 1, ""distance"": 0, ""direction"": ""self""}]",n/a,Relationship,,1.0,False,,(is) related,"[{""tk"": ""is"", ""act"": 0.0}, {""tk"": ""the"", ""act"": 0.0}, {""tk"": ""iPhone"", ""act"": 0.0}, {""tk"": ""technology"", ""act"": 0.0}, {""tk"": ""company"", ""act"": 0.0}, {""tk"": ""Apple"", ""act"": 0.0}, {""tk"": ""founder"", ""act"": 0.0}, {""tk"": ""of"", ""act"": 0.0}, {""tk"": ""Steve"", ""act"": 0.0}, {""tk"": ""Jobs"", ""act"": 0.0}, {""tk"": ""who"", ""act"": 0.0}, {""tk"": ""started"", ""act"": 0.0}, {""tk"": ""called"", ""act"": 0.0}, {""tk"": ""established"", ""act"": 0.0}]"
0_4591,0,4591,entity: The founder of Apple is Steve Jobs,entity,1,0.0,0.0,semantic,"[{""token"": ""entity"", ""index"": 1, ""distance"": 0, ""direction"": ""self""}]",n/a,Semantic,Dictionary,1.0,False,,established,"[{""tk"": ""established"", ""act"": 11.716001510620117}, {""tk"": ""is"", ""act"": 0.0}, {""tk"": ""the"", ""act"": 0.0}, {""tk"": ""iPhone"", ""act"": 0.0}, {""tk"": ""technology"", ""act"": 0.0}, {""tk"": ""company"", ""act"": 0.0}, {""tk"": ""Apple"", ""act"": 0.0}, {""tk"": ""founder"", ""act"": 0.0}, {""tk"": ""of"", ""act"": 0.0}, {""tk"": ""Steve"", ""act"": 0.0}, {""tk"": ""Jobs"", ""act"": 0.0}, {""tk"": ""who"", ""act"": 0.0}, {""tk"": ""started"", ""act"": 0.0}, {""tk"": ""called"", ""act"": 0.0}]"
0_7410,0,7410,entity: The founder of Apple is Steve Jobs,entity,1,0.0,0.0,semantic,"[{""token"": ""entity"", ""index"": 1, ""distance"": 0, ""direction"": ""self""}]",n/a,Semantic,Dictionary,1.0,False,,iphone,"[{""tk"": ""iPhone"", ""act"": 13.22584056854248}, {""tk"": ""is"", ""act"": 0.0}, {""tk"": ""the"", ""act"": 0.0}, {""tk"": ""technology"", ""act"": 0.0}, {""tk"": ""company"", ""act"": 0.0}, {""tk"": ""Apple"", ""act"": 0.0}, {""tk"": ""founder"", ""act"": 0.0}, {""tk"": ""of"", ""act"": 0.0}, {""tk"": ""Steve"", ""act"": 0.0}, {""tk"": ""Jobs"", ""act"": 0.0}, {""tk"": ""who"", ""act"": 0.0}, {""tk"": ""started"", ""act"": 0.0}, {""tk"": ""called"", ""act"": 0.0}, {""tk"": ""established"", ""act"": 0.0}]"
0_11318,0,11318,entity: The founder of Apple is Steve Jobs,entity,1,0.0,0.0,semantic,"[{""token"": ""entity"", ""index"": 1, ""distance"": 0, ""direction"": ""self""}]",n/a,Semantic,Dictionary,1.0,False,,iphone,"[{""tk"": ""iPhone"", ""act"": 14.332988739013672}, {""tk"": ""is"", ""act"": 0.0}, {""tk"": ""the"", ""act"": 0.0}, {""tk"": ""technology"", ""act"": 0.0}, {""tk"": ""company"", ""act"": 0.0}, {""tk"": ""Apple"", ""act"": 0.0}, {""tk"": ""founder"", ""act"": 0.0}, {""tk"": ""of"", ""act"": 0.0}, {""tk"": ""Steve"", ""act"": 0.0}, {""tk"": ""Jobs"", ""act"": 0.0}, {""tk"": ""who"", ""act"": 0.0}, {""tk"": ""started"", ""act"": 0.0}, {""tk"": ""called"", ""act"": 0.0}, {""tk"": ""established"", ""act"": 0.0}]"
0_15001,0,15001,entity: The founder of Apple is Steve Jobs,entity,1,0.0,0.0,semantic,"[{""token"": ""entity"", ""index"": 1, ""distance"": 0, ""direction"": ""self""}]",n/a,Semantic,Dictionary,1.0,False,,who,"[{""tk"": ""who"", ""act"": 14.920398712158203}, {""tk"": ""is"", ""act"": 0.0}, {""tk"": ""the"", ""act"": 0.0}, {""tk"": ""iPhone"", ""act"": 0.0}, {""tk"": ""technology"", ""act"": 0.0}, {""tk"": ""company"", ""act"": 0.0}, {""tk"": ""Apple"", ""act"": 0.0}, {""tk"": ""founder"", ""act"": 0.0}, {""tk"": ""of"", ""act"": 0.0}, {""tk"": ""Steve"", ""act"": 0.0}, {""tk"": ""Jobs"", ""act"": 0.0}, {""tk"": ""started"", ""act"": 0.0}, {""tk"": ""called"", ""act"": 0.0}, {""tk"": ""established"", ""act"": 0.0}]"
0_18535,0,18535,entity: The founder of Apple is Steve Jobs,entity,1,0.0,0.0,semantic,"[{""token"": ""entity"", ""index"": 1, ""distance"": 0, ""direction"": ""self""}]",n/a,Relationship,,1.0,False,,(is) related,"[{""tk"": ""is"", ""act"": 0.0}, {""tk"": ""the"", ""act"": 0.0}, {""tk"": ""iPhone"", ""act"": 0.0}, {""tk"": ""technology"", ""act"": 0.0}, {""tk"": ""company"", ""act"": 0.0}, {""tk"": ""Apple"", ""act"": 0.0}, {""tk"": ""founder"", ""act"": 0.0}, {""tk"": ""of"", ""act"": 0.0}, {""tk"": ""Steve"", ""act"": 0.0}, {""tk"": ""Jobs"", ""act"": 0.0}, {""tk"": ""who"", ""act"": 0.0}, {""tk"": ""started"", ""act"": 0.0}, {""tk"": ""called"", ""act"": 0.0}, {""tk"": ""established"", ""act"": 0.0}]"
0_22730,0,22730,entity: The founder of Apple is Steve Jobs,entity,1,0.0,0.0,semantic,"[{""token"": ""entity"", ""index"": 1, ""distance"": 0, ""direction"": ""self""}]",n/a,Semantic,Dictionary,1.0,False,,iphone,"[{""tk"": ""iPhone"", ""act"": 12.510161399841309}, {""tk"": ""is"", ""act"": 0.0}, {""tk"": ""the"", ""act"": 0.0}, {""tk"": ""technology"", ""act"": 0.0}, {""tk"": ""company"", ""act"": 0.0}, {""tk"": ""Apple"", ""act"": 0.0}, {""tk"": ""founder"", ""act"": 0.0}, {""tk"": ""of"", ""act"": 0.0}, {""tk"": ""Steve"", ""act"": 0.0}, {""tk"": ""Jobs"", ""act"": 0.0}, {""tk"": ""who"", ""act"": 0.0}, {""tk"": ""started"", ""act"": 0.0}, {""tk"": ""called"", ""act"": 0.0}, {""tk"": ""established"", ""act"": 0.0}]"
0_23477,0,23477,entity: The founder of Apple is Steve Jobs,entity,1,0.0,0.0,semantic,"[{""token"": ""entity"", ""index"": 1, ""distance"": 0, ""direction"": ""self""}]",n/a,Relationship,,1.0,False,,(is) related,"[{""tk"": ""is"", ""act"": 0.0}, {""tk"": ""the"", ""act"": 0.0}, {""tk"": ""iPhone"", ""act"": 0.0}, {""tk"": ""technology"", ""act"": 0.0}, {""tk"": ""company"", ""act"": 0.0}, {""tk"": ""Apple"", ""act"": 0.0}, {""tk"": ""founder"", ""act"": 0.0}, {""tk"": ""of"", ""act"": 0.0}, {""tk"": ""Steve"", ""act"": 0.0}, {""tk"": ""Jobs"", ""act"": 0.0}, {""tk"": ""who"", ""act"": 0.0}, {""tk"": ""started"", ""act"": 0.0}, {""tk"": ""called"", ""act"": 0.0}, {""tk"": ""established"", ""act"": 0.0}]"
0_24039,0,24039,entity: The founder of Apple is Steve Jobs,entity,1,0.0,0.0,semantic,"[{""token"": ""entity"", ""index"": 1, ""distance"": 0, ""direction"": ""self""}]",n/a,Semantic,Dictionary,1.0,False,,iphone,"[{""tk"": ""iPhone"", ""act"": 10.376995086669922}, {""tk"": ""is"", ""act"": 0.0}, {""tk"": ""the"", ""act"": 0.0}, {""tk"": ""technology"", ""act"": 0.0}, {""tk"": ""company"", ""act"": 0.0}, {""tk"": ""Apple"", ""act"": 0.0}, {""tk"": ""founder"", ""act"": 0.0}, {""tk"": ""of"", ""act"": 0.0}, {""tk"": ""Steve"", ""act"": 0.0}, {""tk"": ""Jobs"", ""act"": 0.0}, {""tk"": ""who"", ""act"": 0.0}, {""tk"": ""started"", ""act"": 0.0}, {""tk"": ""called"", ""act"": 0.0}, {""tk"": ""established"", ""act"": 0.0}]"
0_25156,0,25156,entity: The founder of Apple is Steve Jobs,entity,1,0.0,0.0,semantic,"[{""token"": ""entity"", ""index"": 1, ""distance"": 0, ""direction"": ""self""}]",n/a,Relationship,,1.0,False,,(is) related,"[{""tk"": ""is"", ""act"": 0.0}, {""tk"": ""the"", ""act"": 0.0}, {""tk"": ""iPhone"", ""act"": 0.0}, {""tk"": ""technology"", ""act"": 0.0}, {""tk"": ""company"", ""act"": 0.0}, {""tk"": ""Apple"", ""act"": 0.0}, {""tk"": ""founder"", ""act"": 0.0}, {""tk"": ""of"", ""act"": 0.0}, {""tk"": ""Steve"", ""act"": 0.0}, {""tk"": ""Jobs"", ""act"": 0.0}, {""tk"": ""who"", ""act"": 0.0}, {""tk"": ""started"", ""act"": 0.0}, {""tk"": ""called"", ""act"": 0.0}, {""tk"": ""established"", ""act"": 0.0}]"
0_28229,0,28229,entity: The founder of Apple is Steve Jobs,entity,1,0.0,0.0,semantic,"[{""token"": ""entity"", ""index"": 1, ""distance"": 0, ""direction"": ""self""}]",n/a,Relationship,,1.0,False,,(is) related,"[{""tk"": ""is"", ""act"": 0.0}, {""tk"": ""the"", ""act"": 0.0}, {""tk"": ""iPhone"", ""act"": 0.0}, {""tk"": ""technology"", ""act"": 0.0}, {""tk"": ""company"", ""act"": 0.0}, {""tk"": ""Apple"", ""act"": 0.0}, {""tk"": ""founder"", ""act"": 0.0}, {""tk"": ""of"", ""act"": 0.0}, {""tk"": ""Steve"", ""act"": 0.0}, {""tk"": ""Jobs"", ""act"": 0.0}, {""tk"": ""who"", ""act"": 0.0}, {""tk"": ""started"", ""act"": 0.0}, {""tk"": ""called"", ""act"": 0.0}, {""tk"": ""established"", ""act"": 0.0}]"
0_31731,0,31731,entity: The founder of Apple is Steve Jobs,entity,1,0.0,0.0,semantic,"[{""token"": ""entity"", ""index"": 1, ""distance"": 0, ""direction"": ""self""}]",n/a,Relationship,,1.0,False,,(is) related,"[{""tk"": ""is"", ""act"": 0.0}, {""tk"": ""the"", ""act"": 0.0}, {""tk"": ""iPhone"", ""act"": 0.0}, {""tk"": ""technology"", ""act"": 0.0}, {""tk"": ""company"", ""act"": 0.0}, {""tk"": ""Apple"", ""act"": 0.0}, {""tk"": ""founder"", ""act"": 0.0}, {""tk"": ""of"", ""act"": 0.0}, {""tk"": ""Steve"", ""act"": 0.0}, {""tk"": ""Jobs"", ""act"": 0.0}, {""tk"": ""who"", ""act"": 0.0}, {""tk"": ""started"", ""act"": 0.0}, {""tk"": ""called"", ""act"": 0.0}, {""tk"": ""established"", ""act"": 0.0}]"
0_33674,0,33674,entity: The founder of Apple is Steve Jobs,entity,1,0.0,0.0,semantic,"[{""token"": ""entity"", ""index"": 1, ""distance"": 0, ""direction"": ""self""}]",n/a,Semantic,Dictionary,1.0,False,,iphone,"[{""tk"": ""iPhone"", ""act"": 9.818336486816406}, {""tk"": ""is"", ""act"": 0.0}, {""tk"": ""the"", ""act"": 0.0}, {""tk"": ""technology"", ""act"": 0.0}, {""tk"": ""company"", ""act"": 0.0}, {""tk"": ""Apple"", ""act"": 0.0}, {""tk"": ""founder"", ""act"": 0.0}, {""tk"": ""of"", ""act"": 0.0}, {""tk"": ""Steve"", ""act"": 0.0}, {""tk"": ""Jobs"", ""act"": 0.0}, {""tk"": ""who"", ""act"": 0.0}, {""tk"": ""started"", ""act"": 0.0}, {""tk"": ""called"", ""act"": 0.0}, {""tk"": ""established"", ""act"": 0.0}]"
0_35288,0,35288,entity: The founder of Apple is Steve Jobs,entity,1,0.0,0.0,semantic,"[{""token"": ""entity"", ""index"": 1, ""distance"": 0, ""direction"": ""self""}]",n/a,Relationship,,1.0,False,,(is) related,"[{""tk"": ""is"", ""act"": 0.0}, {""tk"": ""the"", ""act"": 0.0}, {""tk"": ""iPhone"", ""act"": 0.0}, {""tk"": ""technology"", ""act"": 0.0}, {""tk"": ""company"", ""act"": 0.0}, {""tk"": ""Apple"", ""act"": 0.0}, {""tk"": ""founder"", ""act"": 0.0}, {""tk"": ""of"", ""act"": 0.0}, {""tk"": ""Steve"", ""act"": 0.0}, {""tk"": ""Jobs"", ""act"": 0.0}, {""tk"": ""who"", ""act"": 0.0}, {""tk"": ""started"", ""act"": 0.0}, {""tk"": ""called"", ""act"": 0.0}, {""tk"": ""established"", ""act"": 0.0}]"
0_35860,0,35860,entity: The founder of Apple is Steve Jobs,entity,1,0.0,0.0,semantic,"[{""token"": ""entity"", ""index"": 1, ""distance"": 0, ""direction"": ""self""}]",n/a,Semantic,Dictionary,1.0,False,,iphone,"[{""tk"": ""iPhone"", ""act"": 13.610601425170898}, {""tk"": ""is"", ""act"": 0.0}, {""tk"": ""the"", ""act"": 0.0}, {""tk"": ""technology"", ""act"": 0.0}, {""tk"": ""company"", ""act"": 0.0}, {""tk"": ""Apple"", ""act"": 0.0}, {""tk"": ""founder"", ""act"": 0.0}, {""tk"": ""of"", ""act"": 0.0}, {""tk"": ""Steve"", ""act"": 0.0}, {""tk"": ""Jobs"", ""act"": 0.0}, {""tk"": ""who"", ""act"": 0.0}, {""tk"": ""started"", ""act"": 0.0}, {""tk"": ""called"", ""act"": 0.0}, {""tk"": ""established"", ""act"": 0.0}]"
0_36289,0,36289,entity: The founder of Apple is Steve Jobs,entity,1,0.0,0.0,semantic,"[{""token"": ""entity"", ""index"": 1, ""distance"": 0, ""direction"": ""self""}]",n/a,Semantic,Dictionary,1.0,False,,iphone,"[{""tk"": ""iPhone"", ""act"": 20.29351806640625}, {""tk"": ""is"", ""act"": 0.0}, {""tk"": ""the"", ""act"": 0.0}, {""tk"": ""technology"", ""act"": 0.0}, {""tk"": ""company"", ""act"": 0.0}, {""tk"": ""Apple"", ""act"": 0.0}, {""tk"": ""founder"", ""act"": 0.0}, {""tk"": ""of"", ""act"": 0.0}, {""tk"": ""Steve"", ""act"": 0.0}, {""tk"": ""Jobs"", ""act"": 0.0}, {""tk"": ""who"", ""act"": 0.0}, {""tk"": ""started"", ""act"": 0.0}, {""tk"": ""called"", ""act"": 0.0}, {""tk"": ""established"", ""act"": 0.0}]"
0_37403,0,37403,entity: The founder of Apple is Steve Jobs,entity,1,0.0,0.0,semantic,"[{""token"": ""entity"", ""index"": 1, ""distance"": 0, ""direction"": ""self""}]",n/a,Semantic,Dictionary,1.0,False,,iphone,"[{""tk"": ""iPhone"", ""act"": 8.71590805053711}, {""tk"": ""is"", ""act"": 0.0}, {""tk"": ""the"", ""act"": 0.0}, {""tk"": ""technology"", ""act"": 0.0}, {""tk"": ""company"", ""act"": 0.0}, {""tk"": ""Apple"", ""act"": 0.0}, {""tk"": ""founder"", ""act"": 0.0}, {""tk"": ""of"", ""act"": 0.0}, {""tk"": ""Steve"", ""act"": 0.0}, {""tk"": ""Jobs"", ""act"": 0.0}, {""tk"": ""who"", ""act"": 0.0}, {""tk"": ""started"", ""act"": 0.0}, {""tk"": ""called"", ""act"": 0.0}, {""tk"": ""established"", ""act"": 0.0}]"
0_42514,0,42514,entity: The founder of Apple is Steve Jobs,entity,1,0.0,0.0,semantic,"[{""token"": ""entity"", ""index"": 1, ""distance"": 0, ""direction"": ""self""}]",n/a,Relationship,,1.0,False,,(is) related,"[{""tk"": ""is"", ""act"": 0.0}, {""tk"": ""the"", ""act"": 0.0}, {""tk"": ""iPhone"", ""act"": 0.0}, {""tk"": ""technology"", ""act"": 0.0}, {""tk"": ""company"", ""act"": 0.0}, {""tk"": ""Apple"", ""act"": 0.0}, {""tk"": ""founder"", ""act"": 0.0}, {""tk"": ""of"", ""act"": 0.0}, {""tk"": ""Steve"", ""act"": 0.0}, {""tk"": ""Jobs"", ""act"": 0.0}, {""tk"": ""who"", ""act"": 0.0}, {""tk"": ""started"", ""act"": 0.0}, {""tk"": ""called"", ""act"": 0.0}, {""tk"": ""established"", ""act"": 0.0}]"
0_44489,0,44489,entity: The founder of Apple is Steve Jobs,entity,1,0.0,0.0,semantic,"[{""token"": ""entity"", ""index"": 1, ""distance"": 0, ""direction"": ""self""}]",n/a,Relationship,,1.0,False,,(is) related,"[{""tk"": ""is"", ""act"": 0.0}, {""tk"": ""the"", ""act"": 0.0}, {""tk"": ""iPhone"", ""act"": 0.0}, {""tk"": ""technology"", ""act"": 0.0}, {""tk"": ""company"", ""act"": 0.0}, {""tk"": ""Apple"", ""act"": 0.0}, {""tk"": ""founder"", ""act"": 0.0}, {""tk"": ""of"", ""act"": 0.0}, {""tk"": ""Steve"", ""act"": 0.0}, {""tk"": ""Jobs"", ""act"": 0.0}, {""tk"": ""who"", ""act"": 0.0}, {""tk"": ""started"", ""act"": 0.0}, {""tk"": ""called"", ""act"": 0.0}, {""tk"": ""established"", ""act"": 0.0}]"
0_46475,0,46475,entity: The founder of Apple is Steve Jobs,entity,1,0.0,0.0,semantic,"[{""token"": ""entity"", ""index"": 1, ""distance"": 0, ""direction"": ""self""}]",n/a,Relationship,,1.0,False,,(is) related,"[{""tk"": ""is"", ""act"": 0.0}, {""tk"": ""the"", ""act"": 0.0}, {""tk"": ""iPhone"", ""act"": 0.0}, {""tk"": ""technology"", ""act"": 0.0}, {""tk"": ""company"", ""act"": 0.0}, {""tk"": ""Apple"", ""act"": 0.0}, {""tk"": ""founder"", ""act"": 0.0}, {""tk"": ""of"", ""act"": 0.0}, {""tk"": ""Steve"", ""act"": 0.0}, {""tk"": ""Jobs"", ""act"": 0.0}, {""tk"": ""who"", ""act"": 0.0}, {""tk"": ""started"", ""act"": 0.0}, {""tk"": ""called"", ""act"": 0.0}, {""tk"": ""established"", ""act"": 0.0}]"
0_46816,0,46816,entity: The founder of Apple is Steve Jobs,entity,1,0.0,0.0,semantic,"[{""token"": ""entity"", ""index"": 1, ""distance"": 0, ""direction"": ""self""}]",n/a,Semantic,Dictionary,1.0,False,,iphone,"[{""tk"": ""iPhone"", ""act"": 12.007062911987305}, {""tk"": ""is"", ""act"": 0.0}, {""tk"": ""the"", ""act"": 0.0}, {""tk"": ""technology"", ""act"": 0.0}, {""tk"": ""company"", ""act"": 0.0}, {""tk"": ""Apple"", ""act"": 0.0}, {""tk"": ""founder"", ""act"": 0.0}, {""tk"": ""of"", ""act"": 0.0}, {""tk"": ""Steve"", ""act"": 0.0}, {""tk"": ""Jobs"", ""act"": 0.0}, {""tk"": ""who"", ""act"": 0.0}, {""tk"": ""started"", ""act"": 0.0}, {""tk"": ""called"", ""act"": 0.0}, {""tk"": ""established"", ""act"": 0.0}]"
0_47726,0,47726,entity: The founder of Apple is Steve Jobs,entity,1,0.0,0.0,semantic,"[{""token"": ""entity"", ""index"": 1, ""distance"": 0, ""direction"": ""self""}]",n/a,Semantic,Dictionary,1.0,False,,iphone,"[{""tk"": ""iPhone"", ""act"": 10.73161506652832}, {""tk"": ""is"", ""act"": 0.0}, {""tk"": ""the"", ""act"": 0.0}, {""tk"": ""technology"", ""act"": 0.0}, {""tk"": ""company"", ""act"": 0.0}, {""tk"": ""Apple"", ""act"": 0.0}, {""tk"": ""founder"", ""act"": 0.0}, {""tk"": ""of"", ""act"": 0.0}, {""tk"": ""Steve"", ""act"": 0.0}, {""tk"": ""Jobs"", ""act"": 0.0}, {""tk"": ""who"", ""act"": 0.0}, {""tk"": ""started"", ""act"": 0.0}, {""tk"": ""called"", ""act"": 0.0}, {""tk"": ""established"", ""act"": 0.0}]"
0_47894,0,47894,entity: The founder of Apple is Steve Jobs,entity,1,0.0,0.0,semantic,"[{""token"": ""entity"", ""index"": 1, ""distance"": 0, ""direction"": ""self""}]",n/a,Relationship,,1.0,False,,(is) related,"[{""tk"": ""is"", ""act"": 0.0}, {""tk"": ""the"", ""act"": 0.0}, {""tk"": ""iPhone"", ""act"": 0.0}, {""tk"": ""technology"", ""act"": 0.0}, {""tk"": ""company"", ""act"": 0.0}, {""tk"": ""Apple"", ""act"": 0.0}, {""tk"": ""founder"", ""act"": 0.0}, {""tk"": ""of"", ""act"": 0.0}, {""tk"": ""Steve"", ""act"": 0.0}, {""tk"": ""Jobs"", ""act"": 0.0}, {""tk"": ""who"", ""act"": 0.0}, {""tk"": ""started"", ""act"": 0.0}, {""tk"": ""called"", ""act"": 0.0}, {""tk"": ""established"", ""act"": 0.0}]"
0_55411,0,55411,entity: The founder of Apple is Steve Jobs,entity,1,0.0,0.0,semantic,"[{""token"": ""entity"", ""index"": 1, ""distance"": 0, ""direction"": ""self""}]",n/a,Semantic,Dictionary (fallback),0.9,False,,company,"[{""tk"": ""company"", ""act"": 7.441006660461426}, {""tk"": ""is"", ""act"": 0.0}, {""tk"": ""the"", ""act"": 0.0}, {""tk"": ""iPhone"", ""act"": 0.0}, {""tk"": ""technology"", ""act"": 0.0}, {""tk"": ""Apple"", ""act"": 0.0}, {""tk"": ""founder"", ""act"": 0.0}, {""tk"": ""of"", ""act"": 0.0}, {""tk"": ""Steve"", ""act"": 0.0}, {""tk"": ""Jobs"", ""act"": 0.0}, {""tk"": ""who"", ""act"": 0.0}, {""tk"": ""started"", ""act"": 0.0}, {""tk"": ""called"", ""act"": 0.0}, {""tk"": ""established"", ""act"": 0.0}]"
0_56575,0,56575,entity: The founder of Apple is Steve Jobs,entity,1,0.0,0.0,semantic,"[{""token"": ""entity"", ""index"": 1, ""distance"": 0, ""direction"": ""self""}]",n/a,Semantic,Dictionary,1.0,False,,started,"[{""tk"": ""started"", ""act"": 11.946228981018066}, {""tk"": ""is"", ""act"": 0.0}, {""tk"": ""the"", ""act"": 0.0}, {""tk"": ""iPhone"", ""act"": 0.0}, {""tk"": ""technology"", ""act"": 0.0}, {""tk"": ""company"", ""act"": 0.0}, {""tk"": ""Apple"", ""act"": 0.0}, {""tk"": ""founder"", ""act"": 0.0}, {""tk"": ""of"", ""act"": 0.0}, {""tk"": ""Steve"", ""act"": 0.0}, {""tk"": ""Jobs"", ""act"": 0.0}, {""tk"": ""who"", ""act"": 0.0}, {""tk"": ""called"", ""act"": 0.0}, {""tk"": ""established"", ""act"": 0.0}]"
0_58439,0,58439,entity: The founder of Apple is Steve Jobs,entity,1,0.0,0.0,semantic,"[{""token"": ""entity"", ""index"": 1, ""distance"": 0, ""direction"": ""self""}]",n/a,Semantic,Dictionary,1.0,False,,iphone,"[{""tk"": ""iPhone"", ""act"": 7.56377649307251}, {""tk"": ""is"", ""act"": 0.0}, {""tk"": ""the"", ""act"": 0.0}, {""tk"": ""technology"", ""act"": 0.0}, {""tk"": ""company"", ""act"": 0.0}, {""tk"": ""Apple"", ""act"": 0.0}, {""tk"": ""founder"", ""act"": 0.0}, {""tk"": ""of"", ""act"": 0.0}, {""tk"": ""Steve"", ""act"": 0.0}, {""tk"": ""Jobs"", ""act"": 0.0}, {""tk"": ""who"", ""act"": 0.0}, {""tk"": ""started"", ""act"": 0.0}, {""tk"": ""called"", ""act"": 0.0}, {""tk"": ""established"", ""act"": 0.0}]"
0_58540,0,58540,entity: The founder of Apple is Steve Jobs,entity,1,0.0,0.0,semantic,"[{""token"": ""entity"", ""index"": 1, ""distance"": 0, ""direction"": ""self""}]",n/a,Relationship,,1.0,False,,(is) related,"[{""tk"": ""is"", ""act"": 0.0}, {""tk"": ""the"", ""act"": 0.0}, {""tk"": ""iPhone"", ""act"": 0.0}, {""tk"": ""technology"", ""act"": 0.0}, {""tk"": ""company"", ""act"": 0.0}, {""tk"": ""Apple"", ""act"": 0.0}, {""tk"": ""founder"", ""act"": 0.0}, {""tk"": ""of"", ""act"": 0.0}, {""tk"": ""Steve"", ""act"": 0.0}, {""tk"": ""Jobs"", ""act"": 0.0}, {""tk"": ""who"", ""act"": 0.0}, {""tk"": ""started"", ""act"": 0.0}, {""tk"": ""called"", ""act"": 0.0}, {""tk"": ""established"", ""act"": 0.0}]"
0_60856,0,60856,entity: The founder of Apple is Steve Jobs,entity,1,0.0,0.0,semantic,"[{""token"": ""entity"", ""index"": 1, ""distance"": 0, ""direction"": ""self""}]",n/a,Semantic,Dictionary,1.0,False,,iphone,"[{""tk"": ""iPhone"", ""act"": 11.922277450561523}, {""tk"": ""is"", ""act"": 0.0}, {""tk"": ""the"", ""act"": 0.0}, {""tk"": ""technology"", ""act"": 0.0}, {""tk"": ""company"", ""act"": 0.0}, {""tk"": ""Apple"", ""act"": 0.0}, {""tk"": ""founder"", ""act"": 0.0}, {""tk"": ""of"", ""act"": 0.0}, {""tk"": ""Steve"", ""act"": 0.0}, {""tk"": ""Jobs"", ""act"": 0.0}, {""tk"": ""who"", ""act"": 0.0}, {""tk"": ""started"", ""act"": 0.0}, {""tk"": ""called"", ""act"": 0.0}, {""tk"": ""established"", ""act"": 0.0}]"
0_62012,0,62012,entity: The founder of Apple is Steve Jobs,entity,1,0.0,0.0,semantic,"[{""token"": ""entity"", ""index"": 1, ""distance"": 0, ""direction"": ""self""}]",n/a,Semantic,Dictionary,1.0,False,,company,"[{""tk"": ""company"", ""act"": 20.670909881591797}, {""tk"": ""is"", ""act"": 0.0}, {""tk"": ""the"", ""act"": 0.0}, {""tk"": ""iPhone"", ""act"": 0.0}, {""tk"": ""technology"", ""act"": 0.0}, {""tk"": ""Apple"", ""act"": 0.0}, {""tk"": ""founder"", ""act"": 0.0}, {""tk"": ""of"", ""act"": 0.0}, {""tk"": ""Steve"", ""act"": 0.0}, {""tk"": ""Jobs"", ""act"": 0.0}, {""tk"": ""who"", ""act"": 0.0}, {""tk"": ""started"", ""act"": 0.0}, {""tk"": ""called"", ""act"": 0.0}, {""tk"": ""established"", ""act"": 0.0}]"
0_65721,0,65721,entity: The founder of Apple is Steve Jobs,entity,1,0.0,0.0,semantic,"[{""token"": ""entity"", ""index"": 1, ""distance"": 0, ""direction"": ""self""}]",n/a,Relationship,,1.0,False,,(is) related,"[{""tk"": ""is"", ""act"": 0.0}, {""tk"": ""the"", ""act"": 0.0}, {""tk"": ""iPhone"", ""act"": 0.0}, {""tk"": ""technology"", ""act"": 0.0}, {""tk"": ""company"", ""act"": 0.0}, {""tk"": ""Apple"", ""act"": 0.0}, {""tk"": ""founder"", ""act"": 0.0}, {""tk"": ""of"", ""act"": 0.0}, {""tk"": ""Steve"", ""act"": 0.0}, {""tk"": ""Jobs"", ""act"": 0.0}, {""tk"": ""who"", ""act"": 0.0}, {""tk"": ""started"", ""act"": 0.0}, {""tk"": ""called"", ""act"": 0.0}, {""tk"": ""established"", ""act"": 0.0}]"
0_66850,0,66850,entity: The founder of Apple is Steve Jobs,entity,1,0.0,0.0,semantic,"[{""token"": ""entity"", ""index"": 1, ""distance"": 0, ""direction"": ""self""}]",n/a,Semantic,Dictionary,1.0,False,,iphone,"[{""tk"": ""iPhone"", ""act"": 9.210744857788086}, {""tk"": ""is"", ""act"": 0.0}, {""tk"": ""the"", ""act"": 0.0}, {""tk"": ""technology"", ""act"": 0.0}, {""tk"": ""company"", ""act"": 0.0}, {""tk"": ""Apple"", ""act"": 0.0}, {""tk"": ""founder"", ""act"": 0.0}, {""tk"": ""of"", ""act"": 0.0}, {""tk"": ""Steve"", ""act"": 0.0}, {""tk"": ""Jobs"", ""act"": 0.0}, {""tk"": ""who"", ""act"": 0.0}, {""tk"": ""started"", ""act"": 0.0}, {""tk"": ""called"", ""act"": 0.0}, {""tk"": ""established"", ""act"": 0.0}]"
0_67902,0,67902,entity: The founder of Apple is Steve Jobs,entity,1,0.0,0.0,semantic,"[{""token"": ""entity"", ""index"": 1, ""distance"": 0, ""direction"": ""self""}]",n/a,Relationship,,1.0,False,,(is) related,"[{""tk"": ""is"", ""act"": 0.0}, {""tk"": ""the"", ""act"": 0.0}, {""tk"": ""iPhone"", ""act"": 0.0}, {""tk"": ""technology"", ""act"": 0.0}, {""tk"": ""company"", ""act"": 0.0}, {""tk"": ""Apple"", ""act"": 0.0}, {""tk"": ""founder"", ""act"": 0.0}, {""tk"": ""of"", ""act"": 0.0}, {""tk"": ""Steve"", ""act"": 0.0}, {""tk"": ""Jobs"", ""act"": 0.0}, {""tk"": ""who"", ""act"": 0.0}, {""tk"": ""started"", ""act"": 0.0}, {""tk"": ""called"", ""act"": 0.0}, {""tk"": ""established"", ""act"": 0.0}]"
0_69528,0,69528,entity: The founder of Apple is Steve Jobs,entity,1,0.0,0.0,semantic,"[{""token"": ""entity"", ""index"": 1, ""distance"": 0, ""direction"": ""self""}]",n/a,Semantic,Dictionary,1.0,False,,company,"[{""tk"": ""company"", ""act"": 42.14494705200195}, {""tk"": ""is"", ""act"": 0.0}, {""tk"": ""the"", ""act"": 0.0}, {""tk"": ""iPhone"", ""act"": 0.0}, {""tk"": ""technology"", ""act"": 0.0}, {""tk"": ""Apple"", ""act"": 0.0}, {""tk"": ""founder"", ""act"": 0.0}, {""tk"": ""of"", ""act"": 0.0}, {""tk"": ""Steve"", ""act"": 0.0}, {""tk"": ""Jobs"", ""act"": 0.0}, {""tk"": ""who"", ""act"": 0.0}, {""tk"": ""started"", ""act"": 0.0}, {""tk"": ""called"", ""act"": 0.0}, {""tk"": ""established"", ""act"": 0.0}]"
0_71189,0,71189,entity: The founder of Apple is Steve Jobs,entity,1,0.0,0.0,semantic,"[{""token"": ""entity"", ""index"": 1, ""distance"": 0, ""direction"": ""self""}]",n/a,Relationship,,1.0,False,,(is) related,"[{""tk"": ""is"", ""act"": 0.0}, {""tk"": ""the"", ""act"": 0.0}, {""tk"": ""iPhone"", ""act"": 0.0}, {""tk"": ""technology"", ""act"": 0.0}, {""tk"": ""company"", ""act"": 0.0}, {""tk"": ""Apple"", ""act"": 0.0}, {""tk"": ""founder"", ""act"": 0.0}, {""tk"": ""of"", ""act"": 0.0}, {""tk"": ""Steve"", ""act"": 0.0}, {""tk"": ""Jobs"", ""act"": 0.0}, {""tk"": ""who"", ""act"": 0.0}, {""tk"": ""started"", ""act"": 0.0}, {""tk"": ""called"", ""act"": 0.0}, {""tk"": ""established"", ""act"": 0.0}]"
0_71287,0,71287,entity: The founder of Apple is Steve Jobs,entity,1,0.0,0.0,semantic,"[{""token"": ""entity"", ""index"": 1, ""distance"": 0, ""direction"": ""self""}]",n/a,Relationship,,1.0,False,,(is) related,"[{""tk"": ""is"", ""act"": 0.0}, {""tk"": ""the"", ""act"": 0.0}, {""tk"": ""iPhone"", ""act"": 0.0}, {""tk"": ""technology"", ""act"": 0.0}, {""tk"": ""company"", ""act"": 0.0}, {""tk"": ""Apple"", ""act"": 0.0}, {""tk"": ""founder"", ""act"": 0.0}, {""tk"": ""of"", ""act"": 0.0}, {""tk"": ""Steve"", ""act"": 0.0}, {""tk"": ""Jobs"", ""act"": 0.0}, {""tk"": ""who"", ""act"": 0.0}, {""tk"": ""started"", ""act"": 0.0}, {""tk"": ""called"", ""act"": 0.0}, {""tk"": ""established"", ""act"": 0.0}]"
0_72628,0,72628,entity: The founder of Apple is Steve Jobs,entity,1,0.0,0.0,semantic,"[{""token"": ""entity"", ""index"": 1, ""distance"": 0, ""direction"": ""self""}]",n/a,Semantic,Dictionary,1.0,False,,iphone,"[{""tk"": ""iPhone"", ""act"": 13.571720123291016}, {""tk"": ""is"", ""act"": 0.0}, {""tk"": ""the"", ""act"": 0.0}, {""tk"": ""technology"", ""act"": 0.0}, {""tk"": ""company"", ""act"": 0.0}, {""tk"": ""Apple"", ""act"": 0.0}, {""tk"": ""founder"", ""act"": 0.0}, {""tk"": ""of"", ""act"": 0.0}, {""tk"": ""Steve"", ""act"": 0.0}, {""tk"": ""Jobs"", ""act"": 0.0}, {""tk"": ""who"", ""act"": 0.0}, {""tk"": ""started"", ""act"": 0.0}, {""tk"": ""called"", ""act"": 0.0}, {""tk"": ""established"", ""act"": 0.0}]"
0_78128,0,78128,entity: The founder of Apple is Steve Jobs,entity,1,0.0,0.0,semantic,"[{""token"": ""entity"", ""index"": 1, ""distance"": 0, ""direction"": ""self""}]",n/a,Semantic,Dictionary,1.0,False,,company,"[{""tk"": ""company"", ""act"": 17.328067779541016}, {""tk"": ""is"", ""act"": 0.0}, {""tk"": ""the"", ""act"": 0.0}, {""tk"": ""iPhone"", ""act"": 0.0}, {""tk"": ""technology"", ""act"": 0.0}, {""tk"": ""Apple"", ""act"": 0.0}, {""tk"": ""founder"", ""act"": 0.0}, {""tk"": ""of"", ""act"": 0.0}, {""tk"": ""Steve"", ""act"": 0.0}, {""tk"": ""Jobs"", ""act"": 0.0}, {""tk"": ""who"", ""act"": 0.0}, {""tk"": ""started"", ""act"": 0.0}, {""tk"": ""called"", ""act"": 0.0}, {""tk"": ""established"", ""act"": 0.0}]"
0_79311,0,79311,entity: The founder of Apple is Steve Jobs,entity,1,0.0,0.0,semantic,"[{""token"": ""entity"", ""index"": 1, ""distance"": 0, ""direction"": ""self""}]",n/a,Relationship,,1.0,False,,(is) related,"[{""tk"": ""is"", ""act"": 0.0}, {""tk"": ""the"", ""act"": 0.0}, {""tk"": ""iPhone"", ""act"": 0.0}, {""tk"": ""technology"", ""act"": 0.0}, {""tk"": ""company"", ""act"": 0.0}, {""tk"": ""Apple"", ""act"": 0.0}, {""tk"": ""founder"", ""act"": 0.0}, {""tk"": ""of"", ""act"": 0.0}, {""tk"": ""Steve"", ""act"": 0.0}, {""tk"": ""Jobs"", ""act"": 0.0}, {""tk"": ""who"", ""act"": 0.0}, {""tk"": ""started"", ""act"": 0.0}, {""tk"": ""called"", ""act"": 0.0}, {""tk"": ""established"", ""act"": 0.0}]"
0_79557,0,79557,entity: The founder of Apple is Steve Jobs,entity,1,0.0,0.0,semantic,"[{""token"": ""entity"", ""index"": 1, ""distance"": 0, ""direction"": ""self""}]",n/a,Relationship,,1.0,False,,(is) related,"[{""tk"": ""is"", ""act"": 0.0}, {""tk"": ""the"", ""act"": 0.0}, {""tk"": ""iPhone"", ""act"": 0.0}, {""tk"": ""technology"", ""act"": 0.0}, {""tk"": ""company"", ""act"": 0.0}, {""tk"": ""Apple"", ""act"": 0.0}, {""tk"": ""founder"", ""act"": 0.0}, {""tk"": ""of"", ""act"": 0.0}, {""tk"": ""Steve"", ""act"": 0.0}, {""tk"": ""Jobs"", ""act"": 0.0}, {""tk"": ""who"", ""act"": 0.0}, {""tk"": ""started"", ""act"": 0.0}, {""tk"": ""called"", ""act"": 0.0}, {""tk"": ""established"", ""act"": 0.0}]"
0_80278,0,80278,entity: The founder of Apple is Steve Jobs,entity,1,0.0,0.0,semantic,"[{""token"": ""entity"", ""index"": 1, ""distance"": 0, ""direction"": ""self""}]",n/a,Relationship,,1.0,False,,(is) related,"[{""tk"": ""is"", ""act"": 0.0}, {""tk"": ""the"", ""act"": 0.0}, {""tk"": ""iPhone"", ""act"": 0.0}, {""tk"": ""technology"", ""act"": 0.0}, {""tk"": ""company"", ""act"": 0.0}, {""tk"": ""Apple"", ""act"": 0.0}, {""tk"": ""founder"", ""act"": 0.0}, {""tk"": ""of"", ""act"": 0.0}, {""tk"": ""Steve"", ""act"": 0.0}, {""tk"": ""Jobs"", ""act"": 0.0}, {""tk"": ""who"", ""act"": 0.0}, {""tk"": ""started"", ""act"": 0.0}, {""tk"": ""called"", ""act"": 0.0}, {""tk"": ""established"", ""act"": 0.0}]"
0_80932,0,80932,entity: The founder of Apple is Steve Jobs,entity,1,0.0,0.0,semantic,"[{""token"": ""entity"", ""index"": 1, ""distance"": 0, ""direction"": ""self""}]",n/a,Semantic,Dictionary,1.0,False,,company,"[{""tk"": ""company"", ""act"": 12.409629821777344}, {""tk"": ""is"", ""act"": 0.0}, {""tk"": ""the"", ""act"": 0.0}, {""tk"": ""iPhone"", ""act"": 0.0}, {""tk"": ""technology"", ""act"": 0.0}, {""tk"": ""Apple"", ""act"": 0.0}, {""tk"": ""founder"", ""act"": 0.0}, {""tk"": ""of"", ""act"": 0.0}, {""tk"": ""Steve"", ""act"": 0.0}, {""tk"": ""Jobs"", ""act"": 0.0}, {""tk"": ""who"", ""act"": 0.0}, {""tk"": ""started"", ""act"": 0.0}, {""tk"": ""called"", ""act"": 0.0}, {""tk"": ""established"", ""act"": 0.0}]"
0_81040,0,81040,entity: The founder of Apple is Steve Jobs,entity,1,0.0,0.0,semantic,"[{""token"": ""entity"", ""index"": 1, ""distance"": 0, ""direction"": ""self""}]",n/a,Relationship,,1.0,False,,(is) related,"[{""tk"": ""is"", ""act"": 0.0}, {""tk"": ""the"", ""act"": 0.0}, {""tk"": ""iPhone"", ""act"": 0.0}, {""tk"": ""technology"", ""act"": 0.0}, {""tk"": ""company"", ""act"": 0.0}, {""tk"": ""Apple"", ""act"": 0.0}, {""tk"": ""founder"", ""act"": 0.0}, {""tk"": ""of"", ""act"": 0.0}, {""tk"": ""Steve"", ""act"": 0.0}, {""tk"": ""Jobs"", ""act"": 0.0}, {""tk"": ""who"", ""act"": 0.0}, {""tk"": ""started"", ""act"": 0.0}, {""tk"": ""called"", ""act"": 0.0}, {""tk"": ""established"", ""act"": 0.0}]"
0_81224,0,81224,entity: The founder of Apple is Steve Jobs,entity,1,0.0,0.0,semantic,"[{""token"": ""entity"", ""index"": 1, ""distance"": 0, ""direction"": ""self""}]",n/a,Semantic,Dictionary,1.0,False,,iphone,"[{""tk"": ""iPhone"", ""act"": 13.222972869873047}, {""tk"": ""is"", ""act"": 0.0}, {""tk"": ""the"", ""act"": 0.0}, {""tk"": ""technology"", ""act"": 0.0}, {""tk"": ""company"", ""act"": 0.0}, {""tk"": ""Apple"", ""act"": 0.0}, {""tk"": ""founder"", ""act"": 0.0}, {""tk"": ""of"", ""act"": 0.0}, {""tk"": ""Steve"", ""act"": 0.0}, {""tk"": ""Jobs"", ""act"": 0.0}, {""tk"": ""who"", ""act"": 0.0}, {""tk"": ""started"", ""act"": 0.0}, {""tk"": ""called"", ""act"": 0.0}, {""tk"": ""established"", ""act"": 0.0}]"
0_87647,0,87647,entity: The founder of Apple is Steve Jobs,entity,1,0.0,0.0,semantic,"[{""token"": ""entity"", ""index"": 1, ""distance"": 0, ""direction"": ""self""}]",n/a,Relationship,,1.0,False,,(is) related,"[{""tk"": ""is"", ""act"": 0.0}, {""tk"": ""the"", ""act"": 0.0}, {""tk"": ""iPhone"", ""act"": 0.0}, {""tk"": ""technology"", ""act"": 0.0}, {""tk"": ""company"", ""act"": 0.0}, {""tk"": ""Apple"", ""act"": 0.0}, {""tk"": ""founder"", ""act"": 0.0}, {""tk"": ""of"", ""act"": 0.0}, {""tk"": ""Steve"", ""act"": 0.0}, {""tk"": ""Jobs"", ""act"": 0.0}, {""tk"": ""who"", ""act"": 0.0}, {""tk"": ""started"", ""act"": 0.0}, {""tk"": ""called"", ""act"": 0.0}, {""tk"": ""established"", ""act"": 0.0}]"
0_89546,0,89546,entity: The founder of Apple is Steve Jobs,entity,1,0.0,0.0,semantic,"[{""token"": ""entity"", ""index"": 1, ""distance"": 0, ""direction"": ""self""}]",n/a,Relationship,,1.0,False,,(is) related,"[{""tk"": ""is"", ""act"": 0.0}, {""tk"": ""the"", ""act"": 0.0}, {""tk"": ""iPhone"", ""act"": 0.0}, {""tk"": ""technology"", ""act"": 0.0}, {""tk"": ""company"", ""act"": 0.0}, {""tk"": ""Apple"", ""act"": 0.0}, {""tk"": ""founder"", ""act"": 0.0}, {""tk"": ""of"", ""act"": 0.0}, {""tk"": ""Steve"", ""act"": 0.0}, {""tk"": ""Jobs"", ""act"": 0.0}, {""tk"": ""who"", ""act"": 0.0}, {""tk"": ""started"", ""act"": 0.0}, {""tk"": ""called"", ""act"": 0.0}, {""tk"": ""established"", ""act"": 0.0}]"
0_92510,0,92510,entity: The founder of Apple is Steve Jobs,entity,1,0.0,0.0,semantic,"[{""token"": ""entity"", ""index"": 1, ""distance"": 0, ""direction"": ""self""}]",n/a,Semantic,Dictionary,1.0,False,,iphone,"[{""tk"": ""iPhone"", ""act"": 5.416934967041016}, {""tk"": ""is"", ""act"": 0.0}, {""tk"": ""the"", ""act"": 0.0}, {""tk"": ""technology"", ""act"": 0.0}, {""tk"": ""company"", ""act"": 0.0}, {""tk"": ""Apple"", ""act"": 0.0}, {""tk"": ""founder"", ""act"": 0.0}, {""tk"": ""of"", ""act"": 0.0}, {""tk"": ""Steve"", ""act"": 0.0}, {""tk"": ""Jobs"", ""act"": 0.0}, {""tk"": ""who"", ""act"": 0.0}, {""tk"": ""started"", ""act"": 0.0}, {""tk"": ""called"", ""act"": 0.0}, {""tk"": ""established"", ""act"": 0.0}]"
0_95082,0,95082,entity: The founder of Apple is Steve Jobs,entity,1,0.0,0.0,semantic,"[{""token"": ""entity"", ""index"": 1, ""distance"": 0, ""direction"": ""self""}]",n/a,Relationship,,1.0,False,,(is) related,"[{""tk"": ""is"", ""act"": 0.0}, {""tk"": ""the"", ""act"": 0.0}, {""tk"": ""iPhone"", ""act"": 0.0}, {""tk"": ""technology"", ""act"": 0.0}, {""tk"": ""company"", ""act"": 0.0}, {""tk"": ""Apple"", ""act"": 0.0}, {""tk"": ""founder"", ""act"": 0.0}, {""tk"": ""of"", ""act"": 0.0}, {""tk"": ""Steve"", ""act"": 0.0}, {""tk"": ""Jobs"", ""act"": 0.0}, {""tk"": ""who"", ""act"": 0.0}, {""tk"": ""started"", ""act"": 0.0}, {""tk"": ""called"", ""act"": 0.0}, {""tk"": ""established"", ""act"": 0.0}]"
0_95200,0,95200,entity: The founder of Apple is Steve Jobs,entity,1,0.0,0.0,semantic,"[{""token"": ""entity"", ""index"": 1, ""distance"": 0, ""direction"": ""self""}]",n/a,Relationship,,1.0,False,,(is) related,"[{""tk"": ""is"", ""act"": 0.0}, {""tk"": ""the"", ""act"": 0.0}, {""tk"": ""iPhone"", ""act"": 0.0}, {""tk"": ""technology"", ""act"": 0.0}, {""tk"": ""company"", ""act"": 0.0}, {""tk"": ""Apple"", ""act"": 0.0}, {""tk"": ""founder"", ""act"": 0.0}, {""tk"": ""of"", ""act"": 0.0}, {""tk"": ""Steve"", ""act"": 0.0}, {""tk"": ""Jobs"", ""act"": 0.0}, {""tk"": ""who"", ""act"": 0.0}, {""tk"": ""started"", ""act"": 0.0}, {""tk"": ""called"", ""act"": 0.0}, {""tk"": ""established"", ""act"": 0.0}]"
0_95264,0,95264,entity: The founder of Apple is Steve Jobs,entity,1,0.0,0.0,semantic,"[{""token"": ""entity"", ""index"": 1, ""distance"": 0, ""direction"": ""self""}]",n/a,Semantic,Dictionary (fallback),0.9,False,,Semantic (unknown),"[{""tk"": ""is"", ""act"": 0.0}, {""tk"": ""the"", ""act"": 0.0}, {""tk"": ""iPhone"", ""act"": 0.0}, {""tk"": ""technology"", ""act"": 0.0}, {""tk"": ""company"", ""act"": 0.0}, {""tk"": ""Apple"", ""act"": 0.0}, {""tk"": ""founder"", ""act"": 0.0}, {""tk"": ""of"", ""act"": 0.0}, {""tk"": ""Steve"", ""act"": 0.0}, {""tk"": ""Jobs"", ""act"": 0.0}, {""tk"": ""who"", ""act"": 0.0}, {""tk"": ""started"", ""act"": 0.0}, {""tk"": ""called"", ""act"": 0.0}, {""tk"": ""established"", ""act"": 0.0}]"
0_95889,0,95889,entity: The founder of Apple is Steve Jobs,entity,1,0.0,0.0,semantic,"[{""token"": ""entity"", ""index"": 1, ""distance"": 0, ""direction"": ""self""}]",n/a,Semantic,Dictionary,1.0,False,,iphone,"[{""tk"": ""iPhone"", ""act"": 19.28626251220703}, {""tk"": ""is"", ""act"": 0.0}, {""tk"": ""the"", ""act"": 0.0}, {""tk"": ""technology"", ""act"": 0.0}, {""tk"": ""company"", ""act"": 0.0}, {""tk"": ""Apple"", ""act"": 0.0}, {""tk"": ""founder"", ""act"": 0.0}, {""tk"": ""of"", ""act"": 0.0}, {""tk"": ""Steve"", ""act"": 0.0}, {""tk"": ""Jobs"", ""act"": 0.0}, {""tk"": ""who"", ""act"": 0.0}, {""tk"": ""started"", ""act"": 0.0}, {""tk"": ""called"", ""act"": 0.0}, {""tk"": ""established"", ""act"": 0.0}]"
1_12928,1,12928,entity: The founder of Apple is Steve Jobs,entity,1,105.55604553222656,0.2796282025379296,semantic,"[{""token"": ""entity"", ""index"": 1, ""distance"": 0, ""direction"": ""self""}]",n/a,Relationship,,1.0,False,,(company) related,"[{""tk"": ""company"", ""act"": 103.49964904785156}, {""tk"": ""established"", ""act"": 92.58650970458984}, {""tk"": ""iPhone"", ""act"": 90.49929809570312}, {""tk"": ""Steve"", ""act"": 86.70033264160156}, {""tk"": ""founder"", ""act"": 86.57603454589844}, {""tk"": ""the"", ""act"": 86.19105529785156}, {""tk"": ""is"", ""act"": 80.84886169433594}, {""tk"": ""who"", ""act"": 76.71305847167969}, {""tk"": ""Apple"", ""act"": 75.59980010986328}, {""tk"": ""started"", ""act"": 75.0350570678711}, {""tk"": ""technology"", ""act"": 74.70613098144531}, {""tk"": ""Jobs"", ""act"": 70.95344543457031}, {""tk"": ""called"", ""act"": 70.83543395996094}, {""tk"": ""of"", ""act"": 65.76375579833984}]"
1_57794,1,57794,entity: The founder of Apple is Steve Jobs,entity,1,114.00083923339844,0.2829912110468179,semantic,"[{""token"": ""entity"", ""index"": 1, ""distance"": 0, ""direction"": ""self""}]",n/a,Relationship,,1.0,False,,(founder) related,"[{""tk"": ""founder"", ""act"": 91.56708526611328}, {""tk"": ""The"", ""act"": 90.82074737548828}, {""tk"": ""company"", ""act"": 88.58515930175781}, {""tk"": ""is"", ""act"": 87.5733871459961}, {""tk"": ""iPhone"", ""act"": 87.30318450927734}, {""tk"": ""Steve"", ""act"": 84.86897277832031}, {""tk"": ""called"", ""act"": 83.69468688964844}, {""tk"": ""established"", ""act"": 81.81749725341797}, {""tk"": ""Apple"", ""act"": 81.7845230102539}, {""tk"": ""of"", ""act"": 76.51925659179688}, {""tk"": ""technology"", ""act"": 74.1735610961914}, {""tk"": ""started"", ""act"": 71.23902893066406}, {""tk"": ""who"", ""act"": 66.8528060913086}, {""tk"": ""Jobs"", ""act"": 57.128662109375}]"
1_52044,1,52044,entity: The founder of Apple is Steve Jobs, founder,4,110.32746124267578,0.2904721869987445,semantic,"[{""token"": "" founder"", ""index"": 4, ""distance"": 0, ""direction"": ""self""}]",n/a,Relationship,,1.0,False,,(started) related,"[{""tk"": ""started"", ""act"": 120.04768371582031}, {""tk"": ""called"", ""act"": 115.20313262939453}, {""tk"": ""founder"", ""act"": 114.00474548339844}, {""tk"": ""company"", ""act"": 113.04615020751953}, {""tk"": ""established"", ""act"": 108.39888000488281}, {""tk"": ""who"", ""act"": 107.64916229248047}, {""tk"": ""technology"", ""act"": 96.14112091064453}, {""tk"": ""is"", ""act"": 94.12593841552734}, {""tk"": ""Apple"", ""act"": 92.30553436279297}, {""tk"": ""Jobs"", ""act"": 90.52021789550781}, {""tk"": ""the"", ""act"": 87.14351654052734}, {""tk"": ""Steve"", ""act"": 81.05712127685547}, {""tk"": ""of"", ""act"": 76.76270294189453}, {""tk"": ""iPhone"", ""act"": 75.94082641601562}]"
1_72774,1,72774,entity: The founder of Apple is Steve Jobs, founder,4,94.7982177734375,0.2848299407106565,semantic,"[{""token"": "" founder"", ""index"": 4, ""distance"": 0, ""direction"": ""self""}]",n/a,Relationship,,1.0,False,,(company) related,"[{""tk"": ""company"", ""act"": 106.63935089111328}, {""tk"": ""started"", ""act"": 98.42762756347656}, {""tk"": ""founder"", ""act"": 94.7982177734375}, {""tk"": ""who"", ""act"": 93.58486938476562}, {""tk"": ""technology"", ""act"": 90.14810943603516}, {""tk"": ""called"", ""act"": 88.46238708496094}, {""tk"": ""Apple"", ""act"": 86.1917724609375}, {""tk"": ""is"", ""act"": 83.7561264038086}, {""tk"": ""Jobs"", ""act"": 83.56375122070312}, {""tk"": ""established"", ""act"": 77.50685119628906}, {""tk"": ""The"", ""act"": 74.08993530273438}, {""tk"": ""Steve"", ""act"": 72.27926635742188}, {""tk"": ""of"", ""act"": 68.65750885009766}, {""tk"": ""iPhone"", ""act"": 59.02979278564453}]"
1_66937,1,66937,entity: The founder of Apple is Steve Jobs, Apple,6,21.42267608642578,0.8888888888888888,semantic,"[{""token"": "" Apple"", ""index"": 6, ""distance"": 0, ""direction"": ""self""}]",n/a,Semantic,Dictionary (fallback),0.9,False,,Apple,"[{""tk"": ""Apple"", ""act"": 27.83917999267578}, {""tk"": ""iPhone"", ""act"": 5.526341915130615}, {""tk"": ""is"", ""act"": 0.0}, {""tk"": ""the"", ""act"": 0.0}, {""tk"": ""technology"", ""act"": 0.0}, {""tk"": ""company"", ""act"": 0.0}, {""tk"": ""founder"", ""act"": 0.0}, {""tk"": ""of"", ""act"": 0.0}, {""tk"": ""Steve"", ""act"": 0.0}, {""tk"": ""Jobs"", ""act"": 0.0}, {""tk"": ""who"", ""act"": 0.0}, {""tk"": ""started"", ""act"": 0.0}, {""tk"": ""called"", ""act"": 0.0}, {""tk"": ""established"", ""act"": 0.0}]"
1_69838,1,69838,entity: The founder of Apple is Steve Jobs, of,5,7.127059459686279,0.888888888888889,functional,"[{""token"": "" founder"", ""index"": 4, ""distance"": 1, ""direction"": ""backward""}]",json,Semantic,Dictionary,1.0,False,,of,"[{""tk"": ""of"", ""act"": 7.127059459686279}, {""tk"": ""is"", ""act"": 0.0}, {""tk"": ""the"", ""act"": 0.0}, {""tk"": ""iPhone"", ""act"": 0.0}, {""tk"": ""technology"", ""act"": 0.0}, {""tk"": ""company"", ""act"": 0.0}, {""tk"": ""Apple"", ""act"": 0.0}, {""tk"": ""founder"", ""act"": 0.0}, {""tk"": ""Steve"", ""act"": 0.0}, {""tk"": ""Jobs"", ""act"": 0.0}, {""tk"": ""who"", ""act"": 0.0}, {""tk"": ""started"", ""act"": 0.0}, {""tk"": ""called"", ""act"": 0.0}, {""tk"": ""established"", ""act"": 0.0}]"
1_1319,1,1319,entity: The founder of Apple is Steve Jobs,entity,1,0.0,0.0,semantic,"[{""token"": ""entity"", ""index"": 1, ""distance"": 0, ""direction"": ""self""}]",n/a,Semantic,Dictionary,1.0,False,,iphone,"[{""tk"": ""iPhone"", ""act"": 12.844186782836914}, {""tk"": ""is"", ""act"": 0.0}, {""tk"": ""the"", ""act"": 0.0}, {""tk"": ""technology"", ""act"": 0.0}, {""tk"": ""company"", ""act"": 0.0}, {""tk"": ""Apple"", ""act"": 0.0}, {""tk"": ""founder"", ""act"": 0.0}, {""tk"": ""of"", ""act"": 0.0}, {""tk"": ""Steve"", ""act"": 0.0}, {""tk"": ""Jobs"", ""act"": 0.0}, {""tk"": ""who"", ""act"": 0.0}, {""tk"": ""started"", ""act"": 0.0}, {""tk"": ""called"", ""act"": 0.0}, {""tk"": ""established"", ""act"": 0.0}]"
1_1693,1,1693,entity: The founder of Apple is Steve Jobs,entity,1,0.0,0.0,semantic,"[{""token"": ""entity"", ""index"": 1, ""distance"": 0, ""direction"": ""self""}]",n/a,Relationship,,1.0,False,,(is) related,"[{""tk"": ""is"", ""act"": 0.0}, {""tk"": ""the"", ""act"": 0.0}, {""tk"": ""iPhone"", ""act"": 0.0}, {""tk"": ""technology"", ""act"": 0.0}, {""tk"": ""company"", ""act"": 0.0}, {""tk"": ""Apple"", ""act"": 0.0}, {""tk"": ""founder"", ""act"": 0.0}, {""tk"": ""of"", ""act"": 0.0}, {""tk"": ""Steve"", ""act"": 0.0}, {""tk"": ""Jobs"", ""act"": 0.0}, {""tk"": ""who"", ""act"": 0.0}, {""tk"": ""started"", ""act"": 0.0}, {""tk"": ""called"", ""act"": 0.0}, {""tk"": ""established"", ""act"": 0.0}]"
1_31678,1,31678,entity: The founder of Apple is Steve Jobs,entity,1,0.0,0.0,semantic,"[{""token"": ""entity"", ""index"": 1, ""distance"": 0, ""direction"": ""self""}]",n/a,Semantic,Dictionary,1.0,False,,iphone,"[{""tk"": ""iPhone"", ""act"": 16.88176727294922}, {""tk"": ""is"", ""act"": 0.0}, {""tk"": ""the"", ""act"": 0.0}, {""tk"": ""technology"", ""act"": 0.0}, {""tk"": ""company"", ""act"": 0.0}, {""tk"": ""Apple"", ""act"": 0.0}, {""tk"": ""founder"", ""act"": 0.0}, {""tk"": ""of"", ""act"": 0.0}, {""tk"": ""Steve"", ""act"": 0.0}, {""tk"": ""Jobs"", ""act"": 0.0}, {""tk"": ""who"", ""act"": 0.0}, {""tk"": ""started"", ""act"": 0.0}, {""tk"": ""called"", ""act"": 0.0}, {""tk"": ""established"", ""act"": 0.0}]"
1_58469,1,58469,entity: The founder of Apple is Steve Jobs,entity,1,0.0,0.0,semantic,"[{""token"": ""entity"", ""index"": 1, ""distance"": 0, ""direction"": ""self""}]",n/a,Relationship,,1.0,False,,(is) related,"[{""tk"": ""is"", ""act"": 0.0}, {""tk"": ""the"", ""act"": 0.0}, {""tk"": ""iPhone"", ""act"": 0.0}, {""tk"": ""technology"", ""act"": 0.0}, {""tk"": ""company"", ""act"": 0.0}, {""tk"": ""Apple"", ""act"": 0.0}, {""tk"": ""founder"", ""act"": 0.0}, {""tk"": ""of"", ""act"": 0.0}, {""tk"": ""Steve"", ""act"": 0.0}, {""tk"": ""Jobs"", ""act"": 0.0}, {""tk"": ""who"", ""act"": 0.0}, {""tk"": ""started"", ""act"": 0.0}, {""tk"": ""called"", ""act"": 0.0}, {""tk"": ""established"", ""act"": 0.0}]"
1_94373,1,94373,entity: The founder of Apple is Steve Jobs,entity,1,0.0,0.0,semantic,"[{""token"": ""entity"", ""index"": 1, ""distance"": 0, ""direction"": ""self""}]",n/a,Semantic,Dictionary,1.0,False,,iphone,"[{""tk"": ""iPhone"", ""act"": 19.97370719909668}, {""tk"": ""is"", ""act"": 0.0}, {""tk"": ""the"", ""act"": 0.0}, {""tk"": ""technology"", ""act"": 0.0}, {""tk"": ""company"", ""act"": 0.0}, {""tk"": ""Apple"", ""act"": 0.0}, {""tk"": ""founder"", ""act"": 0.0}, {""tk"": ""of"", ""act"": 0.0}, {""tk"": ""Steve"", ""act"": 0.0}, {""tk"": ""Jobs"", ""act"": 0.0}, {""tk"": ""who"", ""act"": 0.0}, {""tk"": ""started"", ""act"": 0.0}, {""tk"": ""called"", ""act"": 0.0}, {""tk"": ""established"", ""act"": 0.0}]"
1_97938,1,97938,entity: The founder of Apple is Steve Jobs,entity,1,0.0,0.0,semantic,"[{""token"": ""entity"", ""index"": 1, ""distance"": 0, ""direction"": ""self""}]",n/a,Semantic,Dictionary,1.0,False,,iphone,"[{""tk"": ""iPhone"", ""act"": 22.150123596191406}, {""tk"": ""is"", ""act"": 0.0}, {""tk"": ""the"", ""act"": 0.0}, {""tk"": ""technology"", ""act"": 0.0}, {""tk"": ""company"", ""act"": 0.0}, {""tk"": ""Apple"", ""act"": 0.0}, {""tk"": ""founder"", ""act"": 0.0}, {""tk"": ""of"", ""act"": 0.0}, {""tk"": ""Steve"", ""act"": 0.0}, {""tk"": ""Jobs"", ""act"": 0.0}, {""tk"": ""who"", ""act"": 0.0}, {""tk"": ""started"", ""act"": 0.0}, {""tk"": ""called"", ""act"": 0.0}, {""tk"": ""established"", ""act"": 0.0}]"
1_98014,1,98014,entity: The founder of Apple is Steve Jobs,entity,1,0.0,0.0,semantic,"[{""token"": ""entity"", ""index"": 1, ""distance"": 0, ""direction"": ""self""}]",n/a,Semantic,Dictionary,1.0,False,,iphone,"[{""tk"": ""iPhone"", ""act"": 14.453958511352539}, {""tk"": ""is"", ""act"": 0.0}, {""tk"": ""the"", ""act"": 0.0}, {""tk"": ""technology"", ""act"": 0.0}, {""tk"": ""company"", ""act"": 0.0}, {""tk"": ""Apple"", ""act"": 0.0}, {""tk"": ""founder"", ""act"": 0.0}, {""tk"": ""of"", ""act"": 0.0}, {""tk"": ""Steve"", ""act"": 0.0}, {""tk"": ""Jobs"", ""act"": 0.0}, {""tk"": ""who"", ""act"": 0.0}, {""tk"": ""started"", ""act"": 0.0}, {""tk"": ""called"", ""act"": 0.0}, {""tk"": ""established"", ""act"": 0.0}]"
2_20615,2,20615,entity: The founder of Apple is Steve Jobs, Apple,6,19.19872665405273,0.888888888888889,semantic,"[{""token"": "" Apple"", ""index"": 6, ""distance"": 0, ""direction"": ""self""}]",n/a,Semantic,Dictionary (fallback),0.9,False,,iphone,"[{""tk"": ""iPhone"", ""act"": 34.026004791259766}, {""tk"": ""Apple"", ""act"": 21.881959915161133}, {""tk"": ""is"", ""act"": 0.0}, {""tk"": ""the"", ""act"": 0.0}, {""tk"": ""technology"", ""act"": 0.0}, {""tk"": ""company"", ""act"": 0.0}, {""tk"": ""founder"", ""act"": 0.0}, {""tk"": ""of"", ""act"": 0.0}, {""tk"": ""Steve"", ""act"": 0.0}, {""tk"": ""Jobs"", ""act"": 0.0}, {""tk"": ""who"", ""act"": 0.0}, {""tk"": ""started"", ""act"": 0.0}, {""tk"": ""called"", ""act"": 0.0}, {""tk"": ""established"", ""act"": 0.0}]"
2_79904,2,79904,entity: The founder of Apple is Steve Jobs,entity,1,0.0,0.0,semantic,"[{""token"": ""entity"", ""index"": 1, ""distance"": 0, ""direction"": ""self""}]",n/a,Semantic,Dictionary (fallback),0.9,False,,started,"[{""tk"": ""started"", ""act"": 11.334894180297852}, {""tk"": ""established"", ""act"": 8.485861778259277}, {""tk"": ""is"", ""act"": 0.0}, {""tk"": ""the"", ""act"": 0.0}, {""tk"": ""iPhone"", ""act"": 0.0}, {""tk"": ""technology"", ""act"": 0.0}, {""tk"": ""company"", ""act"": 0.0}, {""tk"": ""Apple"", ""act"": 0.0}, {""tk"": ""founder"", ""act"": 0.0}, {""tk"": ""of"", ""act"": 0.0}, {""tk"": ""Steve"", ""act"": 0.0}, {""tk"": ""Jobs"", ""act"": 0.0}, {""tk"": ""who"", ""act"": 0.0}, {""tk"": ""called"", ""act"": 0.0}]"
2_49383,2,49383,entity: The founder of Apple is Steve Jobs, founder,4,1.8203883171081543,0.888888888888889,semantic,"[{""token"": "" founder"", ""index"": 4, ""distance"": 0, ""direction"": ""self""}]",n/a,Semantic,Dictionary,1.0,False,,founder,"[{""tk"": ""founder"", ""act"": 8.838245391845703}, {""tk"": ""is"", ""act"": 0.0}, {""tk"": ""the"", ""act"": 0.0}, {""tk"": ""iPhone"", ""act"": 0.0}, {""tk"": ""technology"", ""act"": 0.0}, {""tk"": ""company"", ""act"": 0.0}, {""tk"": ""Apple"", ""act"": 0.0}, {""tk"": ""of"", ""act"": 0.0}, {""tk"": ""Steve"", ""act"": 0.0}, {""tk"": ""Jobs"", ""act"": 0.0}, {""tk"": ""who"", ""act"": 0.0}, {""tk"": ""started"", ""act"": 0.0}, {""tk"": ""called"", ""act"": 0.0}, {""tk"": ""established"", ""act"": 0.0}]"
2_35295,2,35295,entity: The founder of Apple is Steve Jobs,entity,1,0.0,0.0,semantic,"[{""token"": ""entity"", ""index"": 1, ""distance"": 0, ""direction"": ""self""}]",n/a,Relationship,,1.0,False,,(is) related,"[{""tk"": ""is"", ""act"": 0.0}, {""tk"": ""the"", ""act"": 0.0}, {""tk"": ""iPhone"", ""act"": 0.0}, {""tk"": ""technology"", ""act"": 0.0}, {""tk"": ""company"", ""act"": 0.0}, {""tk"": ""Apple"", ""act"": 0.0}, {""tk"": ""founder"", ""act"": 0.0}, {""tk"": ""of"", ""act"": 0.0}, {""tk"": ""Steve"", ""act"": 0.0}, {""tk"": ""Jobs"", ""act"": 0.0}, {""tk"": ""who"", ""act"": 0.0}, {""tk"": ""started"", ""act"": 0.0}, {""tk"": ""called"", ""act"": 0.0}, {""tk"": ""established"", ""act"": 0.0}]"
2_39335,2,39335,entity: The founder of Apple is Steve Jobs,entity,1,0.0,0.0,semantic,"[{""token"": ""entity"", ""index"": 1, ""distance"": 0, ""direction"": ""self""}]",n/a,Relationship,,1.0,False,,(is) related,"[{""tk"": ""is"", ""act"": 0.0}, {""tk"": ""the"", ""act"": 0.0}, {""tk"": ""iPhone"", ""act"": 0.0}, {""tk"": ""technology"", ""act"": 0.0}, {""tk"": ""company"", ""act"": 0.0}, {""tk"": ""Apple"", ""act"": 0.0}, {""tk"": ""founder"", ""act"": 0.0}, {""tk"": ""of"", ""act"": 0.0}, {""tk"": ""Steve"", ""act"": 0.0}, {""tk"": ""Jobs"", ""act"": 0.0}, {""tk"": ""who"", ""act"": 0.0}, {""tk"": ""started"", ""act"": 0.0}, {""tk"": ""called"", ""act"": 0.0}, {""tk"": ""established"", ""act"": 0.0}]"
2_42519,2,42519,entity: The founder of Apple is Steve Jobs,entity,1,0.0,0.0,semantic,"[{""token"": ""entity"", ""index"": 1, ""distance"": 0, ""direction"": ""self""}]",n/a,Semantic,Dictionary,1.0,False,,who,"[{""tk"": ""who"", ""act"": 15.062068939208984}, {""tk"": ""is"", ""act"": 0.0}, {""tk"": ""the"", ""act"": 0.0}, {""tk"": ""iPhone"", ""act"": 0.0}, {""tk"": ""technology"", ""act"": 0.0}, {""tk"": ""company"", ""act"": 0.0}, {""tk"": ""Apple"", ""act"": 0.0}, {""tk"": ""founder"", ""act"": 0.0}, {""tk"": ""of"", ""act"": 0.0}, {""tk"": ""Steve"", ""act"": 0.0}, {""tk"": ""Jobs"", ""act"": 0.0}, {""tk"": ""started"", ""act"": 0.0}, {""tk"": ""called"", ""act"": 0.0}, {""tk"": ""established"", ""act"": 0.0}]"
2_79229,2,79229,entity: The founder of Apple is Steve Jobs,entity,1,0.0,0.0,semantic,"[{""token"": ""entity"", ""index"": 1, ""distance"": 0, ""direction"": ""self""}]",n/a,Relationship,,1.0,False,,(is) related,"[{""tk"": ""is"", ""act"": 0.0}, {""tk"": ""the"", ""act"": 0.0}, {""tk"": ""iPhone"", ""act"": 0.0}, {""tk"": ""technology"", ""act"": 0.0}, {""tk"": ""company"", ""act"": 0.0}, {""tk"": ""Apple"", ""act"": 0.0}, {""tk"": ""founder"", ""act"": 0.0}, {""tk"": ""of"", ""act"": 0.0}, {""tk"": ""Steve"", ""act"": 0.0}, {""tk"": ""Jobs"", ""act"": 0.0}, {""tk"": ""who"", ""act"": 0.0}, {""tk"": ""started"", ""act"": 0.0}, {""tk"": ""called"", ""act"": 0.0}, {""tk"": ""established"", ""act"": 0.0}]"
2_91572,2,91572,entity: The founder of Apple is Steve Jobs,entity,1,0.0,0.0,semantic,"[{""token"": ""entity"", ""index"": 1, ""distance"": 0, ""direction"": ""self""}]",n/a,Semantic,Dictionary,1.0,False,,iphone,"[{""tk"": ""iPhone"", ""act"": 11.315791130065918}, {""tk"": ""is"", ""act"": 0.0}, {""tk"": ""the"", ""act"": 0.0}, {""tk"": ""technology"", ""act"": 0.0}, {""tk"": ""company"", ""act"": 0.0}, {""tk"": ""Apple"", ""act"": 0.0}, {""tk"": ""founder"", ""act"": 0.0}, {""tk"": ""of"", ""act"": 0.0}, {""tk"": ""Steve"", ""act"": 0.0}, {""tk"": ""Jobs"", ""act"": 0.0}, {""tk"": ""who"", ""act"": 0.0}, {""tk"": ""started"", ""act"": 0.0}, {""tk"": ""called"", ""act"": 0.0}, {""tk"": ""established"", ""act"": 0.0}]"
3_66599,3,66599,entity: The founder of Apple is Steve Jobs, Jobs,9,21.73444557189941,0.5893099185751048,semantic,"[{""token"": "" Jobs"", ""index"": 9, ""distance"": 0, ""direction"": ""self""}]",n/a,Semantic,Dictionary (fallback),0.9,False,,Jobs,"[{""tk"": ""Jobs"", ""act"": 21.734445571899414}, {""tk"": ""Apple"", ""act"": 16.169097900390625}, {""tk"": ""iPhone"", ""act"": 15.3125}, {""tk"": ""founder"", ""act"": 13.962577819824219}, {""tk"": ""technology"", ""act"": 9.817445755004883}, {""tk"": ""company"", ""act"": 8.836379051208496}, {""tk"": ""Steve"", ""act"": 3.4961094856262207}, {""tk"": ""started"", ""act"": 1.8817652463912964}, {""tk"": ""of"", ""act"": 1.0519121885299683}, {""tk"": ""is"", ""act"": 0.0}, {""tk"": ""the"", ""act"": 0.0}, {""tk"": ""who"", ""act"": 0.0}, {""tk"": ""called"", ""act"": 0.0}, {""tk"": ""established"", ""act"": 0.0}]"
3_12249,3,12249,entity: The founder of Apple is Steve Jobs, of,5,13.55992603302002,0.8391045674505039,functional,"[{""token"": "" founder"", ""index"": 4, ""distance"": 1, ""direction"": ""backward""}]",json,Semantic,Dictionary,1.0,False,,of,"[{""tk"": ""of"", ""act"": 13.55992603302002}, {""tk"": ""is"", ""act"": 6.075645446777344}, {""tk"": ""the"", ""act"": 0.0}, {""tk"": ""iPhone"", ""act"": 0.0}, {""tk"": ""technology"", ""act"": 0.0}, {""tk"": ""company"", ""act"": 0.0}, {""tk"": ""Apple"", ""act"": 0.0}, {""tk"": ""founder"", ""act"": 0.0}, {""tk"": ""Steve"", ""act"": 0.0}, {""tk"": ""Jobs"", ""act"": 0.0}, {""tk"": ""who"", ""act"": 0.0}, {""tk"": ""started"", ""act"": 0.0}, {""tk"": ""called"", ""act"": 0.0}, {""tk"": ""established"", ""act"": 0.0}]"
3_61203,3,61203,entity: The founder of Apple is Steve Jobs,entity,1,0.0,0.0,semantic,"[{""token"": ""entity"", ""index"": 1, ""distance"": 0, ""direction"": ""self""}]",n/a,Relationship,,1.0,False,,(is) related,"[{""tk"": ""is"", ""act"": 0.0}, {""tk"": ""the"", ""act"": 0.0}, {""tk"": ""iPhone"", ""act"": 0.0}, {""tk"": ""technology"", ""act"": 0.0}, {""tk"": ""company"", ""act"": 0.0}, {""tk"": ""Apple"", ""act"": 0.0}, {""tk"": ""founder"", ""act"": 0.0}, {""tk"": ""of"", ""act"": 0.0}, {""tk"": ""Steve"", ""act"": 0.0}, {""tk"": ""Jobs"", ""act"": 0.0}, {""tk"": ""who"", ""act"": 0.0}, {""tk"": ""started"", ""act"": 0.0}, {""tk"": ""called"", ""act"": 0.0}, {""tk"": ""established"", ""act"": 0.0}]"
3_36390,3,36390,entity: The founder of Apple is Steve Jobs,entity,1,0.0,0.0,semantic,"[{""token"": ""entity"", ""index"": 1, ""distance"": 0, ""direction"": ""self""}]",n/a,Relationship,,1.0,False,,(is) related,"[{""tk"": ""is"", ""act"": 0.0}, {""tk"": ""the"", ""act"": 0.0}, {""tk"": ""iPhone"", ""act"": 0.0}, {""tk"": ""technology"", ""act"": 0.0}, {""tk"": ""company"", ""act"": 0.0}, {""tk"": ""Apple"", ""act"": 0.0}, {""tk"": ""founder"", ""act"": 0.0}, {""tk"": ""of"", ""act"": 0.0}, {""tk"": ""Steve"", ""act"": 0.0}, {""tk"": ""Jobs"", ""act"": 0.0}, {""tk"": ""who"", ""act"": 0.0}, {""tk"": ""started"", ""act"": 0.0}, {""tk"": ""called"", ""act"": 0.0}, {""tk"": ""established"", ""act"": 0.0}]"
3_7789,3,7789,entity: The founder of Apple is Steve Jobs,entity,1,0.0,0.0,semantic,"[{""token"": ""entity"", ""index"": 1, ""distance"": 0, ""direction"": ""self""}]",n/a,Relationship,,1.0,False,,(is) related,"[{""tk"": ""is"", ""act"": 0.0}, {""tk"": ""the"", ""act"": 0.0}, {""tk"": ""iPhone"", ""act"": 0.0}, {""tk"": ""technology"", ""act"": 0.0}, {""tk"": ""company"", ""act"": 0.0}, {""tk"": ""Apple"", ""act"": 0.0}, {""tk"": ""founder"", ""act"": 0.0}, {""tk"": ""of"", ""act"": 0.0}, {""tk"": ""Steve"", ""act"": 0.0}, {""tk"": ""Jobs"", ""act"": 0.0}, {""tk"": ""who"", ""act"": 0.0}, {""tk"": ""started"", ""act"": 0.0}, {""tk"": ""called"", ""act"": 0.0}, {""tk"": ""established"", ""act"": 0.0}]"
3_25991,3,25991,entity: The founder of Apple is Steve Jobs,entity,1,0.0,0.0,semantic,"[{""token"": ""entity"", ""index"": 1, ""distance"": 0, ""direction"": ""self""}]",n/a,Relationship,,1.0,False,,(is) related,"[{""tk"": ""is"", ""act"": 0.0}, {""tk"": ""the"", ""act"": 0.0}, {""tk"": ""iPhone"", ""act"": 0.0}, {""tk"": ""technology"", ""act"": 0.0}, {""tk"": ""company"", ""act"": 0.0}, {""tk"": ""Apple"", ""act"": 0.0}, {""tk"": ""founder"", ""act"": 0.0}, {""tk"": ""of"", ""act"": 0.0}, {""tk"": ""Steve"", ""act"": 0.0}, {""tk"": ""Jobs"", ""act"": 0.0}, {""tk"": ""who"", ""act"": 0.0}, {""tk"": ""started"", ""act"": 0.0}, {""tk"": ""called"", ""act"": 0.0}, {""tk"": ""established"", ""act"": 0.0}]"
3_52974,3,52974,entity: The founder of Apple is Steve Jobs,entity,1,0.0,0.0,semantic,"[{""token"": ""entity"", ""index"": 1, ""distance"": 0, ""direction"": ""self""}]",n/a,Relationship,,1.0,False,,(is) related,"[{""tk"": ""is"", ""act"": 0.0}, {""tk"": ""the"", ""act"": 0.0}, {""tk"": ""iPhone"", ""act"": 0.0}, {""tk"": ""technology"", ""act"": 0.0}, {""tk"": ""company"", ""act"": 0.0}, {""tk"": ""Apple"", ""act"": 0.0}, {""tk"": ""founder"", ""act"": 0.0}, {""tk"": ""of"", ""act"": 0.0}, {""tk"": ""Steve"", ""act"": 0.0}, {""tk"": ""Jobs"", ""act"": 0.0}, {""tk"": ""who"", ""act"": 0.0}, {""tk"": ""started"", ""act"": 0.0}, {""tk"": ""called"", ""act"": 0.0}, {""tk"": ""established"", ""act"": 0.0}]"
3_77354,3,77354,entity: The founder of Apple is Steve Jobs,entity,1,0.0,0.0,semantic,"[{""token"": ""entity"", ""index"": 1, ""distance"": 0, ""direction"": ""self""}]",n/a,Relationship,,1.0,False,,(is) related,"[{""tk"": ""is"", ""act"": 0.0}, {""tk"": ""the"", ""act"": 0.0}, {""tk"": ""iPhone"", ""act"": 0.0}, {""tk"": ""technology"", ""act"": 0.0}, {""tk"": ""company"", ""act"": 0.0}, {""tk"": ""Apple"", ""act"": 0.0}, {""tk"": ""founder"", ""act"": 0.0}, {""tk"": ""of"", ""act"": 0.0}, {""tk"": ""Steve"", ""act"": 0.0}, {""tk"": ""Jobs"", ""act"": 0.0}, {""tk"": ""who"", ""act"": 0.0}, {""tk"": ""started"", ""act"": 0.0}, {""tk"": ""called"", ""act"": 0.0}, {""tk"": ""established"", ""act"": 0.0}]"
3_89695,3,89695,entity: The founder of Apple is Steve Jobs,entity,1,0.0,0.0,semantic,"[{""token"": ""entity"", ""index"": 1, ""distance"": 0, ""direction"": ""self""}]",n/a,Relationship,,1.0,False,,(is) related,"[{""tk"": ""is"", ""act"": 0.0}, {""tk"": ""the"", ""act"": 0.0}, {""tk"": ""iPhone"", ""act"": 0.0}, {""tk"": ""technology"", ""act"": 0.0}, {""tk"": ""company"", ""act"": 0.0}, {""tk"": ""Apple"", ""act"": 0.0}, {""tk"": ""founder"", ""act"": 0.0}, {""tk"": ""of"", ""act"": 0.0}, {""tk"": ""Steve"", ""act"": 0.0}, {""tk"": ""Jobs"", ""act"": 0.0}, {""tk"": ""who"", ""act"": 0.0}, {""tk"": ""started"", ""act"": 0.0}, {""tk"": ""called"", ""act"": 0.0}, {""tk"": ""established"", ""act"": 0.0}]"
3_92640,3,92640,entity: The founder of Apple is Steve Jobs,entity,1,0.0,0.0,semantic,"[{""token"": ""entity"", ""index"": 1, ""distance"": 0, ""direction"": ""self""}]",n/a,Relationship,,1.0,False,,(is) related,"[{""tk"": ""is"", ""act"": 0.0}, {""tk"": ""the"", ""act"": 0.0}, {""tk"": ""iPhone"", ""act"": 0.0}, {""tk"": ""technology"", ""act"": 0.0}, {""tk"": ""company"", ""act"": 0.0}, {""tk"": ""Apple"", ""act"": 0.0}, {""tk"": ""founder"", ""act"": 0.0}, {""tk"": ""of"", ""act"": 0.0}, {""tk"": ""Steve"", ""act"": 0.0}, {""tk"": ""Jobs"", ""act"": 0.0}, {""tk"": ""who"", ""act"": 0.0}, {""tk"": ""started"", ""act"": 0.0}, {""tk"": ""called"", ""act"": 0.0}, {""tk"": ""established"", ""act"": 0.0}]"
4_83635,4,83635,entity: The founder of Apple is Steve Jobs, Apple,6,28.47957420349121,0.6871090288910563,semantic,"[{""token"": "" Apple"", ""index"": 6, ""distance"": 0, ""direction"": ""self""}]",n/a,Semantic,Concept,0.7,False,,Apple,"[{""tk"": ""Apple"", ""act"": 29.273523330688477}, {""tk"": ""iPhone"", ""act"": 26.749794006347656}, {""tk"": ""founder"", ""act"": 20.79131507873535}, {""tk"": ""company"", ""act"": 19.679771423339844}, {""tk"": ""technology"", ""act"": 15.477765083312988}, {""tk"": ""of"", ""act"": 6.801421165466309}, {""tk"": ""started"", ""act"": 5.415152549743652}, {""tk"": ""called"", ""act"": 4.690086364746094}, {""tk"": ""established"", ""act"": 4.53714656829834}, {""tk"": ""is"", ""act"": 3.837414026260376}, {""tk"": ""who"", ""act"": 3.641669511795044}, {""tk"": ""the"", ""act"": 1.723905086517334}, {""tk"": ""Steve"", ""act"": 0.0}, {""tk"": ""Jobs"", ""act"": 0.0}]"
4_61585,4,61585,entity: The founder of Apple is Steve Jobs,entity,1,0.0,0.0,semantic,"[{""token"": ""entity"", ""index"": 1, ""distance"": 0, ""direction"": ""self""}]",n/a,Relationship,,1.0,False,,(is) related,"[{""tk"": ""is"", ""act"": 0.0}, {""tk"": ""the"", ""act"": 0.0}, {""tk"": ""iPhone"", ""act"": 0.0}, {""tk"": ""technology"", ""act"": 0.0}, {""tk"": ""company"", ""act"": 0.0}, {""tk"": ""Apple"", ""act"": 0.0}, {""tk"": ""founder"", ""act"": 0.0}, {""tk"": ""of"", ""act"": 0.0}, {""tk"": ""Steve"", ""act"": 0.0}, {""tk"": ""Jobs"", ""act"": 0.0}, {""tk"": ""who"", ""act"": 0.0}, {""tk"": ""started"", ""act"": 0.0}, {""tk"": ""called"", ""act"": 0.0}, {""tk"": ""established"", ""act"": 0.0}]"
4_49272,4,49272,entity: The founder of Apple is Steve Jobs, Apple,6,0.2487431764602661,0.8888888888888888,semantic,"[{""token"": "" Apple"", ""index"": 6, ""distance"": 0, ""direction"": ""self""}]",n/a,Semantic,Concept,0.7,False,,iphone,"[{""tk"": ""iPhone"", ""act"": 2.735218048095703}, {""tk"": ""Apple"", ""act"": 0.2487431764602661}, {""tk"": ""is"", ""act"": 0.0}, {""tk"": ""the"", ""act"": 0.0}, {""tk"": ""technology"", ""act"": 0.0}, {""tk"": ""company"", ""act"": 0.0}, {""tk"": ""founder"", ""act"": 0.0}, {""tk"": ""of"", ""act"": 0.0}, {""tk"": ""Steve"", ""act"": 0.0}, {""tk"": ""Jobs"", ""act"": 0.0}, {""tk"": ""who"", ""act"": 0.0}, {""tk"": ""started"", ""act"": 0.0}, {""tk"": ""called"", ""act"": 0.0}, {""tk"": ""established"", ""act"": 0.0}]"
4_25485,4,25485,entity: The founder of Apple is Steve Jobs,entity,1,0.0,0.0,semantic,"[{""token"": ""entity"", ""index"": 1, ""distance"": 0, ""direction"": ""self""}]",n/a,Relationship,,1.0,False,,(is) related,"[{""tk"": ""is"", ""act"": 0.0}, {""tk"": ""the"", ""act"": 0.0}, {""tk"": ""iPhone"", ""act"": 0.0}, {""tk"": ""technology"", ""act"": 0.0}, {""tk"": ""company"", ""act"": 0.0}, {""tk"": ""Apple"", ""act"": 0.0}, {""tk"": ""founder"", ""act"": 0.0}, {""tk"": ""of"", ""act"": 0.0}, {""tk"": ""Steve"", ""act"": 0.0}, {""tk"": ""Jobs"", ""act"": 0.0}, {""tk"": ""who"", ""act"": 0.0}, {""tk"": ""started"", ""act"": 0.0}, {""tk"": ""called"", ""act"": 0.0}, {""tk"": ""established"", ""act"": 0.0}]"
4_50389,4,50389,entity: The founder of Apple is Steve Jobs,entity,1,0.0,0.0,semantic,"[{""token"": ""entity"", ""index"": 1, ""distance"": 0, ""direction"": ""self""}]",n/a,Relationship,,1.0,False,,(is) related,"[{""tk"": ""is"", ""act"": 0.0}, {""tk"": ""the"", ""act"": 0.0}, {""tk"": ""iPhone"", ""act"": 0.0}, {""tk"": ""technology"", ""act"": 0.0}, {""tk"": ""company"", ""act"": 0.0}, {""tk"": ""Apple"", ""act"": 0.0}, {""tk"": ""founder"", ""act"": 0.0}, {""tk"": ""of"", ""act"": 0.0}, {""tk"": ""Steve"", ""act"": 0.0}, {""tk"": ""Jobs"", ""act"": 0.0}, {""tk"": ""who"", ""act"": 0.0}, {""tk"": ""started"", ""act"": 0.0}, {""tk"": ""called"", ""act"": 0.0}, {""tk"": ""established"", ""act"": 0.0}]"
4_53843,4,53843,entity: The founder of Apple is Steve Jobs,entity,1,0.0,0.0,semantic,"[{""token"": ""entity"", ""index"": 1, ""distance"": 0, ""direction"": ""self""}]",n/a,Semantic,Concept,0.7,False,,founder,"[{""tk"": ""founder"", ""act"": 0.08846926689147949}, {""tk"": ""is"", ""act"": 0.0}, {""tk"": ""the"", ""act"": 0.0}, {""tk"": ""iPhone"", ""act"": 0.0}, {""tk"": ""technology"", ""act"": 0.0}, {""tk"": ""company"", ""act"": 0.0}, {""tk"": ""Apple"", ""act"": 0.0}, {""tk"": ""of"", ""act"": 0.0}, {""tk"": ""Steve"", ""act"": 0.0}, {""tk"": ""Jobs"", ""act"": 0.0}, {""tk"": ""who"", ""act"": 0.0}, {""tk"": ""started"", ""act"": 0.0}, {""tk"": ""called"", ""act"": 0.0}, {""tk"": ""established"", ""act"": 0.0}]"
4_65972,4,65972,entity: The founder of Apple is Steve Jobs,entity,1,0.0,0.0,semantic,"[{""token"": ""entity"", ""index"": 1, ""distance"": 0, ""direction"": ""self""}]",n/a,Semantic,Concept,0.7,False,,company,"[{""tk"": ""company"", ""act"": 0.7668347358703613}, {""tk"": ""is"", ""act"": 0.0}, {""tk"": ""the"", ""act"": 0.0}, {""tk"": ""iPhone"", ""act"": 0.0}, {""tk"": ""technology"", ""act"": 0.0}, {""tk"": ""Apple"", ""act"": 0.0}, {""tk"": ""founder"", ""act"": 0.0}, {""tk"": ""of"", ""act"": 0.0}, {""tk"": ""Steve"", ""act"": 0.0}, {""tk"": ""Jobs"", ""act"": 0.0}, {""tk"": ""who"", ""act"": 0.0}, {""tk"": ""started"", ""act"": 0.0}, {""tk"": ""called"", ""act"": 0.0}, {""tk"": ""established"", ""act"": 0.0}]"
5_1551,5,1551,entity: The founder of Apple is Steve Jobs,entity,1,37.90834045410156,0.888888888888889,semantic,"[{""token"": ""entity"", ""index"": 1, ""distance"": 0, ""direction"": ""self""}]",n/a,Semantic,Concept,0.7,False,,Semantic (unknown),"[{""tk"": ""is"", ""act"": 0.0}, {""tk"": ""the"", ""act"": 0.0}, {""tk"": ""iPhone"", ""act"": 0.0}, {""tk"": ""technology"", ""act"": 0.0}, {""tk"": ""company"", ""act"": 0.0}, {""tk"": ""Apple"", ""act"": 0.0}, {""tk"": ""founder"", ""act"": 0.0}, {""tk"": ""of"", ""act"": 0.0}, {""tk"": ""Steve"", ""act"": 0.0}, {""tk"": ""Jobs"", ""act"": 0.0}, {""tk"": ""who"", ""act"": 0.0}, {""tk"": ""started"", ""act"": 0.0}, {""tk"": ""called"", ""act"": 0.0}, {""tk"": ""established"", ""act"": 0.0}]"
5_95640,5,95640,entity: The founder of Apple is Steve Jobs,entity,1,24.504920959472656,0.8888888888888888,semantic,"[{""token"": ""entity"", ""index"": 1, ""distance"": 0, ""direction"": ""self""}]",n/a,Semantic,Concept,0.7,False,,Semantic (unknown),"[{""tk"": ""is"", ""act"": 0.0}, {""tk"": ""the"", ""act"": 0.0}, {""tk"": ""iPhone"", ""act"": 0.0}, {""tk"": ""technology"", ""act"": 0.0}, {""tk"": ""company"", ""act"": 0.0}, {""tk"": ""Apple"", ""act"": 0.0}, {""tk"": ""founder"", ""act"": 0.0}, {""tk"": ""of"", ""act"": 0.0}, {""tk"": ""Steve"", ""act"": 0.0}, {""tk"": ""Jobs"", ""act"": 0.0}, {""tk"": ""who"", ""act"": 0.0}, {""tk"": ""started"", ""act"": 0.0}, {""tk"": ""called"", ""act"": 0.0}, {""tk"": ""established"", ""act"": 0.0}]"
5_97304,5,97304,entity: The founder of Apple is Steve Jobs, Jobs,9,9.227739334106444,0.7463541987119223,semantic,"[{""token"": "" Jobs"", ""index"": 9, ""distance"": 0, ""direction"": ""self""}]",n/a,Semantic,Concept,0.7,False,,Apple,"[{""tk"": ""Apple"", ""act"": 10.507890701293945}, {""tk"": ""iPhone"", ""act"": 9.699518203735352}, {""tk"": ""Jobs"", ""act"": 9.227739334106445}, {""tk"": ""Steve"", ""act"": 0.9180450439453125}, {""tk"": ""is"", ""act"": 0.0}, {""tk"": ""the"", ""act"": 0.0}, {""tk"": ""technology"", ""act"": 0.0}, {""tk"": ""company"", ""act"": 0.0}, {""tk"": ""founder"", ""act"": 0.0}, {""tk"": ""of"", ""act"": 0.0}, {""tk"": ""who"", ""act"": 0.0}, {""tk"": ""started"", ""act"": 0.0}, {""tk"": ""called"", ""act"": 0.0}, {""tk"": ""established"", ""act"": 0.0}]"
5_26299,5,26299,entity: The founder of Apple is Steve Jobs,entity,1,0.0,0.0,semantic,"[{""token"": ""entity"", ""index"": 1, ""distance"": 0, ""direction"": ""self""}]",n/a,Relationship,,1.0,False,,(is) related,"[{""tk"": ""is"", ""act"": 0.0}, {""tk"": ""the"", ""act"": 0.0}, {""tk"": ""iPhone"", ""act"": 0.0}, {""tk"": ""technology"", ""act"": 0.0}, {""tk"": ""company"", ""act"": 0.0}, {""tk"": ""Apple"", ""act"": 0.0}, {""tk"": ""founder"", ""act"": 0.0}, {""tk"": ""of"", ""act"": 0.0}, {""tk"": ""Steve"", ""act"": 0.0}, {""tk"": ""Jobs"", ""act"": 0.0}, {""tk"": ""who"", ""act"": 0.0}, {""tk"": ""started"", ""act"": 0.0}, {""tk"": ""called"", ""act"": 0.0}, {""tk"": ""established"", ""act"": 0.0}]"
5_42294,5,42294,entity: The founder of Apple is Steve Jobs,entity,1,0.0,0.0,semantic,"[{""token"": ""entity"", ""index"": 1, ""distance"": 0, ""direction"": ""self""}]",n/a,Relationship,,1.0,False,,(is) related,"[{""tk"": ""is"", ""act"": 0.0}, {""tk"": ""the"", ""act"": 0.0}, {""tk"": ""iPhone"", ""act"": 0.0}, {""tk"": ""technology"", ""act"": 0.0}, {""tk"": ""company"", ""act"": 0.0}, {""tk"": ""Apple"", ""act"": 0.0}, {""tk"": ""founder"", ""act"": 0.0}, {""tk"": ""of"", ""act"": 0.0}, {""tk"": ""Steve"", ""act"": 0.0}, {""tk"": ""Jobs"", ""act"": 0.0}, {""tk"": ""who"", ""act"": 0.0}, {""tk"": ""started"", ""act"": 0.0}, {""tk"": ""called"", ""act"": 0.0}, {""tk"": ""established"", ""act"": 0.0}]"
5_54263,5,54263,entity: The founder of Apple is Steve Jobs,entity,1,0.0,0.0,semantic,"[{""token"": ""entity"", ""index"": 1, ""distance"": 0, ""direction"": ""self""}]",n/a,Relationship,,1.0,False,,(is) related,"[{""tk"": ""is"", ""act"": 0.0}, {""tk"": ""the"", ""act"": 0.0}, {""tk"": ""iPhone"", ""act"": 0.0}, {""tk"": ""technology"", ""act"": 0.0}, {""tk"": ""company"", ""act"": 0.0}, {""tk"": ""Apple"", ""act"": 0.0}, {""tk"": ""founder"", ""act"": 0.0}, {""tk"": ""of"", ""act"": 0.0}, {""tk"": ""Steve"", ""act"": 0.0}, {""tk"": ""Jobs"", ""act"": 0.0}, {""tk"": ""who"", ""act"": 0.0}, {""tk"": ""started"", ""act"": 0.0}, {""tk"": ""called"", ""act"": 0.0}, {""tk"": ""established"", ""act"": 0.0}]"
6_22143,6,22143,entity: The founder of Apple is Steve Jobs,entity,1,23.50536346435547,0.4432724117324493,semantic,"[{""token"": ""entity"", ""index"": 1, ""distance"": 0, ""direction"": ""self""}]",n/a,Semantic,Concept,0.7,False,,company,"[{""tk"": ""Apple"", ""act"": 22.002117156982422}, {""tk"": ""company"", ""act"": 21.061681747436523}, {""tk"": ""called"", ""act"": 19.890174865722656}, {""tk"": ""is"", ""act"": 19.172073364257812}, {""tk"": ""technology"", ""act"": 15.491524696350098}, {""tk"": ""the"", ""act"": 15.198439598083496}, {""tk"": ""Jobs"", ""act"": 13.937668800354004}, {""tk"": ""founder"", ""act"": 12.949738502502441}, {""tk"": ""of"", ""act"": 8.630607604980469}, {""tk"": ""iPhone"", ""act"": 7.2083420753479}, {""tk"": ""started"", ""act"": 6.396762371063232}, {""tk"": ""who"", ""act"": 4.663736820220947}, {""tk"": ""established"", ""act"": 3.2520933151245117}, {""tk"": ""Steve"", ""act"": 0.0}]"
6_67161,6,67161,entity: The founder of Apple is Steve Jobs, Apple,6,14.257761001586914,0.8888888888888888,semantic,"[{""token"": "" Apple"", ""index"": 6, ""distance"": 0, ""direction"": ""self""}]",n/a,Semantic,Concept,0.7,False,,iphone,"[{""tk"": ""iPhone"", ""act"": 16.878387451171875}, {""tk"": ""Apple"", ""act"": 14.257761001586914}, {""tk"": ""is"", ""act"": 0.0}, {""tk"": ""the"", ""act"": 0.0}, {""tk"": ""technology"", ""act"": 0.0}, {""tk"": ""company"", ""act"": 0.0}, {""tk"": ""founder"", ""act"": 0.0}, {""tk"": ""of"", ""act"": 0.0}, {""tk"": ""Steve"", ""act"": 0.0}, {""tk"": ""Jobs"", ""act"": 0.0}, {""tk"": ""who"", ""act"": 0.0}, {""tk"": ""started"", ""act"": 0.0}, {""tk"": ""called"", ""act"": 0.0}, {""tk"": ""established"", ""act"": 0.0}]"
6_32160,6,32160,entity: The founder of Apple is Steve Jobs, Apple,6,8.404762268066406,0.8888888888888888,semantic,"[{""token"": "" Apple"", ""index"": 6, ""distance"": 0, ""direction"": ""self""}]",n/a,Semantic,Concept,0.7,False,,iphone,"[{""tk"": ""iPhone"", ""act"": 9.09296989440918}, {""tk"": ""Apple"", ""act"": 8.404762268066406}, {""tk"": ""company"", ""act"": 3.5738229751586914}, {""tk"": ""technology"", ""act"": 2.721566677093506}, {""tk"": ""is"", ""act"": 0.0}, {""tk"": ""the"", ""act"": 0.0}, {""tk"": ""founder"", ""act"": 0.0}, {""tk"": ""of"", ""act"": 0.0}, {""tk"": ""Steve"", ""act"": 0.0}, {""tk"": ""Jobs"", ""act"": 0.0}, {""tk"": ""who"", ""act"": 0.0}, {""tk"": ""started"", ""act"": 0.0}, {""tk"": ""called"", ""act"": 0.0}, {""tk"": ""established"", ""act"": 0.0}]"
6_16539,6,16539,entity: The founder of Apple is Steve Jobs, founder,4,7.115179061889648,0.7273327216031797,semantic,"[{""token"": "" founder"", ""index"": 4, ""distance"": 0, ""direction"": ""self""}]",n/a,Semantic,Concept,0.7,False,,founder,"[{""tk"": ""founder"", ""act"": 7.115179061889648}, {""tk"": ""established"", ""act"": 5.883291244506836}, {""tk"": ""is"", ""act"": 5.590049743652344}, {""tk"": ""started"", ""act"": 4.993588447570801}, {""tk"": ""of"", ""act"": 4.755459785461426}, {""tk"": ""company"", ""act"": 3.195023775100708}, {""tk"": ""the"", ""act"": 0.0}, {""tk"": ""iPhone"", ""act"": 0.0}, {""tk"": ""technology"", ""act"": 0.0}, {""tk"": ""Apple"", ""act"": 0.0}, {""tk"": ""Steve"", ""act"": 0.0}, {""tk"": ""Jobs"", ""act"": 0.0}, {""tk"": ""who"", ""act"": 0.0}, {""tk"": ""called"", ""act"": 0.0}]"
6_62464,6,62464,entity: The founder of Apple is Steve Jobs, is,7,0.0274510383605957,0.888888888888889,functional,"[{""token"": "" Steve"", ""index"": 8, ""distance"": 1, ""direction"": ""forward""}]",json,Semantic,Ambiguous,0.3,True,"Ambiguous: peak_cons=0.20, n_peaks=1, func_vs_sem=100.0%, layer=6",is,"[{""tk"": ""is"", ""act"": 0.027451038360595703}, {""tk"": ""the"", ""act"": 0.0}, {""tk"": ""iPhone"", ""act"": 0.0}, {""tk"": ""technology"", ""act"": 0.0}, {""tk"": ""company"", ""act"": 0.0}, {""tk"": ""Apple"", ""act"": 0.0}, {""tk"": ""founder"", ""act"": 0.0}, {""tk"": ""of"", ""act"": 0.0}, {""tk"": ""Steve"", ""act"": 0.0}, {""tk"": ""Jobs"", ""act"": 0.0}, {""tk"": ""who"", ""act"": 0.0}, {""tk"": ""started"", ""act"": 0.0}, {""tk"": ""called"", ""act"": 0.0}, {""tk"": ""established"", ""act"": 0.0}]"
6_5981,6,5981,entity: The founder of Apple is Steve Jobs,entity,1,0.0,0.0,semantic,"[{""token"": ""entity"", ""index"": 1, ""distance"": 0, ""direction"": ""self""}]",n/a,Relationship,,1.0,False,,(is) related,"[{""tk"": ""is"", ""act"": 0.0}, {""tk"": ""the"", ""act"": 0.0}, {""tk"": ""iPhone"", ""act"": 0.0}, {""tk"": ""technology"", ""act"": 0.0}, {""tk"": ""company"", ""act"": 0.0}, {""tk"": ""Apple"", ""act"": 0.0}, {""tk"": ""founder"", ""act"": 0.0}, {""tk"": ""of"", ""act"": 0.0}, {""tk"": ""Steve"", ""act"": 0.0}, {""tk"": ""Jobs"", ""act"": 0.0}, {""tk"": ""who"", ""act"": 0.0}, {""tk"": ""started"", ""act"": 0.0}, {""tk"": ""called"", ""act"": 0.0}, {""tk"": ""established"", ""act"": 0.0}]"
6_22808,6,22808,entity: The founder of Apple is Steve Jobs,entity,1,0.0,0.0,semantic,"[{""token"": ""entity"", ""index"": 1, ""distance"": 0, ""direction"": ""self""}]",n/a,Semantic,Dictionary,1.0,False,,iphone,"[{""tk"": ""iPhone"", ""act"": 48.54792785644531}, {""tk"": ""is"", ""act"": 0.0}, {""tk"": ""the"", ""act"": 0.0}, {""tk"": ""technology"", ""act"": 0.0}, {""tk"": ""company"", ""act"": 0.0}, {""tk"": ""Apple"", ""act"": 0.0}, {""tk"": ""founder"", ""act"": 0.0}, {""tk"": ""of"", ""act"": 0.0}, {""tk"": ""Steve"", ""act"": 0.0}, {""tk"": ""Jobs"", ""act"": 0.0}, {""tk"": ""who"", ""act"": 0.0}, {""tk"": ""started"", ""act"": 0.0}, {""tk"": ""called"", ""act"": 0.0}, {""tk"": ""established"", ""act"": 0.0}]"
6_24069,6,24069,entity: The founder of Apple is Steve Jobs,entity,1,0.0,0.0,semantic,"[{""token"": ""entity"", ""index"": 1, ""distance"": 0, ""direction"": ""self""}]",n/a,Relationship,,1.0,False,,(is) related,"[{""tk"": ""is"", ""act"": 0.0}, {""tk"": ""the"", ""act"": 0.0}, {""tk"": ""iPhone"", ""act"": 0.0}, {""tk"": ""technology"", ""act"": 0.0}, {""tk"": ""company"", ""act"": 0.0}, {""tk"": ""Apple"", ""act"": 0.0}, {""tk"": ""founder"", ""act"": 0.0}, {""tk"": ""of"", ""act"": 0.0}, {""tk"": ""Steve"", ""act"": 0.0}, {""tk"": ""Jobs"", ""act"": 0.0}, {""tk"": ""who"", ""act"": 0.0}, {""tk"": ""started"", ""act"": 0.0}, {""tk"": ""called"", ""act"": 0.0}, {""tk"": ""established"", ""act"": 0.0}]"
7_66851,7,66851,entity: The founder of Apple is Steve Jobs, The,3,49.6574592590332,0.2846379477664284,functional,"[{""token"": "" founder"", ""index"": 4, ""distance"": 1, ""direction"": ""forward""}]",json,Relationship,,1.0,False,,(The) related,"[{""tk"": ""The"", ""act"": 49.6574592590332}, {""tk"": ""technology"", ""act"": 42.79720687866211}, {""tk"": ""founder"", ""act"": 42.7050895690918}, {""tk"": ""started"", ""act"": 40.24308776855469}, {""tk"": ""of"", ""act"": 37.997066497802734}, {""tk"": ""Jobs"", ""act"": 36.86534118652344}, {""tk"": ""company"", ""act"": 32.645748138427734}, {""tk"": ""is"", ""act"": 32.06440353393555}, {""tk"": ""Apple"", ""act"": 31.23112678527832}, {""tk"": ""called"", ""act"": 31.141996383666992}, {""tk"": ""established"", ""act"": 29.129192352294922}, {""tk"": ""iPhone"", ""act"": 26.690139770507812}, {""tk"": ""who"", ""act"": 25.22102928161621}, {""tk"": ""Steve"", ""act"": 21.973251342773438}]"
7_93139,7,93139,entity: The founder of Apple is Steve Jobs, Apple,6,39.6134147644043,0.8409671786751971,semantic,"[{""token"": "" Apple"", ""index"": 6, ""distance"": 0, ""direction"": ""self""}]",n/a,Semantic,Concept,0.7,False,,Apple,"[{""tk"": ""Apple"", ""act"": 46.836097717285156}, {""tk"": ""iPhone"", ""act"": 18.840980529785156}, {""tk"": ""Jobs"", ""act"": 16.64583396911621}, {""tk"": ""is"", ""act"": 0.43924927711486816}, {""tk"": ""the"", ""act"": 0.0}, {""tk"": ""technology"", ""act"": 0.0}, {""tk"": ""company"", ""act"": 0.0}, {""tk"": ""founder"", ""act"": 0.0}, {""tk"": ""of"", ""act"": 0.0}, {""tk"": ""Steve"", ""act"": 0.0}, {""tk"": ""who"", ""act"": 0.0}, {""tk"": ""started"", ""act"": 0.0}, {""tk"": ""called"", ""act"": 0.0}, {""tk"": ""established"", ""act"": 0.0}]"
7_11873,7,11873,entity: The founder of Apple is Steve Jobs, is,7,22.19942855834961,0.8856807065268497,functional,"[{""token"": "" Steve"", ""index"": 8, ""distance"": 1, ""direction"": ""forward""}]",json,"Say ""X""",,1.0,False,,Say (Steve),"[{""tk"": ""is"", ""act"": 22.19942855834961}, {""tk"": ""Apple"", ""act"": 0.6409783363342285}, {""tk"": ""the"", ""act"": 0.0}, {""tk"": ""iPhone"", ""act"": 0.0}, {""tk"": ""technology"", ""act"": 0.0}, {""tk"": ""company"", ""act"": 0.0}, {""tk"": ""founder"", ""act"": 0.0}, {""tk"": ""of"", ""act"": 0.0}, {""tk"": ""Steve"", ""act"": 0.0}, {""tk"": ""Jobs"", ""act"": 0.0}, {""tk"": ""who"", ""act"": 0.0}, {""tk"": ""started"", ""act"": 0.0}, {""tk"": ""called"", ""act"": 0.0}, {""tk"": ""established"", ""act"": 0.0}]"
7_2079,7,2079,entity: The founder of Apple is Steve Jobs, is,7,11.908857345581056,0.6579469678619803,functional,"[{""token"": "" Steve"", ""index"": 8, ""distance"": 1, ""direction"": ""forward""}]",json,Semantic,Concept,0.7021985009678795,False,,founder,"[{""tk"": ""founder"", ""act"": 16.959388732910156}, {""tk"": ""company"", ""act"": 13.919597625732422}, {""tk"": ""is"", ""act"": 11.908857345581055}, {""tk"": ""Steve"", ""act"": 8.737485885620117}, {""tk"": ""the"", ""act"": 8.54307746887207}, {""tk"": ""Apple"", ""act"": 4.928235054016113}, {""tk"": ""Jobs"", ""act"": 3.651355504989624}, {""tk"": ""called"", ""act"": 1.868877649307251}, {""tk"": ""of"", ""act"": 1.3174381256103516}, {""tk"": ""iPhone"", ""act"": 0.0}, {""tk"": ""technology"", ""act"": 0.0}, {""tk"": ""who"", ""act"": 0.0}, {""tk"": ""started"", ""act"": 0.0}, {""tk"": ""established"", ""act"": 0.0}]"
7_33532,7,33532,entity: The founder of Apple is Steve Jobs, is,7,11.82895851135254,0.8717311025476212,functional,"[{""token"": "" Steve"", ""index"": 8, ""distance"": 1, ""direction"": ""forward""}]",json,"Say ""X""",,1.0,False,,Say (Steve),"[{""tk"": ""is"", ""act"": 11.828958511352539}, {""tk"": ""Steve"", ""act"": 1.8266286849975586}, {""tk"": ""company"", ""act"": 0.6913690567016602}, {""tk"": ""the"", ""act"": 0.0}, {""tk"": ""iPhone"", ""act"": 0.0}, {""tk"": ""technology"", ""act"": 0.0}, {""tk"": ""Apple"", ""act"": 0.0}, {""tk"": ""founder"", ""act"": 0.0}, {""tk"": ""of"", ""act"": 0.0}, {""tk"": ""Jobs"", ""act"": 0.0}, {""tk"": ""who"", ""act"": 0.0}, {""tk"": ""started"", ""act"": 0.0}, {""tk"": ""called"", ""act"": 0.0}, {""tk"": ""established"", ""act"": 0.0}]"
7_16578,7,16578,entity: The founder of Apple is Steve Jobs, is,7,0.220649242401123,0.8888888888888888,functional,"[{""token"": "" Steve"", ""index"": 8, ""distance"": 1, ""direction"": ""forward""}]",json,"Say ""X""",,1.0,False,,Say (Steve),"[{""tk"": ""is"", ""act"": 0.22064924240112305}, {""tk"": ""the"", ""act"": 0.0}, {""tk"": ""iPhone"", ""act"": 0.0}, {""tk"": ""technology"", ""act"": 0.0}, {""tk"": ""company"", ""act"": 0.0}, {""tk"": ""Apple"", ""act"": 0.0}, {""tk"": ""founder"", ""act"": 0.0}, {""tk"": ""of"", ""act"": 0.0}, {""tk"": ""Steve"", ""act"": 0.0}, {""tk"": ""Jobs"", ""act"": 0.0}, {""tk"": ""who"", ""act"": 0.0}, {""tk"": ""started"", ""act"": 0.0}, {""tk"": ""called"", ""act"": 0.0}, {""tk"": ""established"", ""act"": 0.0}]"
7_70719,7,70719,entity: The founder of Apple is Steve Jobs, is,7,3.7739624977111816,0.8079556674897194,functional,"[{""token"": "" Steve"", ""index"": 8, ""distance"": 1, ""direction"": ""forward""}]",json,"Say ""X""",,1.0,False,,Say (Steve),"[{""tk"": ""is"", ""act"": 3.7739624977111816}, {""tk"": ""Steve"", ""act"": 2.748950481414795}, {""tk"": ""the"", ""act"": 0.0}, {""tk"": ""iPhone"", ""act"": 0.0}, {""tk"": ""technology"", ""act"": 0.0}, {""tk"": ""company"", ""act"": 0.0}, {""tk"": ""Apple"", ""act"": 0.0}, {""tk"": ""founder"", ""act"": 0.0}, {""tk"": ""of"", ""act"": 0.0}, {""tk"": ""Jobs"", ""act"": 0.0}, {""tk"": ""who"", ""act"": 0.0}, {""tk"": ""started"", ""act"": 0.0}, {""tk"": ""called"", ""act"": 0.0}, {""tk"": ""established"", ""act"": 0.0}]"
7_3975,7,3975,entity: The founder of Apple is Steve Jobs, is,7,0.2435393333435058,0.888888888888889,functional,"[{""token"": "" Steve"", ""index"": 8, ""distance"": 1, ""direction"": ""forward""}]",json,"Say ""X""",,1.0,False,,Say (called),"[{""tk"": ""is"", ""act"": 0.6776852607727051}, {""tk"": ""the"", ""act"": 0.0}, {""tk"": ""iPhone"", ""act"": 0.0}, {""tk"": ""technology"", ""act"": 0.0}, {""tk"": ""company"", ""act"": 0.0}, {""tk"": ""Apple"", ""act"": 0.0}, {""tk"": ""founder"", ""act"": 0.0}, {""tk"": ""of"", ""act"": 0.0}, {""tk"": ""Steve"", ""act"": 0.0}, {""tk"": ""Jobs"", ""act"": 0.0}, {""tk"": ""who"", ""act"": 0.0}, {""tk"": ""started"", ""act"": 0.0}, {""tk"": ""called"", ""act"": 0.0}, {""tk"": ""established"", ""act"": 0.0}]"
7_19995,7,19995,entity: The founder of Apple is Steve Jobs,entity,1,0.0,0.0,semantic,"[{""token"": ""entity"", ""index"": 1, ""distance"": 0, ""direction"": ""self""}]",n/a,Relationship,,1.0,False,,(is) related,"[{""tk"": ""is"", ""act"": 0.0}, {""tk"": ""the"", ""act"": 0.0}, {""tk"": ""iPhone"", ""act"": 0.0}, {""tk"": ""technology"", ""act"": 0.0}, {""tk"": ""company"", ""act"": 0.0}, {""tk"": ""Apple"", ""act"": 0.0}, {""tk"": ""founder"", ""act"": 0.0}, {""tk"": ""of"", ""act"": 0.0}, {""tk"": ""Steve"", ""act"": 0.0}, {""tk"": ""Jobs"", ""act"": 0.0}, {""tk"": ""who"", ""act"": 0.0}, {""tk"": ""started"", ""act"": 0.0}, {""tk"": ""called"", ""act"": 0.0}, {""tk"": ""established"", ""act"": 0.0}]"
8_37691,8,37691,entity: The founder of Apple is Steve Jobs, Apple,6,50.39360809326172,0.5498409981634143,semantic,"[{""token"": "" Apple"", ""index"": 6, ""distance"": 0, ""direction"": ""self""}]",n/a,Semantic,Concept,0.7,False,,Apple,"[{""tk"": ""Apple"", ""act"": 50.39360809326172}, {""tk"": ""technology"", ""act"": 42.32038497924805}, {""tk"": ""iPhone"", ""act"": 40.64215850830078}, {""tk"": ""Jobs"", ""act"": 39.74195861816406}, {""tk"": ""company"", ""act"": 29.09471893310547}, {""tk"": ""is"", ""act"": 24.91400718688965}, {""tk"": ""of"", ""act"": 20.2155818939209}, {""tk"": ""founder"", ""act"": 19.808534622192383}, {""tk"": ""The"", ""act"": 17.78764533996582}, {""tk"": ""started"", ""act"": 15.96922492980957}, {""tk"": ""Steve"", ""act"": 14.52833366394043}, {""tk"": ""who"", ""act"": 13.755594253540039}, {""tk"": ""called"", ""act"": 2.6217615604400635}, {""tk"": ""established"", ""act"": 1.7261515855789185}]"
8_6898,8,6898,entity: The founder of Apple is Steve Jobs, Jobs,9,31.87445068359375,0.7537971303248308,semantic,"[{""token"": "" Jobs"", ""index"": 9, ""distance"": 0, ""direction"": ""self""}]",n/a,Semantic,Dictionary,1.0,False,,Jobs,"[{""tk"": ""Jobs"", ""act"": 31.87445068359375}, {""tk"": ""is"", ""act"": 19.704254150390625}, {""tk"": ""Steve"", ""act"": 19.04952621459961}, {""tk"": ""the"", ""act"": 0.0}, {""tk"": ""iPhone"", ""act"": 0.0}, {""tk"": ""technology"", ""act"": 0.0}, {""tk"": ""company"", ""act"": 0.0}, {""tk"": ""Apple"", ""act"": 0.0}, {""tk"": ""founder"", ""act"": 0.0}, {""tk"": ""of"", ""act"": 0.0}, {""tk"": ""who"", ""act"": 0.0}, {""tk"": ""started"", ""act"": 0.0}, {""tk"": ""called"", ""act"": 0.0}, {""tk"": ""established"", ""act"": 0.0}]"
8_25440,8,25440,entity: The founder of Apple is Steve Jobs, is,7,11.09250545501709,0.8888888888888888,functional,"[{""token"": "" Steve"", ""index"": 8, ""distance"": 1, ""direction"": ""forward""}]",json,"Say ""X""",,1.0,False,,Say (Steve),"[{""tk"": ""is"", ""act"": 11.09250545501709}, {""tk"": ""the"", ""act"": 0.0}, {""tk"": ""iPhone"", ""act"": 0.0}, {""tk"": ""technology"", ""act"": 0.0}, {""tk"": ""company"", ""act"": 0.0}, {""tk"": ""Apple"", ""act"": 0.0}, {""tk"": ""founder"", ""act"": 0.0}, {""tk"": ""of"", ""act"": 0.0}, {""tk"": ""Steve"", ""act"": 0.0}, {""tk"": ""Jobs"", ""act"": 0.0}, {""tk"": ""who"", ""act"": 0.0}, {""tk"": ""started"", ""act"": 0.0}, {""tk"": ""called"", ""act"": 0.0}, {""tk"": ""established"", ""act"": 0.0}]"
8_27661,8,27661,entity: The founder of Apple is Steve Jobs, is,7,6.962493419647217,0.8888888888888888,functional,"[{""token"": "" Steve"", ""index"": 8, ""distance"": 1, ""direction"": ""forward""}]",json,"Say ""X""",,1.0,False,,Say (Steve),"[{""tk"": ""is"", ""act"": 6.962493419647217}, {""tk"": ""the"", ""act"": 0.0}, {""tk"": ""iPhone"", ""act"": 0.0}, {""tk"": ""technology"", ""act"": 0.0}, {""tk"": ""company"", ""act"": 0.0}, {""tk"": ""Apple"", ""act"": 0.0}, {""tk"": ""founder"", ""act"": 0.0}, {""tk"": ""of"", ""act"": 0.0}, {""tk"": ""Steve"", ""act"": 0.0}, {""tk"": ""Jobs"", ""act"": 0.0}, {""tk"": ""who"", ""act"": 0.0}, {""tk"": ""started"", ""act"": 0.0}, {""tk"": ""called"", ""act"": 0.0}, {""tk"": ""established"", ""act"": 0.0}]"
8_60437,8,60437,entity: The founder of Apple is Steve Jobs, is,7,3.4731979370117188,0.8888888888888888,functional,"[{""token"": "" Steve"", ""index"": 8, ""distance"": 1, ""direction"": ""forward""}]",json,"Say ""X""",,1.0,False,,Say (Steve),"[{""tk"": ""is"", ""act"": 3.4731979370117188}, {""tk"": ""the"", ""act"": 0.0}, {""tk"": ""iPhone"", ""act"": 0.0}, {""tk"": ""technology"", ""act"": 0.0}, {""tk"": ""company"", ""act"": 0.0}, {""tk"": ""Apple"", ""act"": 0.0}, {""tk"": ""founder"", ""act"": 0.0}, {""tk"": ""of"", ""act"": 0.0}, {""tk"": ""Steve"", ""act"": 0.0}, {""tk"": ""Jobs"", ""act"": 0.0}, {""tk"": ""who"", ""act"": 0.0}, {""tk"": ""started"", ""act"": 0.0}, {""tk"": ""called"", ""act"": 0.0}, {""tk"": ""established"", ""act"": 0.0}]"
8_45733,8,45733,entity: The founder of Apple is Steve Jobs, Apple,6,2.3936026096343994,0.888888888888889,semantic,"[{""token"": "" Apple"", ""index"": 6, ""distance"": 0, ""direction"": ""self""}]",n/a,Semantic,Concept,0.7,False,,iphone,"[{""tk"": ""iPhone"", ""act"": 16.869352340698242}, {""tk"": ""Apple"", ""act"": 3.071747064590454}, {""tk"": ""is"", ""act"": 0.5286533832550049}, {""tk"": ""the"", ""act"": 0.0}, {""tk"": ""technology"", ""act"": 0.0}, {""tk"": ""company"", ""act"": 0.0}, {""tk"": ""founder"", ""act"": 0.0}, {""tk"": ""of"", ""act"": 0.0}, {""tk"": ""Steve"", ""act"": 0.0}, {""tk"": ""Jobs"", ""act"": 0.0}, {""tk"": ""who"", ""act"": 0.0}, {""tk"": ""started"", ""act"": 0.0}, {""tk"": ""called"", ""act"": 0.0}, {""tk"": ""established"", ""act"": 0.0}]"
8_91305,8,91305,entity: The founder of Apple is Steve Jobs,entity,1,0.0,0.0,semantic,"[{""token"": ""entity"", ""index"": 1, ""distance"": 0, ""direction"": ""self""}]",n/a,Semantic,Dictionary,1.0,False,,iphone,"[{""tk"": ""iPhone"", ""act"": 2.5748400688171387}, {""tk"": ""is"", ""act"": 0.0}, {""tk"": ""the"", ""act"": 0.0}, {""tk"": ""technology"", ""act"": 0.0}, {""tk"": ""company"", ""act"": 0.0}, {""tk"": ""Apple"", ""act"": 0.0}, {""tk"": ""founder"", ""act"": 0.0}, {""tk"": ""of"", ""act"": 0.0}, {""tk"": ""Steve"", ""act"": 0.0}, {""tk"": ""Jobs"", ""act"": 0.0}, {""tk"": ""who"", ""act"": 0.0}, {""tk"": ""started"", ""act"": 0.0}, {""tk"": ""called"", ""act"": 0.0}, {""tk"": ""established"", ""act"": 0.0}]"
8_14420,8,14420,entity: The founder of Apple is Steve Jobs,entity,1,0.0,0.0,semantic,"[{""token"": ""entity"", ""index"": 1, ""distance"": 0, ""direction"": ""self""}]",n/a,"Say ""X""",,1.0,False,,Say (called),"[{""tk"": ""is"", ""act"": 0.29546642303466797}, {""tk"": ""the"", ""act"": 0.0}, {""tk"": ""iPhone"", ""act"": 0.0}, {""tk"": ""technology"", ""act"": 0.0}, {""tk"": ""company"", ""act"": 0.0}, {""tk"": ""Apple"", ""act"": 0.0}, {""tk"": ""founder"", ""act"": 0.0}, {""tk"": ""of"", ""act"": 0.0}, {""tk"": ""Steve"", ""act"": 0.0}, {""tk"": ""Jobs"", ""act"": 0.0}, {""tk"": ""who"", ""act"": 0.0}, {""tk"": ""started"", ""act"": 0.0}, {""tk"": ""called"", ""act"": 0.0}, {""tk"": ""established"", ""act"": 0.0}]"
9_12344,9,12344,entity: The founder of Apple is Steve Jobs, is,7,13.435708045959473,0.7304143962838859,functional,"[{""token"": "" Steve"", ""index"": 8, ""distance"": 1, ""direction"": ""forward""}]",json,"Say ""X""",,1.0,False,,Say (Steve),"[{""tk"": ""is"", ""act"": 13.435708045959473}, {""tk"": ""founder"", ""act"": 9.268843650817871}, {""tk"": ""of"", ""act"": 8.137393951416016}, {""tk"": ""the"", ""act"": 3.502883195877075}, {""tk"": ""started"", ""act"": 2.638355016708374}, {""tk"": ""Steve"", ""act"": 1.7567155361175537}, {""tk"": ""company"", ""act"": 0.9922618865966797}, {""tk"": ""iPhone"", ""act"": 0.0}, {""tk"": ""technology"", ""act"": 0.0}, {""tk"": ""Apple"", ""act"": 0.0}, {""tk"": ""Jobs"", ""act"": 0.0}, {""tk"": ""who"", ""act"": 0.0}, {""tk"": ""called"", ""act"": 0.0}, {""tk"": ""established"", ""act"": 0.0}]"
9_58272,9,58272,entity: The founder of Apple is Steve Jobs, is,7,11.63260269165039,0.8496095410295732,functional,"[{""token"": "" Steve"", ""index"": 8, ""distance"": 1, ""direction"": ""forward""}]",json,Semantic,Concept,0.7,False,,founder,"[{""tk"": ""is"", ""act"": 11.63260269165039}, {""tk"": ""founder"", ""act"": 5.879386901855469}, {""tk"": ""of"", ""act"": 4.1122894287109375}, {""tk"": ""the"", ""act"": 0.0}, {""tk"": ""iPhone"", ""act"": 0.0}, {""tk"": ""technology"", ""act"": 0.0}, {""tk"": ""company"", ""act"": 0.0}, {""tk"": ""Apple"", ""act"": 0.0}, {""tk"": ""Steve"", ""act"": 0.0}, {""tk"": ""Jobs"", ""act"": 0.0}, {""tk"": ""who"", ""act"": 0.0}, {""tk"": ""started"", ""act"": 0.0}, {""tk"": ""called"", ""act"": 0.0}, {""tk"": ""established"", ""act"": 0.0}]"
9_36706,9,36706,entity: The founder of Apple is Steve Jobs, is,7,4.144506454467773,0.8888888888888888,functional,"[{""token"": "" Steve"", ""index"": 8, ""distance"": 1, ""direction"": ""forward""}]",json,"Say ""X""",,1.0,False,,Say (Steve),"[{""tk"": ""is"", ""act"": 4.144506454467773}, {""tk"": ""the"", ""act"": 0.0}, {""tk"": ""iPhone"", ""act"": 0.0}, {""tk"": ""technology"", ""act"": 0.0}, {""tk"": ""company"", ""act"": 0.0}, {""tk"": ""Apple"", ""act"": 0.0}, {""tk"": ""founder"", ""act"": 0.0}, {""tk"": ""of"", ""act"": 0.0}, {""tk"": ""Steve"", ""act"": 0.0}, {""tk"": ""Jobs"", ""act"": 0.0}, {""tk"": ""who"", ""act"": 0.0}, {""tk"": ""started"", ""act"": 0.0}, {""tk"": ""called"", ""act"": 0.0}, {""tk"": ""established"", ""act"": 0.0}]"
9_29156,9,29156,entity: The founder of Apple is Steve Jobs,entity,1,0.0,0.0,semantic,"[{""token"": ""entity"", ""index"": 1, ""distance"": 0, ""direction"": ""self""}]",n/a,Relationship,,1.0,False,,(is) related,"[{""tk"": ""is"", ""act"": 0.0}, {""tk"": ""the"", ""act"": 0.0}, {""tk"": ""iPhone"", ""act"": 0.0}, {""tk"": ""technology"", ""act"": 0.0}, {""tk"": ""company"", ""act"": 0.0}, {""tk"": ""Apple"", ""act"": 0.0}, {""tk"": ""founder"", ""act"": 0.0}, {""tk"": ""of"", ""act"": 0.0}, {""tk"": ""Steve"", ""act"": 0.0}, {""tk"": ""Jobs"", ""act"": 0.0}, {""tk"": ""who"", ""act"": 0.0}, {""tk"": ""started"", ""act"": 0.0}, {""tk"": ""called"", ""act"": 0.0}, {""tk"": ""established"", ""act"": 0.0}]"
10_95564,10,95564,entity: The founder of Apple is Steve Jobs, is,7,5.422163009643555,0.8888888888888888,functional,"[{""token"": "" Steve"", ""index"": 8, ""distance"": 1, ""direction"": ""forward""}]",json,"Say ""X""",,1.0,False,,Say (called),"[{""tk"": ""is"", ""act"": 5.736569404602051}, {""tk"": ""the"", ""act"": 0.0}, {""tk"": ""iPhone"", ""act"": 0.0}, {""tk"": ""technology"", ""act"": 0.0}, {""tk"": ""company"", ""act"": 0.0}, {""tk"": ""Apple"", ""act"": 0.0}, {""tk"": ""founder"", ""act"": 0.0}, {""tk"": ""of"", ""act"": 0.0}, {""tk"": ""Steve"", ""act"": 0.0}, {""tk"": ""Jobs"", ""act"": 0.0}, {""tk"": ""who"", ""act"": 0.0}, {""tk"": ""started"", ""act"": 0.0}, {""tk"": ""called"", ""act"": 0.0}, {""tk"": ""established"", ""act"": 0.0}]"
10_46143,10,46143,entity: The founder of Apple is Steve Jobs,entity,1,0.0,0.0,semantic,"[{""token"": ""entity"", ""index"": 1, ""distance"": 0, ""direction"": ""self""}]",n/a,Relationship,,1.0,False,,(is) related,"[{""tk"": ""is"", ""act"": 0.0}, {""tk"": ""the"", ""act"": 0.0}, {""tk"": ""iPhone"", ""act"": 0.0}, {""tk"": ""technology"", ""act"": 0.0}, {""tk"": ""company"", ""act"": 0.0}, {""tk"": ""Apple"", ""act"": 0.0}, {""tk"": ""founder"", ""act"": 0.0}, {""tk"": ""of"", ""act"": 0.0}, {""tk"": ""Steve"", ""act"": 0.0}, {""tk"": ""Jobs"", ""act"": 0.0}, {""tk"": ""who"", ""act"": 0.0}, {""tk"": ""started"", ""act"": 0.0}, {""tk"": ""called"", ""act"": 0.0}, {""tk"": ""established"", ""act"": 0.0}]"
11_50131,11,50131,entity: The founder of Apple is Steve Jobs, Apple,6,40.9044189453125,0.4863483407890639,semantic,"[{""token"": "" Apple"", ""index"": 6, ""distance"": 0, ""direction"": ""self""}]",n/a,Semantic,Concept,0.7,False,,Apple,"[{""tk"": ""Apple"", ""act"": 42.86566925048828}, {""tk"": ""Steve"", ""act"": 35.6882438659668}, {""tk"": ""company"", ""act"": 34.74782943725586}, {""tk"": ""iPhone"", ""act"": 29.902135848999023}, {""tk"": ""is"", ""act"": 28.8629207611084}, {""tk"": ""founder"", ""act"": 25.31222915649414}, {""tk"": ""technology"", ""act"": 25.055871963500977}, {""tk"": ""who"", ""act"": 23.43047523498535}, {""tk"": ""Jobs"", ""act"": 22.037641525268555}, {""tk"": ""of"", ""act"": 18.848554611206055}, {""tk"": ""established"", ""act"": 18.09630012512207}, {""tk"": ""the"", ""act"": 12.746837615966797}, {""tk"": ""called"", ""act"": 4.862068176269531}, {""tk"": ""started"", ""act"": 2.9497878551483154}]"
11_9574,11,9574,entity: The founder of Apple is Steve Jobs, is,7,2.046630382537842,0.8888888888888888,functional,"[{""token"": "" Steve"", ""index"": 8, ""distance"": 1, ""direction"": ""forward""}]",json,"Say ""X""",,1.0,False,,Say (called),"[{""tk"": ""is"", ""act"": 3.108989715576172}, {""tk"": ""the"", ""act"": 0.0}, {""tk"": ""iPhone"", ""act"": 0.0}, {""tk"": ""technology"", ""act"": 0.0}, {""tk"": ""company"", ""act"": 0.0}, {""tk"": ""Apple"", ""act"": 0.0}, {""tk"": ""founder"", ""act"": 0.0}, {""tk"": ""of"", ""act"": 0.0}, {""tk"": ""Steve"", ""act"": 0.0}, {""tk"": ""Jobs"", ""act"": 0.0}, {""tk"": ""who"", ""act"": 0.0}, {""tk"": ""started"", ""act"": 0.0}, {""tk"": ""called"", ""act"": 0.0}, {""tk"": ""established"", ""act"": 0.0}]"
11_4461,11,4461,entity: The founder of Apple is Steve Jobs,entity,1,0.0,0.0,semantic,"[{""token"": ""entity"", ""index"": 1, ""distance"": 0, ""direction"": ""self""}]",n/a,Semantic,Concept,0.7,False,,company,"[{""tk"": ""company"", ""act"": 6.21978759765625}, {""tk"": ""is"", ""act"": 0.0}, {""tk"": ""the"", ""act"": 0.0}, {""tk"": ""iPhone"", ""act"": 0.0}, {""tk"": ""technology"", ""act"": 0.0}, {""tk"": ""Apple"", ""act"": 0.0}, {""tk"": ""founder"", ""act"": 0.0}, {""tk"": ""of"", ""act"": 0.0}, {""tk"": ""Steve"", ""act"": 0.0}, {""tk"": ""Jobs"", ""act"": 0.0}, {""tk"": ""who"", ""act"": 0.0}, {""tk"": ""started"", ""act"": 0.0}, {""tk"": ""called"", ""act"": 0.0}, {""tk"": ""established"", ""act"": 0.0}]"
11_70100,11,70100,entity: The founder of Apple is Steve Jobs,entity,1,0.0,0.0,semantic,"[{""token"": ""entity"", ""index"": 1, ""distance"": 0, ""direction"": ""self""}]",n/a,Relationship,,1.0,False,,(is) related,"[{""tk"": ""is"", ""act"": 0.0}, {""tk"": ""the"", ""act"": 0.0}, {""tk"": ""iPhone"", ""act"": 0.0}, {""tk"": ""technology"", ""act"": 0.0}, {""tk"": ""company"", ""act"": 0.0}, {""tk"": ""Apple"", ""act"": 0.0}, {""tk"": ""founder"", ""act"": 0.0}, {""tk"": ""of"", ""act"": 0.0}, {""tk"": ""Steve"", ""act"": 0.0}, {""tk"": ""Jobs"", ""act"": 0.0}, {""tk"": ""who"", ""act"": 0.0}, {""tk"": ""started"", ""act"": 0.0}, {""tk"": ""called"", ""act"": 0.0}, {""tk"": ""established"", ""act"": 0.0}]"
12_5914,12,5914,entity: The founder of Apple is Steve Jobs,entity,1,0.0,0.0,semantic,"[{""token"": ""entity"", ""index"": 1, ""distance"": 0, ""direction"": ""self""}]",n/a,Relationship,,1.0,False,,(is) related,"[{""tk"": ""is"", ""act"": 0.0}, {""tk"": ""the"", ""act"": 0.0}, {""tk"": ""iPhone"", ""act"": 0.0}, {""tk"": ""technology"", ""act"": 0.0}, {""tk"": ""company"", ""act"": 0.0}, {""tk"": ""Apple"", ""act"": 0.0}, {""tk"": ""founder"", ""act"": 0.0}, {""tk"": ""of"", ""act"": 0.0}, {""tk"": ""Steve"", ""act"": 0.0}, {""tk"": ""Jobs"", ""act"": 0.0}, {""tk"": ""who"", ""act"": 0.0}, {""tk"": ""started"", ""act"": 0.0}, {""tk"": ""called"", ""act"": 0.0}, {""tk"": ""established"", ""act"": 0.0}]"
13_50639,13,50639,entity: The founder of Apple is Steve Jobs, is,7,6.498532295227051,0.8888888888888888,functional,"[{""token"": "" Steve"", ""index"": 8, ""distance"": 1, ""direction"": ""forward""}]",json,"Say ""X""",,1.0,False,,Say (Steve),"[{""tk"": ""is"", ""act"": 6.498532295227051}, {""tk"": ""the"", ""act"": 0.0}, {""tk"": ""iPhone"", ""act"": 0.0}, {""tk"": ""technology"", ""act"": 0.0}, {""tk"": ""company"", ""act"": 0.0}, {""tk"": ""Apple"", ""act"": 0.0}, {""tk"": ""founder"", ""act"": 0.0}, {""tk"": ""of"", ""act"": 0.0}, {""tk"": ""Steve"", ""act"": 0.0}, {""tk"": ""Jobs"", ""act"": 0.0}, {""tk"": ""who"", ""act"": 0.0}, {""tk"": ""started"", ""act"": 0.0}, {""tk"": ""called"", ""act"": 0.0}, {""tk"": ""established"", ""act"": 0.0}]"
13_14404,13,14404,entity: The founder of Apple is Steve Jobs, Apple,6,1.709125280380249,0.888888888888889,semantic,"[{""token"": "" Apple"", ""index"": 6, ""distance"": 0, ""direction"": ""self""}]",n/a,Semantic,Concept,0.7,False,,iphone,"[{""tk"": ""iPhone"", ""act"": 26.76209259033203}, {""tk"": ""Apple"", ""act"": 20.19862937927246}, {""tk"": ""is"", ""act"": 0.0}, {""tk"": ""the"", ""act"": 0.0}, {""tk"": ""technology"", ""act"": 0.0}, {""tk"": ""company"", ""act"": 0.0}, {""tk"": ""founder"", ""act"": 0.0}, {""tk"": ""of"", ""act"": 0.0}, {""tk"": ""Steve"", ""act"": 0.0}, {""tk"": ""Jobs"", ""act"": 0.0}, {""tk"": ""who"", ""act"": 0.0}, {""tk"": ""started"", ""act"": 0.0}, {""tk"": ""called"", ""act"": 0.0}, {""tk"": ""established"", ""act"": 0.0}]"
14_48493,14,48493,entity: The founder of Apple is Steve Jobs,entity,1,0.0,0.0,semantic,"[{""token"": ""entity"", ""index"": 1, ""distance"": 0, ""direction"": ""self""}]",n/a,Relationship,,1.0,False,,(is) related,"[{""tk"": ""is"", ""act"": 0.0}, {""tk"": ""the"", ""act"": 0.0}, {""tk"": ""iPhone"", ""act"": 0.0}, {""tk"": ""technology"", ""act"": 0.0}, {""tk"": ""company"", ""act"": 0.0}, {""tk"": ""Apple"", ""act"": 0.0}, {""tk"": ""founder"", ""act"": 0.0}, {""tk"": ""of"", ""act"": 0.0}, {""tk"": ""Steve"", ""act"": 0.0}, {""tk"": ""Jobs"", ""act"": 0.0}, {""tk"": ""who"", ""act"": 0.0}, {""tk"": ""started"", ""act"": 0.0}, {""tk"": ""called"", ""act"": 0.0}, {""tk"": ""established"", ""act"": 0.0}]"
15_68530,15,68530,entity: The founder of Apple is Steve Jobs, is,7,9.829694747924805,0.8540960133968292,functional,"[{""token"": "" Steve"", ""index"": 8, ""distance"": 1, ""direction"": ""forward""}]",json,"Say ""X""",,1.0,False,,Say (Steve),"[{""tk"": ""is"", ""act"": 9.829694747924805}, {""tk"": ""Steve"", ""act"": 3.0780301094055176}, {""tk"": ""the"", ""act"": 0.0}, {""tk"": ""iPhone"", ""act"": 0.0}, {""tk"": ""technology"", ""act"": 0.0}, {""tk"": ""company"", ""act"": 0.0}, {""tk"": ""Apple"", ""act"": 0.0}, {""tk"": ""founder"", ""act"": 0.0}, {""tk"": ""of"", ""act"": 0.0}, {""tk"": ""Jobs"", ""act"": 0.0}, {""tk"": ""who"", ""act"": 0.0}, {""tk"": ""started"", ""act"": 0.0}, {""tk"": ""called"", ""act"": 0.0}, {""tk"": ""established"", ""act"": 0.0}]"
15_10570,15,10570,entity: The founder of Apple is Steve Jobs, is,7,2.233883857727051,0.888888888888889,functional,"[{""token"": "" Steve"", ""index"": 8, ""distance"": 1, ""direction"": ""forward""}]",json,"Say ""X""",,1.0,False,,Say (Steve),"[{""tk"": ""is"", ""act"": 2.233883857727051}, {""tk"": ""the"", ""act"": 0.0}, {""tk"": ""iPhone"", ""act"": 0.0}, {""tk"": ""technology"", ""act"": 0.0}, {""tk"": ""company"", ""act"": 0.0}, {""tk"": ""Apple"", ""act"": 0.0}, {""tk"": ""founder"", ""act"": 0.0}, {""tk"": ""of"", ""act"": 0.0}, {""tk"": ""Steve"", ""act"": 0.0}, {""tk"": ""Jobs"", ""act"": 0.0}, {""tk"": ""who"", ""act"": 0.0}, {""tk"": ""started"", ""act"": 0.0}, {""tk"": ""called"", ""act"": 0.0}, {""tk"": ""established"", ""act"": 0.0}]"
15_2576,15,2576,entity: The founder of Apple is Steve Jobs,entity,1,0.0,0.0,semantic,"[{""token"": ""entity"", ""index"": 1, ""distance"": 0, ""direction"": ""self""}]",n/a,Relationship,,1.0,False,,(is) related,"[{""tk"": ""is"", ""act"": 0.0}, {""tk"": ""the"", ""act"": 0.0}, {""tk"": ""iPhone"", ""act"": 0.0}, {""tk"": ""technology"", ""act"": 0.0}, {""tk"": ""company"", ""act"": 0.0}, {""tk"": ""Apple"", ""act"": 0.0}, {""tk"": ""founder"", ""act"": 0.0}, {""tk"": ""of"", ""act"": 0.0}, {""tk"": ""Steve"", ""act"": 0.0}, {""tk"": ""Jobs"", ""act"": 0.0}, {""tk"": ""who"", ""act"": 0.0}, {""tk"": ""started"", ""act"": 0.0}, {""tk"": ""called"", ""act"": 0.0}, {""tk"": ""established"", ""act"": 0.0}]"
15_60736,15,60736,entity: The founder of Apple is Steve Jobs,entity,1,0.0,0.0,semantic,"[{""token"": ""entity"", ""index"": 1, ""distance"": 0, ""direction"": ""self""}]",n/a,Relationship,,1.0,False,,(is) related,"[{""tk"": ""is"", ""act"": 0.0}, {""tk"": ""the"", ""act"": 0.0}, {""tk"": ""iPhone"", ""act"": 0.0}, {""tk"": ""technology"", ""act"": 0.0}, {""tk"": ""company"", ""act"": 0.0}, {""tk"": ""Apple"", ""act"": 0.0}, {""tk"": ""founder"", ""act"": 0.0}, {""tk"": ""of"", ""act"": 0.0}, {""tk"": ""Steve"", ""act"": 0.0}, {""tk"": ""Jobs"", ""act"": 0.0}, {""tk"": ""who"", ""act"": 0.0}, {""tk"": ""started"", ""act"": 0.0}, {""tk"": ""called"", ""act"": 0.0}, {""tk"": ""established"", ""act"": 0.0}]"
15_84142,15,84142,entity: The founder of Apple is Steve Jobs,entity,1,0.0,0.0,semantic,"[{""token"": ""entity"", ""index"": 1, ""distance"": 0, ""direction"": ""self""}]",n/a,Relationship,,1.0,False,,(is) related,"[{""tk"": ""is"", ""act"": 0.0}, {""tk"": ""the"", ""act"": 0.0}, {""tk"": ""iPhone"", ""act"": 0.0}, {""tk"": ""technology"", ""act"": 0.0}, {""tk"": ""company"", ""act"": 0.0}, {""tk"": ""Apple"", ""act"": 0.0}, {""tk"": ""founder"", ""act"": 0.0}, {""tk"": ""of"", ""act"": 0.0}, {""tk"": ""Steve"", ""act"": 0.0}, {""tk"": ""Jobs"", ""act"": 0.0}, {""tk"": ""who"", ""act"": 0.0}, {""tk"": ""started"", ""act"": 0.0}, {""tk"": ""called"", ""act"": 0.0}, {""tk"": ""established"", ""act"": 0.0}]"
16_47358,16,47358,entity: The founder of Apple is Steve Jobs, is,7,28.91001510620117,0.7698876379520937,functional,"[{""token"": "" Steve"", ""index"": 8, ""distance"": 1, ""direction"": ""forward""}]",json,Semantic,Concept,0.5,False,,called,"[{""tk"": ""is"", ""act"": 28.910015106201172}, {""tk"": ""Apple"", ""act"": 19.838096618652344}, {""tk"": ""called"", ""act"": 12.649178504943848}, {""tk"": ""the"", ""act"": 12.119336128234863}, {""tk"": ""Steve"", ""act"": 10.320988655090332}, {""tk"": ""Jobs"", ""act"": 0.8038663864135742}, {""tk"": ""iPhone"", ""act"": 0.0}, {""tk"": ""technology"", ""act"": 0.0}, {""tk"": ""company"", ""act"": 0.0}, {""tk"": ""founder"", ""act"": 0.0}, {""tk"": ""of"", ""act"": 0.0}, {""tk"": ""who"", ""act"": 0.0}, {""tk"": ""started"", ""act"": 0.0}, {""tk"": ""established"", ""act"": 0.0}]"
16_83969,16,83969,entity: The founder of Apple is Steve Jobs, Apple,6,16.727567672729492,0.7877554997166053,semantic,"[{""token"": "" Apple"", ""index"": 6, ""distance"": 0, ""direction"": ""self""}]",n/a,Semantic,Concept,0.7,False,,iphone,"[{""tk"": ""iPhone"", ""act"": 21.878177642822266}, {""tk"": ""Apple"", ""act"": 16.727567672729492}, {""tk"": ""is"", ""act"": 12.604499816894531}, {""tk"": ""Steve"", ""act"": 2.620940685272217}, {""tk"": ""the"", ""act"": 2.4702186584472656}, {""tk"": ""technology"", ""act"": 0.0}, {""tk"": ""company"", ""act"": 0.0}, {""tk"": ""founder"", ""act"": 0.0}, {""tk"": ""of"", ""act"": 0.0}, {""tk"": ""Jobs"", ""act"": 0.0}, {""tk"": ""who"", ""act"": 0.0}, {""tk"": ""started"", ""act"": 0.0}, {""tk"": ""called"", ""act"": 0.0}, {""tk"": ""established"", ""act"": 0.0}]"
16_59763,16,59763,entity: The founder of Apple is Steve Jobs, is,7,9.955143928527832,0.8888888888888888,functional,"[{""token"": "" Steve"", ""index"": 8, ""distance"": 1, ""direction"": ""forward""}]",json,"Say ""X""",,1.0,False,,Say (Steve),"[{""tk"": ""is"", ""act"": 9.955143928527832}, {""tk"": ""the"", ""act"": 0.0}, {""tk"": ""iPhone"", ""act"": 0.0}, {""tk"": ""technology"", ""act"": 0.0}, {""tk"": ""company"", ""act"": 0.0}, {""tk"": ""Apple"", ""act"": 0.0}, {""tk"": ""founder"", ""act"": 0.0}, {""tk"": ""of"", ""act"": 0.0}, {""tk"": ""Steve"", ""act"": 0.0}, {""tk"": ""Jobs"", ""act"": 0.0}, {""tk"": ""who"", ""act"": 0.0}, {""tk"": ""started"", ""act"": 0.0}, {""tk"": ""called"", ""act"": 0.0}, {""tk"": ""established"", ""act"": 0.0}]"
16_83757,16,83757,entity: The founder of Apple is Steve Jobs, is,7,6.296390056610107,0.888888888888889,functional,"[{""token"": "" Steve"", ""index"": 8, ""distance"": 1, ""direction"": ""forward""}]",json,"Say ""X""",,1.0,False,,Say (Steve),"[{""tk"": ""is"", ""act"": 6.296390056610107}, {""tk"": ""the"", ""act"": 0.0}, {""tk"": ""iPhone"", ""act"": 0.0}, {""tk"": ""technology"", ""act"": 0.0}, {""tk"": ""company"", ""act"": 0.0}, {""tk"": ""Apple"", ""act"": 0.0}, {""tk"": ""founder"", ""act"": 0.0}, {""tk"": ""of"", ""act"": 0.0}, {""tk"": ""Steve"", ""act"": 0.0}, {""tk"": ""Jobs"", ""act"": 0.0}, {""tk"": ""who"", ""act"": 0.0}, {""tk"": ""started"", ""act"": 0.0}, {""tk"": ""called"", ""act"": 0.0}, {""tk"": ""established"", ""act"": 0.0}]"
16_6418,16,6418,entity: The founder of Apple is Steve Jobs, is,7,4.796626091003418,0.885113570272927,functional,"[{""token"": "" Steve"", ""index"": 8, ""distance"": 1, ""direction"": ""forward""}]",json,"Say ""X""",,1.0,False,,Say (founder),"[{""tk"": ""the"", ""act"": 28.591772079467773}, {""tk"": ""called"", ""act"": 24.349594116210938}, {""tk"": ""is"", ""act"": 21.090768814086914}, {""tk"": ""company"", ""act"": 12.138047218322754}, {""tk"": ""founder"", ""act"": 7.059747695922852}, {""tk"": ""iPhone"", ""act"": 0.0}, {""tk"": ""technology"", ""act"": 0.0}, {""tk"": ""Apple"", ""act"": 0.0}, {""tk"": ""of"", ""act"": 0.0}, {""tk"": ""Steve"", ""act"": 0.0}, {""tk"": ""Jobs"", ""act"": 0.0}, {""tk"": ""who"", ""act"": 0.0}, {""tk"": ""started"", ""act"": 0.0}, {""tk"": ""established"", ""act"": 0.0}]"
16_45093,16,45093,entity: The founder of Apple is Steve Jobs,entity,1,0.0,0.0,semantic,"[{""token"": ""entity"", ""index"": 1, ""distance"": 0, ""direction"": ""self""}]",n/a,Relationship,,1.0,False,,(is) related,"[{""tk"": ""is"", ""act"": 0.0}, {""tk"": ""the"", ""act"": 0.0}, {""tk"": ""iPhone"", ""act"": 0.0}, {""tk"": ""technology"", ""act"": 0.0}, {""tk"": ""company"", ""act"": 0.0}, {""tk"": ""Apple"", ""act"": 0.0}, {""tk"": ""founder"", ""act"": 0.0}, {""tk"": ""of"", ""act"": 0.0}, {""tk"": ""Steve"", ""act"": 0.0}, {""tk"": ""Jobs"", ""act"": 0.0}, {""tk"": ""who"", ""act"": 0.0}, {""tk"": ""started"", ""act"": 0.0}, {""tk"": ""called"", ""act"": 0.0}, {""tk"": ""established"", ""act"": 0.0}]"
16_49171,16,49171,entity: The founder of Apple is Steve Jobs,entity,1,0.0,0.0,semantic,"[{""token"": ""entity"", ""index"": 1, ""distance"": 0, ""direction"": ""self""}]",n/a,Relationship,,1.0,False,,(is) related,"[{""tk"": ""is"", ""act"": 0.0}, {""tk"": ""the"", ""act"": 0.0}, {""tk"": ""iPhone"", ""act"": 0.0}, {""tk"": ""technology"", ""act"": 0.0}, {""tk"": ""company"", ""act"": 0.0}, {""tk"": ""Apple"", ""act"": 0.0}, {""tk"": ""founder"", ""act"": 0.0}, {""tk"": ""of"", ""act"": 0.0}, {""tk"": ""Steve"", ""act"": 0.0}, {""tk"": ""Jobs"", ""act"": 0.0}, {""tk"": ""who"", ""act"": 0.0}, {""tk"": ""started"", ""act"": 0.0}, {""tk"": ""called"", ""act"": 0.0}, {""tk"": ""established"", ""act"": 0.0}]"
16_62641,16,62641,entity: The founder of Apple is Steve Jobs,entity,1,0.0,0.0,semantic,"[{""token"": ""entity"", ""index"": 1, ""distance"": 0, ""direction"": ""self""}]",n/a,Relationship,,1.0,False,,(is) related,"[{""tk"": ""is"", ""act"": 0.0}, {""tk"": ""the"", ""act"": 0.0}, {""tk"": ""iPhone"", ""act"": 0.0}, {""tk"": ""technology"", ""act"": 0.0}, {""tk"": ""company"", ""act"": 0.0}, {""tk"": ""Apple"", ""act"": 0.0}, {""tk"": ""founder"", ""act"": 0.0}, {""tk"": ""of"", ""act"": 0.0}, {""tk"": ""Steve"", ""act"": 0.0}, {""tk"": ""Jobs"", ""act"": 0.0}, {""tk"": ""who"", ""act"": 0.0}, {""tk"": ""started"", ""act"": 0.0}, {""tk"": ""called"", ""act"": 0.0}, {""tk"": ""established"", ""act"": 0.0}]"
16_71228,16,71228,entity: The founder of Apple is Steve Jobs,entity,1,0.0,0.0,semantic,"[{""token"": ""entity"", ""index"": 1, ""distance"": 0, ""direction"": ""self""}]",n/a,"Say ""X""",,1.0,False,,Say (Apple),"[{""tk"": ""is"", ""act"": 7.649389743804932}, {""tk"": ""technology"", ""act"": 7.600085735321045}, {""tk"": ""the"", ""act"": 4.7744832038879395}, {""tk"": ""called"", ""act"": 2.8876395225524902}, {""tk"": ""founder"", ""act"": 1.6726727485656738}, {""tk"": ""iPhone"", ""act"": 0.0}, {""tk"": ""company"", ""act"": 0.0}, {""tk"": ""Apple"", ""act"": 0.0}, {""tk"": ""of"", ""act"": 0.0}, {""tk"": ""Steve"", ""act"": 0.0}, {""tk"": ""Jobs"", ""act"": 0.0}, {""tk"": ""who"", ""act"": 0.0}, {""tk"": ""started"", ""act"": 0.0}, {""tk"": ""established"", ""act"": 0.0}]"
16_73155,16,73155,entity: The founder of Apple is Steve Jobs,entity,1,0.0,0.0,semantic,"[{""token"": ""entity"", ""index"": 1, ""distance"": 0, ""direction"": ""self""}]",n/a,Relationship,,1.0,False,,(is) related,"[{""tk"": ""is"", ""act"": 0.0}, {""tk"": ""the"", ""act"": 0.0}, {""tk"": ""iPhone"", ""act"": 0.0}, {""tk"": ""technology"", ""act"": 0.0}, {""tk"": ""company"", ""act"": 0.0}, {""tk"": ""Apple"", ""act"": 0.0}, {""tk"": ""founder"", ""act"": 0.0}, {""tk"": ""of"", ""act"": 0.0}, {""tk"": ""Steve"", ""act"": 0.0}, {""tk"": ""Jobs"", ""act"": 0.0}, {""tk"": ""who"", ""act"": 0.0}, {""tk"": ""started"", ""act"": 0.0}, {""tk"": ""called"", ""act"": 0.0}, {""tk"": ""established"", ""act"": 0.0}]"
17_63557,17,63557,entity: The founder of Apple is Steve Jobs, is,7,31.50575828552246,0.867603781951693,functional,"[{""token"": "" Steve"", ""index"": 8, ""distance"": 1, ""direction"": ""forward""}]",json,"Say ""X""",,1.0,False,,Say (Steve),"[{""tk"": ""is"", ""act"": 31.50575828552246}, {""tk"": ""Apple"", ""act"": 6.035430908203125}, {""tk"": ""the"", ""act"": 0.0}, {""tk"": ""iPhone"", ""act"": 0.0}, {""tk"": ""technology"", ""act"": 0.0}, {""tk"": ""company"", ""act"": 0.0}, {""tk"": ""founder"", ""act"": 0.0}, {""tk"": ""of"", ""act"": 0.0}, {""tk"": ""Steve"", ""act"": 0.0}, {""tk"": ""Jobs"", ""act"": 0.0}, {""tk"": ""who"", ""act"": 0.0}, {""tk"": ""started"", ""act"": 0.0}, {""tk"": ""called"", ""act"": 0.0}, {""tk"": ""established"", ""act"": 0.0}]"
17_7609,17,7609,entity: The founder of Apple is Steve Jobs, is,7,21.694923400878903,0.888888888888889,functional,"[{""token"": "" Steve"", ""index"": 8, ""distance"": 1, ""direction"": ""forward""}]",json,"Say ""X""",,1.0,False,,Say (Steve),"[{""tk"": ""is"", ""act"": 21.694923400878906}, {""tk"": ""the"", ""act"": 0.0}, {""tk"": ""iPhone"", ""act"": 0.0}, {""tk"": ""technology"", ""act"": 0.0}, {""tk"": ""company"", ""act"": 0.0}, {""tk"": ""Apple"", ""act"": 0.0}, {""tk"": ""founder"", ""act"": 0.0}, {""tk"": ""of"", ""act"": 0.0}, {""tk"": ""Steve"", ""act"": 0.0}, {""tk"": ""Jobs"", ""act"": 0.0}, {""tk"": ""who"", ""act"": 0.0}, {""tk"": ""started"", ""act"": 0.0}, {""tk"": ""called"", ""act"": 0.0}, {""tk"": ""established"", ""act"": 0.0}]"
17_26364,17,26364,entity: The founder of Apple is Steve Jobs, is,7,17.194828033447266,0.8442679838134235,functional,"[{""token"": "" Steve"", ""index"": 8, ""distance"": 1, ""direction"": ""forward""}]",json,"Say ""X""",,1.0,False,,Say (Steve),"[{""tk"": ""is"", ""act"": 17.194828033447266}, {""tk"": ""Apple"", ""act"": 6.905239105224609}, {""tk"": ""the"", ""act"": 0.0}, {""tk"": ""iPhone"", ""act"": 0.0}, {""tk"": ""technology"", ""act"": 0.0}, {""tk"": ""company"", ""act"": 0.0}, {""tk"": ""founder"", ""act"": 0.0}, {""tk"": ""of"", ""act"": 0.0}, {""tk"": ""Steve"", ""act"": 0.0}, {""tk"": ""Jobs"", ""act"": 0.0}, {""tk"": ""who"", ""act"": 0.0}, {""tk"": ""started"", ""act"": 0.0}, {""tk"": ""called"", ""act"": 0.0}, {""tk"": ""established"", ""act"": 0.0}]"
18_12598,18,12598,entity: The founder of Apple is Steve Jobs, is,7,48.25050354003906,0.6799265806912713,functional,"[{""token"": "" Steve"", ""index"": 8, ""distance"": 1, ""direction"": ""forward""}]",json,Semantic,Concept,0.7258062960427178,False,,Apple,"[{""tk"": ""is"", ""act"": 48.25050354003906}, {""tk"": ""Apple"", ""act"": 41.0167236328125}, {""tk"": ""Steve"", ""act"": 38.064613342285156}, {""tk"": ""iPhone"", ""act"": 28.66970443725586}, {""tk"": ""Jobs"", ""act"": 11.661492347717285}, {""tk"": ""the"", ""act"": 0.0}, {""tk"": ""technology"", ""act"": 0.0}, {""tk"": ""company"", ""act"": 0.0}, {""tk"": ""founder"", ""act"": 0.0}, {""tk"": ""of"", ""act"": 0.0}, {""tk"": ""who"", ""act"": 0.0}, {""tk"": ""started"", ""act"": 0.0}, {""tk"": ""called"", ""act"": 0.0}, {""tk"": ""established"", ""act"": 0.0}]"
18_8654,18,8654,entity: The founder of Apple is Steve Jobs, is,7,22.23823547363281,0.7446552929502933,functional,"[{""token"": "" Steve"", ""index"": 8, ""distance"": 1, ""direction"": ""forward""}]",json,Semantic,Concept,0.7,False,,iphone,"[{""tk"": ""iPhone"", ""act"": 33.774173736572266}, {""tk"": ""Apple"", ""act"": 24.499181747436523}, {""tk"": ""is"", ""act"": 22.238235473632812}, {""tk"": ""Steve"", ""act"": 15.52254867553711}, {""tk"": ""the"", ""act"": 0.0}, {""tk"": ""technology"", ""act"": 0.0}, {""tk"": ""company"", ""act"": 0.0}, {""tk"": ""founder"", ""act"": 0.0}, {""tk"": ""of"", ""act"": 0.0}, {""tk"": ""Jobs"", ""act"": 0.0}, {""tk"": ""who"", ""act"": 0.0}, {""tk"": ""started"", ""act"": 0.0}, {""tk"": ""called"", ""act"": 0.0}, {""tk"": ""established"", ""act"": 0.0}]"
18_13087,18,13087,entity: The founder of Apple is Steve Jobs, is,7,19.08702087402344,0.8706859112773576,functional,"[{""token"": "" Steve"", ""index"": 8, ""distance"": 1, ""direction"": ""forward""}]",json,"Say ""X""",,1.0,False,,Say (Steve),"[{""tk"": ""is"", ""act"": 19.087020874023438}, {""tk"": ""Apple"", ""act"": 3.1269655227661133}, {""tk"": ""the"", ""act"": 0.0}, {""tk"": ""iPhone"", ""act"": 0.0}, {""tk"": ""technology"", ""act"": 0.0}, {""tk"": ""company"", ""act"": 0.0}, {""tk"": ""founder"", ""act"": 0.0}, {""tk"": ""of"", ""act"": 0.0}, {""tk"": ""Steve"", ""act"": 0.0}, {""tk"": ""Jobs"", ""act"": 0.0}, {""tk"": ""who"", ""act"": 0.0}, {""tk"": ""started"", ""act"": 0.0}, {""tk"": ""called"", ""act"": 0.0}, {""tk"": ""established"", ""act"": 0.0}]"
18_32240,18,32240,entity: The founder of Apple is Steve Jobs,entity,1,0.0,0.0,semantic,"[{""token"": ""entity"", ""index"": 1, ""distance"": 0, ""direction"": ""self""}]",n/a,Semantic,Concept,0.7,False,,company,"[{""tk"": ""company"", ""act"": 24.703628540039062}, {""tk"": ""is"", ""act"": 0.0}, {""tk"": ""the"", ""act"": 0.0}, {""tk"": ""iPhone"", ""act"": 0.0}, {""tk"": ""technology"", ""act"": 0.0}, {""tk"": ""Apple"", ""act"": 0.0}, {""tk"": ""founder"", ""act"": 0.0}, {""tk"": ""of"", ""act"": 0.0}, {""tk"": ""Steve"", ""act"": 0.0}, {""tk"": ""Jobs"", ""act"": 0.0}, {""tk"": ""who"", ""act"": 0.0}, {""tk"": ""started"", ""act"": 0.0}, {""tk"": ""called"", ""act"": 0.0}, {""tk"": ""established"", ""act"": 0.0}]"
18_80625,18,80625,entity: The founder of Apple is Steve Jobs,entity,1,0.0,0.0,semantic,"[{""token"": ""entity"", ""index"": 1, ""distance"": 0, ""direction"": ""self""}]",n/a,Relationship,,1.0,False,,(is) related,"[{""tk"": ""is"", ""act"": 0.0}, {""tk"": ""the"", ""act"": 0.0}, {""tk"": ""iPhone"", ""act"": 0.0}, {""tk"": ""technology"", ""act"": 0.0}, {""tk"": ""company"", ""act"": 0.0}, {""tk"": ""Apple"", ""act"": 0.0}, {""tk"": ""founder"", ""act"": 0.0}, {""tk"": ""of"", ""act"": 0.0}, {""tk"": ""Steve"", ""act"": 0.0}, {""tk"": ""Jobs"", ""act"": 0.0}, {""tk"": ""who"", ""act"": 0.0}, {""tk"": ""started"", ""act"": 0.0}, {""tk"": ""called"", ""act"": 0.0}, {""tk"": ""established"", ""act"": 0.0}]"
19_72684,19,72684,entity: The founder of Apple is Steve Jobs, Steve,8,46.7109375,0.7626080149065566,semantic,"[{""token"": "" Steve"", ""index"": 8, ""distance"": 0, ""direction"": ""self""}]",n/a,Semantic,Dictionary,1.0,False,,Steve,"[{""tk"": ""Steve"", ""act"": 46.7109375}, {""tk"": ""is"", ""act"": 39.66258239746094}, {""tk"": ""Apple"", ""act"": 11.21017074584961}, {""tk"": ""Jobs"", ""act"": 2.215528964996338}, {""tk"": ""the"", ""act"": 0.0}, {""tk"": ""iPhone"", ""act"": 0.0}, {""tk"": ""technology"", ""act"": 0.0}, {""tk"": ""company"", ""act"": 0.0}, {""tk"": ""founder"", ""act"": 0.0}, {""tk"": ""of"", ""act"": 0.0}, {""tk"": ""who"", ""act"": 0.0}, {""tk"": ""started"", ""act"": 0.0}, {""tk"": ""called"", ""act"": 0.0}, {""tk"": ""established"", ""act"": 0.0}]"
19_16402,19,16402,entity: The founder of Apple is Steve Jobs, Apple,6,16.021486282348633,0.7000757696640837,semantic,"[{""token"": "" Apple"", ""index"": 6, ""distance"": 0, ""direction"": ""self""}]",n/a,Semantic,Concept,0.7,False,,Apple,"[{""tk"": ""Apple"", ""act"": 16.021486282348633}, {""tk"": ""is"", ""act"": 14.374685287475586}, {""tk"": ""Steve"", ""act"": 12.850915908813477}, {""tk"": ""technology"", ""act"": 4.547060966491699}, {""tk"": ""company"", ""act"": 2.788982391357422}, {""tk"": ""started"", ""act"": 2.372182846069336}, {""tk"": ""the"", ""act"": 0.0}, {""tk"": ""iPhone"", ""act"": 0.0}, {""tk"": ""founder"", ""act"": 0.0}, {""tk"": ""of"", ""act"": 0.0}, {""tk"": ""Jobs"", ""act"": 0.0}, {""tk"": ""who"", ""act"": 0.0}, {""tk"": ""called"", ""act"": 0.0}, {""tk"": ""established"", ""act"": 0.0}]"
19_4971,19,4971,entity: The founder of Apple is Steve Jobs, is,7,15.361166954040527,0.7893221341402857,functional,"[{""token"": "" Steve"", ""index"": 8, ""distance"": 1, ""direction"": ""forward""}]",json,"Say ""X""",,1.0,False,,Say (founder),"[{""tk"": ""the"", ""act"": 27.69141960144043}, {""tk"": ""called"", ""act"": 21.956043243408203}, {""tk"": ""is"", ""act"": 15.361166954040527}, {""tk"": ""founder"", ""act"": 13.689627647399902}, {""tk"": ""Jobs"", ""act"": 0.07552623748779297}, {""tk"": ""iPhone"", ""act"": 0.0}, {""tk"": ""technology"", ""act"": 0.0}, {""tk"": ""company"", ""act"": 0.0}, {""tk"": ""Apple"", ""act"": 0.0}, {""tk"": ""of"", ""act"": 0.0}, {""tk"": ""Steve"", ""act"": 0.0}, {""tk"": ""who"", ""act"": 0.0}, {""tk"": ""started"", ""act"": 0.0}, {""tk"": ""established"", ""act"": 0.0}]"
19_93684,19,93684,entity: The founder of Apple is Steve Jobs, is,7,9.75384521484375,0.7773370551839267,functional,"[{""token"": "" Steve"", ""index"": 8, ""distance"": 1, ""direction"": ""forward""}]",json,"Say ""X""",,1.0,False,,Say (Steve),"[{""tk"": ""is"", ""act"": 9.75384521484375}, {""tk"": ""Apple"", ""act"": 8.901876449584961}, {""tk"": ""Jobs"", ""act"": 0.8906574249267578}, {""tk"": ""the"", ""act"": 0.0}, {""tk"": ""iPhone"", ""act"": 0.0}, {""tk"": ""technology"", ""act"": 0.0}, {""tk"": ""company"", ""act"": 0.0}, {""tk"": ""founder"", ""act"": 0.0}, {""tk"": ""of"", ""act"": 0.0}, {""tk"": ""Steve"", ""act"": 0.0}, {""tk"": ""who"", ""act"": 0.0}, {""tk"": ""started"", ""act"": 0.0}, {""tk"": ""called"", ""act"": 0.0}, {""tk"": ""established"", ""act"": 0.0}]"
19_46054,19,46054,entity: The founder of Apple is Steve Jobs,entity,1,0.0,0.0,semantic,"[{""token"": ""entity"", ""index"": 1, ""distance"": 0, ""direction"": ""self""}]",n/a,Relationship,,1.0,False,,(is) related,"[{""tk"": ""is"", ""act"": 0.0}, {""tk"": ""the"", ""act"": 0.0}, {""tk"": ""iPhone"", ""act"": 0.0}, {""tk"": ""technology"", ""act"": 0.0}, {""tk"": ""company"", ""act"": 0.0}, {""tk"": ""Apple"", ""act"": 0.0}, {""tk"": ""founder"", ""act"": 0.0}, {""tk"": ""of"", ""act"": 0.0}, {""tk"": ""Steve"", ""act"": 0.0}, {""tk"": ""Jobs"", ""act"": 0.0}, {""tk"": ""who"", ""act"": 0.0}, {""tk"": ""started"", ""act"": 0.0}, {""tk"": ""called"", ""act"": 0.0}, {""tk"": ""established"", ""act"": 0.0}]"
19_9922,19,9922,entity: The founder of Apple is Steve Jobs,entity,1,0.0,0.0,semantic,"[{""token"": ""entity"", ""index"": 1, ""distance"": 0, ""direction"": ""self""}]",n/a,Relationship,,1.0,False,,(is) related,"[{""tk"": ""is"", ""act"": 0.0}, {""tk"": ""the"", ""act"": 0.0}, {""tk"": ""iPhone"", ""act"": 0.0}, {""tk"": ""technology"", ""act"": 0.0}, {""tk"": ""company"", ""act"": 0.0}, {""tk"": ""Apple"", ""act"": 0.0}, {""tk"": ""founder"", ""act"": 0.0}, {""tk"": ""of"", ""act"": 0.0}, {""tk"": ""Steve"", ""act"": 0.0}, {""tk"": ""Jobs"", ""act"": 0.0}, {""tk"": ""who"", ""act"": 0.0}, {""tk"": ""started"", ""act"": 0.0}, {""tk"": ""called"", ""act"": 0.0}, {""tk"": ""established"", ""act"": 0.0}]"
19_80360,19,80360,entity: The founder of Apple is Steve Jobs,entity,1,0.0,0.0,semantic,"[{""token"": ""entity"", ""index"": 1, ""distance"": 0, ""direction"": ""self""}]",n/a,Semantic,Dictionary,1.0,False,,iphone,"[{""tk"": ""iPhone"", ""act"": 36.54338455200195}, {""tk"": ""is"", ""act"": 0.0}, {""tk"": ""the"", ""act"": 0.0}, {""tk"": ""technology"", ""act"": 0.0}, {""tk"": ""company"", ""act"": 0.0}, {""tk"": ""Apple"", ""act"": 0.0}, {""tk"": ""founder"", ""act"": 0.0}, {""tk"": ""of"", ""act"": 0.0}, {""tk"": ""Steve"", ""act"": 0.0}, {""tk"": ""Jobs"", ""act"": 0.0}, {""tk"": ""who"", ""act"": 0.0}, {""tk"": ""started"", ""act"": 0.0}, {""tk"": ""called"", ""act"": 0.0}, {""tk"": ""established"", ""act"": 0.0}]"
20_63285,20,63285,entity: The founder of Apple is Steve Jobs, Apple,6,41.25817489624024,0.7081659141464887,semantic,"[{""token"": "" Apple"", ""index"": 6, ""distance"": 0, ""direction"": ""self""}]",n/a,Semantic,Dictionary,1.0,False,,Apple,"[{""tk"": ""Apple"", ""act"": 41.258174896240234}, {""tk"": ""is"", ""act"": 35.194068908691406}, {""tk"": ""Steve"", ""act"": 31.91263198852539}, {""tk"": ""the"", ""act"": 0.0}, {""tk"": ""iPhone"", ""act"": 0.0}, {""tk"": ""technology"", ""act"": 0.0}, {""tk"": ""company"", ""act"": 0.0}, {""tk"": ""founder"", ""act"": 0.0}, {""tk"": ""of"", ""act"": 0.0}, {""tk"": ""Jobs"", ""act"": 0.0}, {""tk"": ""who"", ""act"": 0.0}, {""tk"": ""started"", ""act"": 0.0}, {""tk"": ""called"", ""act"": 0.0}, {""tk"": ""established"", ""act"": 0.0}]"
20_74716,20,74716,entity: The founder of Apple is Steve Jobs, is,7,25.283451080322266,0.7413368175916825,functional,"[{""token"": "" Steve"", ""index"": 8, ""distance"": 1, ""direction"": ""forward""}]",json,"Say ""X""",,1.0,False,,Say (Steve),"[{""tk"": ""is"", ""act"": 25.283451080322266}, {""tk"": ""Apple"", ""act"": 17.071884155273438}, {""tk"": ""Steve"", ""act"": 16.503746032714844}, {""tk"": ""the"", ""act"": 0.0}, {""tk"": ""iPhone"", ""act"": 0.0}, {""tk"": ""technology"", ""act"": 0.0}, {""tk"": ""company"", ""act"": 0.0}, {""tk"": ""founder"", ""act"": 0.0}, {""tk"": ""of"", ""act"": 0.0}, {""tk"": ""Jobs"", ""act"": 0.0}, {""tk"": ""who"", ""act"": 0.0}, {""tk"": ""started"", ""act"": 0.0}, {""tk"": ""called"", ""act"": 0.0}, {""tk"": ""established"", ""act"": 0.0}]"
20_42046,20,42046,entity: The founder of Apple is Steve Jobs, Steve,8,23.987308502197266,0.803662137727207,semantic,"[{""token"": "" Steve"", ""index"": 8, ""distance"": 0, ""direction"": ""self""}]",n/a,Semantic,Dictionary,1.0,False,,Steve,"[{""tk"": ""Steve"", ""act"": 23.987308502197266}, {""tk"": ""is"", ""act"": 11.391357421875}, {""tk"": ""Apple"", ""act"": 7.007885932922363}, {""tk"": ""the"", ""act"": 0.0}, {""tk"": ""iPhone"", ""act"": 0.0}, {""tk"": ""technology"", ""act"": 0.0}, {""tk"": ""company"", ""act"": 0.0}, {""tk"": ""founder"", ""act"": 0.0}, {""tk"": ""of"", ""act"": 0.0}, {""tk"": ""Jobs"", ""act"": 0.0}, {""tk"": ""who"", ""act"": 0.0}, {""tk"": ""started"", ""act"": 0.0}, {""tk"": ""called"", ""act"": 0.0}, {""tk"": ""established"", ""act"": 0.0}]"
20_23306,20,23306,entity: The founder of Apple is Steve Jobs, is,7,19.55362701416016,0.8830739189024623,functional,"[{""token"": "" Steve"", ""index"": 8, ""distance"": 1, ""direction"": ""forward""}]",json,"Say ""X""",,1.0,False,,Say (Steve),"[{""tk"": ""is"", ""act"": 19.553627014160156}, {""tk"": ""Apple"", ""act"": 1.0233337879180908}, {""tk"": ""the"", ""act"": 0.0}, {""tk"": ""iPhone"", ""act"": 0.0}, {""tk"": ""technology"", ""act"": 0.0}, {""tk"": ""company"", ""act"": 0.0}, {""tk"": ""founder"", ""act"": 0.0}, {""tk"": ""of"", ""act"": 0.0}, {""tk"": ""Steve"", ""act"": 0.0}, {""tk"": ""Jobs"", ""act"": 0.0}, {""tk"": ""who"", ""act"": 0.0}, {""tk"": ""started"", ""act"": 0.0}, {""tk"": ""called"", ""act"": 0.0}, {""tk"": ""established"", ""act"": 0.0}]"
20_57602,20,57602,entity: The founder of Apple is Steve Jobs, Steve,8,19.095165252685547,0.7824957278557192,semantic,"[{""token"": "" Steve"", ""index"": 8, ""distance"": 0, ""direction"": ""self""}]",n/a,Semantic,Dictionary,1.0,False,,Steve,"[{""tk"": ""Steve"", ""act"": 19.095165252685547}, {""tk"": ""is"", ""act"": 15.213094711303711}, {""tk"": ""Apple"", ""act"": 3.0712602138519287}, {""tk"": ""the"", ""act"": 0.0}, {""tk"": ""iPhone"", ""act"": 0.0}, {""tk"": ""technology"", ""act"": 0.0}, {""tk"": ""company"", ""act"": 0.0}, {""tk"": ""founder"", ""act"": 0.0}, {""tk"": ""of"", ""act"": 0.0}, {""tk"": ""Jobs"", ""act"": 0.0}, {""tk"": ""who"", ""act"": 0.0}, {""tk"": ""started"", ""act"": 0.0}, {""tk"": ""called"", ""act"": 0.0}, {""tk"": ""established"", ""act"": 0.0}]"
20_43021,20,43021,entity: The founder of Apple is Steve Jobs, is,7,17.233726501464844,0.8695107488141383,functional,"[{""token"": "" Steve"", ""index"": 8, ""distance"": 1, ""direction"": ""forward""}]",json,"Say ""X""",,1.0,False,,Say (Steve),"[{""tk"": ""is"", ""act"": 17.233726501464844}, {""tk"": ""Apple"", ""act"": 3.005618095397949}, {""tk"": ""the"", ""act"": 0.0}, {""tk"": ""iPhone"", ""act"": 0.0}, {""tk"": ""technology"", ""act"": 0.0}, {""tk"": ""company"", ""act"": 0.0}, {""tk"": ""founder"", ""act"": 0.0}, {""tk"": ""of"", ""act"": 0.0}, {""tk"": ""Steve"", ""act"": 0.0}, {""tk"": ""Jobs"", ""act"": 0.0}, {""tk"": ""who"", ""act"": 0.0}, {""tk"": ""started"", ""act"": 0.0}, {""tk"": ""called"", ""act"": 0.0}, {""tk"": ""established"", ""act"": 0.0}]"
20_51510,20,51510,entity: The founder of Apple is Steve Jobs, is,7,14.046775817871094,0.8754047652929338,functional,"[{""token"": "" Steve"", ""index"": 8, ""distance"": 1, ""direction"": ""forward""}]",json,"Say ""X""",,1.0,False,,Say (Steve),"[{""tk"": ""is"", ""act"": 14.046775817871094}, {""tk"": ""Steve"", ""act"": 1.7046761512756348}, {""tk"": ""the"", ""act"": 0.0}, {""tk"": ""iPhone"", ""act"": 0.0}, {""tk"": ""technology"", ""act"": 0.0}, {""tk"": ""company"", ""act"": 0.0}, {""tk"": ""Apple"", ""act"": 0.0}, {""tk"": ""founder"", ""act"": 0.0}, {""tk"": ""of"", ""act"": 0.0}, {""tk"": ""Jobs"", ""act"": 0.0}, {""tk"": ""who"", ""act"": 0.0}, {""tk"": ""started"", ""act"": 0.0}, {""tk"": ""called"", ""act"": 0.0}, {""tk"": ""established"", ""act"": 0.0}]"
20_31449,20,31449,entity: The founder of Apple is Steve Jobs, is,7,4.13261604309082,0.888888888888889,functional,"[{""token"": "" Steve"", ""index"": 8, ""distance"": 1, ""direction"": ""forward""}]",json,"Say ""X""",,1.0,False,,Say (Steve),"[{""tk"": ""is"", ""act"": 4.13261604309082}, {""tk"": ""the"", ""act"": 0.0}, {""tk"": ""iPhone"", ""act"": 0.0}, {""tk"": ""technology"", ""act"": 0.0}, {""tk"": ""company"", ""act"": 0.0}, {""tk"": ""Apple"", ""act"": 0.0}, {""tk"": ""founder"", ""act"": 0.0}, {""tk"": ""of"", ""act"": 0.0}, {""tk"": ""Steve"", ""act"": 0.0}, {""tk"": ""Jobs"", ""act"": 0.0}, {""tk"": ""who"", ""act"": 0.0}, {""tk"": ""started"", ""act"": 0.0}, {""tk"": ""called"", ""act"": 0.0}, {""tk"": ""established"", ""act"": 0.0}]"
20_13074,20,13074,entity: The founder of Apple is Steve Jobs, is,7,3.735897064208984,0.888888888888889,functional,"[{""token"": "" Steve"", ""index"": 8, ""distance"": 1, ""direction"": ""forward""}]",json,Semantic,Concept,0.7949928930285114,False,,iphone,"[{""tk"": ""iPhone"", ""act"": 4.699283599853516}, {""tk"": ""is"", ""act"": 3.7358970642089844}, {""tk"": ""the"", ""act"": 0.0}, {""tk"": ""technology"", ""act"": 0.0}, {""tk"": ""company"", ""act"": 0.0}, {""tk"": ""Apple"", ""act"": 0.0}, {""tk"": ""founder"", ""act"": 0.0}, {""tk"": ""of"", ""act"": 0.0}, {""tk"": ""Steve"", ""act"": 0.0}, {""tk"": ""Jobs"", ""act"": 0.0}, {""tk"": ""who"", ""act"": 0.0}, {""tk"": ""started"", ""act"": 0.0}, {""tk"": ""called"", ""act"": 0.0}, {""tk"": ""established"", ""act"": 0.0}]"
20_47716,20,47716,entity: The founder of Apple is Steve Jobs,entity,1,0.0,0.0,semantic,"[{""token"": ""entity"", ""index"": 1, ""distance"": 0, ""direction"": ""self""}]",n/a,Relationship,,1.0,False,,(is) related,"[{""tk"": ""is"", ""act"": 0.0}, {""tk"": ""the"", ""act"": 0.0}, {""tk"": ""iPhone"", ""act"": 0.0}, {""tk"": ""technology"", ""act"": 0.0}, {""tk"": ""company"", ""act"": 0.0}, {""tk"": ""Apple"", ""act"": 0.0}, {""tk"": ""founder"", ""act"": 0.0}, {""tk"": ""of"", ""act"": 0.0}, {""tk"": ""Steve"", ""act"": 0.0}, {""tk"": ""Jobs"", ""act"": 0.0}, {""tk"": ""who"", ""act"": 0.0}, {""tk"": ""started"", ""act"": 0.0}, {""tk"": ""called"", ""act"": 0.0}, {""tk"": ""established"", ""act"": 0.0}]"
21_39908,21,39908,entity: The founder of Apple is Steve Jobs, is,7,33.599021911621094,0.8836926096843803,functional,"[{""token"": "" Steve"", ""index"": 8, ""distance"": 1, ""direction"": ""forward""}]",json,"Say ""X""",,1.0,False,,Say (Steve),"[{""tk"": ""is"", ""act"": 33.599021911621094}, {""tk"": ""Steve"", ""act"": 1.5713090896606445}, {""tk"": ""the"", ""act"": 0.0}, {""tk"": ""iPhone"", ""act"": 0.0}, {""tk"": ""technology"", ""act"": 0.0}, {""tk"": ""company"", ""act"": 0.0}, {""tk"": ""Apple"", ""act"": 0.0}, {""tk"": ""founder"", ""act"": 0.0}, {""tk"": ""of"", ""act"": 0.0}, {""tk"": ""Jobs"", ""act"": 0.0}, {""tk"": ""who"", ""act"": 0.0}, {""tk"": ""started"", ""act"": 0.0}, {""tk"": ""called"", ""act"": 0.0}, {""tk"": ""established"", ""act"": 0.0}]"
21_32828,21,32828,entity: The founder of Apple is Steve Jobs, is,7,21.2418155670166,0.888888888888889,functional,"[{""token"": "" Steve"", ""index"": 8, ""distance"": 1, ""direction"": ""forward""}]",json,"Say ""X""",,1.0,False,,Say (Steve),"[{""tk"": ""is"", ""act"": 21.2418155670166}, {""tk"": ""the"", ""act"": 0.0}, {""tk"": ""iPhone"", ""act"": 0.0}, {""tk"": ""technology"", ""act"": 0.0}, {""tk"": ""company"", ""act"": 0.0}, {""tk"": ""Apple"", ""act"": 0.0}, {""tk"": ""founder"", ""act"": 0.0}, {""tk"": ""of"", ""act"": 0.0}, {""tk"": ""Steve"", ""act"": 0.0}, {""tk"": ""Jobs"", ""act"": 0.0}, {""tk"": ""who"", ""act"": 0.0}, {""tk"": ""started"", ""act"": 0.0}, {""tk"": ""called"", ""act"": 0.0}, {""tk"": ""established"", ""act"": 0.0}]"
21_49378,21,49378,entity: The founder of Apple is Steve Jobs, is,7,15.311559677124023,0.8888888888888888,functional,"[{""token"": "" Steve"", ""index"": 8, ""distance"": 1, ""direction"": ""forward""}]",json,"Say ""X""",,1.0,False,,Say (Steve),"[{""tk"": ""is"", ""act"": 15.311559677124023}, {""tk"": ""the"", ""act"": 0.0}, {""tk"": ""iPhone"", ""act"": 0.0}, {""tk"": ""technology"", ""act"": 0.0}, {""tk"": ""company"", ""act"": 0.0}, {""tk"": ""Apple"", ""act"": 0.0}, {""tk"": ""founder"", ""act"": 0.0}, {""tk"": ""of"", ""act"": 0.0}, {""tk"": ""Steve"", ""act"": 0.0}, {""tk"": ""Jobs"", ""act"": 0.0}, {""tk"": ""who"", ""act"": 0.0}, {""tk"": ""started"", ""act"": 0.0}, {""tk"": ""called"", ""act"": 0.0}, {""tk"": ""established"", ""act"": 0.0}]"
21_13776,21,13776,entity: The founder of Apple is Steve Jobs, Apple,6,15.109707832336426,0.8352726804235883,semantic,"[{""token"": "" Apple"", ""index"": 6, ""distance"": 0, ""direction"": ""self""}]",n/a,Semantic,Concept,0.8517820074216358,False,,Apple,"[{""tk"": ""Apple"", ""act"": 15.109707832336426}, {""tk"": ""is"", ""act"": 12.870177268981934}, {""tk"": ""company"", ""act"": 10.632230758666992}, {""tk"": ""the"", ""act"": 0.0}, {""tk"": ""iPhone"", ""act"": 0.0}, {""tk"": ""technology"", ""act"": 0.0}, {""tk"": ""founder"", ""act"": 0.0}, {""tk"": ""of"", ""act"": 0.0}, {""tk"": ""Steve"", ""act"": 0.0}, {""tk"": ""Jobs"", ""act"": 0.0}, {""tk"": ""who"", ""act"": 0.0}, {""tk"": ""started"", ""act"": 0.0}, {""tk"": ""called"", ""act"": 0.0}, {""tk"": ""established"", ""act"": 0.0}]"
21_85860,21,85860,entity: The founder of Apple is Steve Jobs, Apple,6,14.669970512390137,0.888888888888889,semantic,"[{""token"": "" Apple"", ""index"": 6, ""distance"": 0, ""direction"": ""self""}]",n/a,Semantic,Concept,0.7,False,,Apple,"[{""tk"": ""Apple"", ""act"": 14.669970512390137}, {""tk"": ""iPhone"", ""act"": 7.410037040710449}, {""tk"": ""is"", ""act"": 0.0}, {""tk"": ""the"", ""act"": 0.0}, {""tk"": ""technology"", ""act"": 0.0}, {""tk"": ""company"", ""act"": 0.0}, {""tk"": ""founder"", ""act"": 0.0}, {""tk"": ""of"", ""act"": 0.0}, {""tk"": ""Steve"", ""act"": 0.0}, {""tk"": ""Jobs"", ""act"": 0.0}, {""tk"": ""who"", ""act"": 0.0}, {""tk"": ""started"", ""act"": 0.0}, {""tk"": ""called"", ""act"": 0.0}, {""tk"": ""established"", ""act"": 0.0}]"
21_71862,21,71862,entity: The founder of Apple is Steve Jobs, is,7,3.673218250274658,0.8888888888888888,functional,"[{""token"": "" Steve"", ""index"": 8, ""distance"": 1, ""direction"": ""forward""}]",json,"Say ""X""",,1.0,False,,Say (Steve),"[{""tk"": ""is"", ""act"": 3.673218250274658}, {""tk"": ""the"", ""act"": 0.0}, {""tk"": ""iPhone"", ""act"": 0.0}, {""tk"": ""technology"", ""act"": 0.0}, {""tk"": ""company"", ""act"": 0.0}, {""tk"": ""Apple"", ""act"": 0.0}, {""tk"": ""founder"", ""act"": 0.0}, {""tk"": ""of"", ""act"": 0.0}, {""tk"": ""Steve"", ""act"": 0.0}, {""tk"": ""Jobs"", ""act"": 0.0}, {""tk"": ""who"", ""act"": 0.0}, {""tk"": ""started"", ""act"": 0.0}, {""tk"": ""called"", ""act"": 0.0}, {""tk"": ""established"", ""act"": 0.0}]"
21_19215,21,19215,entity: The founder of Apple is Steve Jobs,entity,1,0.0,0.0,semantic,"[{""token"": ""entity"", ""index"": 1, ""distance"": 0, ""direction"": ""self""}]",n/a,Relationship,,1.0,False,,(is) related,"[{""tk"": ""is"", ""act"": 0.0}, {""tk"": ""the"", ""act"": 0.0}, {""tk"": ""iPhone"", ""act"": 0.0}, {""tk"": ""technology"", ""act"": 0.0}, {""tk"": ""company"", ""act"": 0.0}, {""tk"": ""Apple"", ""act"": 0.0}, {""tk"": ""founder"", ""act"": 0.0}, {""tk"": ""of"", ""act"": 0.0}, {""tk"": ""Steve"", ""act"": 0.0}, {""tk"": ""Jobs"", ""act"": 0.0}, {""tk"": ""who"", ""act"": 0.0}, {""tk"": ""started"", ""act"": 0.0}, {""tk"": ""called"", ""act"": 0.0}, {""tk"": ""established"", ""act"": 0.0}]"
21_64230,21,64230,entity: The founder of Apple is Steve Jobs,entity,1,0.0,0.0,semantic,"[{""token"": ""entity"", ""index"": 1, ""distance"": 0, ""direction"": ""self""}]",n/a,Relationship,,1.0,False,,(is) related,"[{""tk"": ""is"", ""act"": 0.0}, {""tk"": ""the"", ""act"": 0.0}, {""tk"": ""iPhone"", ""act"": 0.0}, {""tk"": ""technology"", ""act"": 0.0}, {""tk"": ""company"", ""act"": 0.0}, {""tk"": ""Apple"", ""act"": 0.0}, {""tk"": ""founder"", ""act"": 0.0}, {""tk"": ""of"", ""act"": 0.0}, {""tk"": ""Steve"", ""act"": 0.0}, {""tk"": ""Jobs"", ""act"": 0.0}, {""tk"": ""who"", ""act"": 0.0}, {""tk"": ""started"", ""act"": 0.0}, {""tk"": ""called"", ""act"": 0.0}, {""tk"": ""established"", ""act"": 0.0}]"
21_86750,21,86750,entity: The founder of Apple is Steve Jobs,entity,1,0.0,0.0,semantic,"[{""token"": ""entity"", ""index"": 1, ""distance"": 0, ""direction"": ""self""}]",n/a,Relationship,,1.0,False,,(is) related,"[{""tk"": ""is"", ""act"": 0.0}, {""tk"": ""the"", ""act"": 0.0}, {""tk"": ""iPhone"", ""act"": 0.0}, {""tk"": ""technology"", ""act"": 0.0}, {""tk"": ""company"", ""act"": 0.0}, {""tk"": ""Apple"", ""act"": 0.0}, {""tk"": ""founder"", ""act"": 0.0}, {""tk"": ""of"", ""act"": 0.0}, {""tk"": ""Steve"", ""act"": 0.0}, {""tk"": ""Jobs"", ""act"": 0.0}, {""tk"": ""who"", ""act"": 0.0}, {""tk"": ""started"", ""act"": 0.0}, {""tk"": ""called"", ""act"": 0.0}, {""tk"": ""established"", ""act"": 0.0}]"
22_85005,22,85005,entity: The founder of Apple is Steve Jobs, is,7,31.72748374938965,0.8218363965182038,functional,"[{""token"": "" Steve"", ""index"": 8, ""distance"": 1, ""direction"": ""forward""}]",json,"Say ""X""",,1.0,False,,Say (Steve),"[{""tk"": ""is"", ""act"": 31.72748374938965}, {""tk"": ""Steve"", ""act"": 11.590015411376953}, {""tk"": ""Apple"", ""act"": 6.004422664642334}, {""tk"": ""Jobs"", ""act"": 1.5522236824035645}, {""tk"": ""the"", ""act"": 0.0}, {""tk"": ""iPhone"", ""act"": 0.0}, {""tk"": ""technology"", ""act"": 0.0}, {""tk"": ""company"", ""act"": 0.0}, {""tk"": ""founder"", ""act"": 0.0}, {""tk"": ""of"", ""act"": 0.0}, {""tk"": ""who"", ""act"": 0.0}, {""tk"": ""started"", ""act"": 0.0}, {""tk"": ""called"", ""act"": 0.0}, {""tk"": ""established"", ""act"": 0.0}]"
22_94412,22,94412,entity: The founder of Apple is Steve Jobs, is,7,24.150474548339844,0.8087925460261779,functional,"[{""token"": "" Steve"", ""index"": 8, ""distance"": 1, ""direction"": ""forward""}]",json,Semantic,Concept,0.5,False,,Apple,"[{""tk"": ""is"", ""act"": 24.150474548339844}, {""tk"": ""Apple"", ""act"": 12.276620864868164}, {""tk"": ""Steve"", ""act"": 5.13266134262085}, {""tk"": ""the"", ""act"": 0.0}, {""tk"": ""iPhone"", ""act"": 0.0}, {""tk"": ""technology"", ""act"": 0.0}, {""tk"": ""company"", ""act"": 0.0}, {""tk"": ""founder"", ""act"": 0.0}, {""tk"": ""of"", ""act"": 0.0}, {""tk"": ""Jobs"", ""act"": 0.0}, {""tk"": ""who"", ""act"": 0.0}, {""tk"": ""started"", ""act"": 0.0}, {""tk"": ""called"", ""act"": 0.0}, {""tk"": ""established"", ""act"": 0.0}]"
22_24121,22,24121,entity: The founder of Apple is Steve Jobs, Steve,8,17.731365203857422,0.8170048438885363,semantic,"[{""token"": "" Steve"", ""index"": 8, ""distance"": 0, ""direction"": ""self""}]",n/a,Semantic,Dictionary,1.0,False,,Steve,"[{""tk"": ""Steve"", ""act"": 17.731365203857422}, {""tk"": ""is"", ""act"": 11.471420288085938}, {""tk"": ""the"", ""act"": 0.0}, {""tk"": ""iPhone"", ""act"": 0.0}, {""tk"": ""technology"", ""act"": 0.0}, {""tk"": ""company"", ""act"": 0.0}, {""tk"": ""Apple"", ""act"": 0.0}, {""tk"": ""founder"", ""act"": 0.0}, {""tk"": ""of"", ""act"": 0.0}, {""tk"": ""Jobs"", ""act"": 0.0}, {""tk"": ""who"", ""act"": 0.0}, {""tk"": ""started"", ""act"": 0.0}, {""tk"": ""called"", ""act"": 0.0}, {""tk"": ""established"", ""act"": 0.0}]"
22_7261,22,7261,entity: The founder of Apple is Steve Jobs, is,7,9.73313045501709,0.888888888888889,functional,"[{""token"": "" Steve"", ""index"": 8, ""distance"": 1, ""direction"": ""forward""}]",json,"Say ""X""",,1.0,False,,Say (Steve),"[{""tk"": ""is"", ""act"": 9.73313045501709}, {""tk"": ""the"", ""act"": 0.0}, {""tk"": ""iPhone"", ""act"": 0.0}, {""tk"": ""technology"", ""act"": 0.0}, {""tk"": ""company"", ""act"": 0.0}, {""tk"": ""Apple"", ""act"": 0.0}, {""tk"": ""founder"", ""act"": 0.0}, {""tk"": ""of"", ""act"": 0.0}, {""tk"": ""Steve"", ""act"": 0.0}, {""tk"": ""Jobs"", ""act"": 0.0}, {""tk"": ""who"", ""act"": 0.0}, {""tk"": ""started"", ""act"": 0.0}, {""tk"": ""called"", ""act"": 0.0}, {""tk"": ""established"", ""act"": 0.0}]"
22_10942,22,10942,entity: The founder of Apple is Steve Jobs, is,7,9.65019989013672,0.8888888888888888,functional,"[{""token"": "" Steve"", ""index"": 8, ""distance"": 1, ""direction"": ""forward""}]",json,"Say ""X""",,1.0,False,,Say (Steve),"[{""tk"": ""is"", ""act"": 9.650199890136719}, {""tk"": ""the"", ""act"": 0.0}, {""tk"": ""iPhone"", ""act"": 0.0}, {""tk"": ""technology"", ""act"": 0.0}, {""tk"": ""company"", ""act"": 0.0}, {""tk"": ""Apple"", ""act"": 0.0}, {""tk"": ""founder"", ""act"": 0.0}, {""tk"": ""of"", ""act"": 0.0}, {""tk"": ""Steve"", ""act"": 0.0}, {""tk"": ""Jobs"", ""act"": 0.0}, {""tk"": ""who"", ""act"": 0.0}, {""tk"": ""started"", ""act"": 0.0}, {""tk"": ""called"", ""act"": 0.0}, {""tk"": ""established"", ""act"": 0.0}]"
22_1063,22,1063,entity: The founder of Apple is Steve Jobs, is,7,8.293167114257812,0.8888888888888888,functional,"[{""token"": "" Steve"", ""index"": 8, ""distance"": 1, ""direction"": ""forward""}]",json,"Say ""X""",,1.0,False,,Say (Steve),"[{""tk"": ""is"", ""act"": 8.293167114257812}, {""tk"": ""the"", ""act"": 0.0}, {""tk"": ""iPhone"", ""act"": 0.0}, {""tk"": ""technology"", ""act"": 0.0}, {""tk"": ""company"", ""act"": 0.0}, {""tk"": ""Apple"", ""act"": 0.0}, {""tk"": ""founder"", ""act"": 0.0}, {""tk"": ""of"", ""act"": 0.0}, {""tk"": ""Steve"", ""act"": 0.0}, {""tk"": ""Jobs"", ""act"": 0.0}, {""tk"": ""who"", ""act"": 0.0}, {""tk"": ""started"", ""act"": 0.0}, {""tk"": ""called"", ""act"": 0.0}, {""tk"": ""established"", ""act"": 0.0}]"
23_44742,23,44742,entity: The founder of Apple is Steve Jobs, is,7,16.861608505249023,0.7814372402586723,functional,"[{""token"": "" Steve"", ""index"": 8, ""distance"": 1, ""direction"": ""forward""}]",json,Semantic,Concept,0.8564568621180703,False,,iphone,"[{""tk"": ""is"", ""act"": 16.861608505249023}, {""tk"": ""Apple"", ""act"": 16.3062686920166}, {""tk"": ""iPhone"", ""act"": 14.441240310668945}, {""tk"": ""the"", ""act"": 0.0}, {""tk"": ""technology"", ""act"": 0.0}, {""tk"": ""company"", ""act"": 0.0}, {""tk"": ""founder"", ""act"": 0.0}, {""tk"": ""of"", ""act"": 0.0}, {""tk"": ""Steve"", ""act"": 0.0}, {""tk"": ""Jobs"", ""act"": 0.0}, {""tk"": ""who"", ""act"": 0.0}, {""tk"": ""started"", ""act"": 0.0}, {""tk"": ""called"", ""act"": 0.0}, {""tk"": ""established"", ""act"": 0.0}]"
23_1666,23,1666,entity: The founder of Apple is Steve Jobs, is,7,5.953601360321045,0.888888888888889,functional,"[{""token"": "" Steve"", ""index"": 8, ""distance"": 1, ""direction"": ""forward""}]",json,"Say ""X""",,1.0,False,,Say (Steve),"[{""tk"": ""is"", ""act"": 5.953601360321045}, {""tk"": ""the"", ""act"": 0.0}, {""tk"": ""iPhone"", ""act"": 0.0}, {""tk"": ""technology"", ""act"": 0.0}, {""tk"": ""company"", ""act"": 0.0}, {""tk"": ""Apple"", ""act"": 0.0}, {""tk"": ""founder"", ""act"": 0.0}, {""tk"": ""of"", ""act"": 0.0}, {""tk"": ""Steve"", ""act"": 0.0}, {""tk"": ""Jobs"", ""act"": 0.0}, {""tk"": ""who"", ""act"": 0.0}, {""tk"": ""started"", ""act"": 0.0}, {""tk"": ""called"", ""act"": 0.0}, {""tk"": ""established"", ""act"": 0.0}]"
23_16389,23,16389,entity: The founder of Apple is Steve Jobs,entity,1,0.0,0.0,semantic,"[{""token"": ""entity"", ""index"": 1, ""distance"": 0, ""direction"": ""self""}]",n/a,Relationship,,1.0,False,,(is) related,"[{""tk"": ""is"", ""act"": 0.0}, {""tk"": ""the"", ""act"": 0.0}, {""tk"": ""iPhone"", ""act"": 0.0}, {""tk"": ""technology"", ""act"": 0.0}, {""tk"": ""company"", ""act"": 0.0}, {""tk"": ""Apple"", ""act"": 0.0}, {""tk"": ""founder"", ""act"": 0.0}, {""tk"": ""of"", ""act"": 0.0}, {""tk"": ""Steve"", ""act"": 0.0}, {""tk"": ""Jobs"", ""act"": 0.0}, {""tk"": ""who"", ""act"": 0.0}, {""tk"": ""started"", ""act"": 0.0}, {""tk"": ""called"", ""act"": 0.0}, {""tk"": ""established"", ""act"": 0.0}]"
23_87989,23,87989,entity: The founder of Apple is Steve Jobs,entity,1,0.0,0.0,semantic,"[{""token"": ""entity"", ""index"": 1, ""distance"": 0, ""direction"": ""self""}]",n/a,Relationship,,1.0,False,,(is) related,"[{""tk"": ""is"", ""act"": 0.0}, {""tk"": ""the"", ""act"": 0.0}, {""tk"": ""iPhone"", ""act"": 0.0}, {""tk"": ""technology"", ""act"": 0.0}, {""tk"": ""company"", ""act"": 0.0}, {""tk"": ""Apple"", ""act"": 0.0}, {""tk"": ""founder"", ""act"": 0.0}, {""tk"": ""of"", ""act"": 0.0}, {""tk"": ""Steve"", ""act"": 0.0}, {""tk"": ""Jobs"", ""act"": 0.0}, {""tk"": ""who"", ""act"": 0.0}, {""tk"": ""started"", ""act"": 0.0}, {""tk"": ""called"", ""act"": 0.0}, {""tk"": ""established"", ""act"": 0.0}]"
24_79427,24,79427,entity: The founder of Apple is Steve Jobs, Steve,8,138.78564453125,0.8187386180955512,semantic,"[{""token"": "" Steve"", ""index"": 8, ""distance"": 0, ""direction"": ""self""}]",n/a,Semantic,Concept,0.7,False,,Steve,"[{""tk"": ""Steve"", ""act"": 138.78564453125}, {""tk"": ""is"", ""act"": 71.5973892211914}, {""tk"": ""the"", ""act"": 62.97042465209961}, {""tk"": ""of"", ""act"": 43.29286193847656}, {""tk"": ""Apple"", ""act"": 20.790451049804688}, {""tk"": ""founder"", ""act"": 13.590836524963379}, {""tk"": ""established"", ""act"": 8.82997989654541}, {""tk"": ""iPhone"", ""act"": 0.0}, {""tk"": ""technology"", ""act"": 0.0}, {""tk"": ""company"", ""act"": 0.0}, {""tk"": ""Jobs"", ""act"": 0.0}, {""tk"": ""who"", ""act"": 0.0}, {""tk"": ""started"", ""act"": 0.0}, {""tk"": ""called"", ""act"": 0.0}]"
24_2574,24,2574,entity: The founder of Apple is Steve Jobs, Steve,8,43.48797607421875,0.8000189725231549,semantic,"[{""token"": "" Steve"", ""index"": 8, ""distance"": 0, ""direction"": ""self""}]",n/a,Semantic,Dictionary,1.0,False,,Steve,"[{""tk"": ""Steve"", ""act"": 43.48797607421875}, {""tk"": ""is"", ""act"": 34.782955169677734}, {""tk"": ""the"", ""act"": 0.0}, {""tk"": ""iPhone"", ""act"": 0.0}, {""tk"": ""technology"", ""act"": 0.0}, {""tk"": ""company"", ""act"": 0.0}, {""tk"": ""Apple"", ""act"": 0.0}, {""tk"": ""founder"", ""act"": 0.0}, {""tk"": ""of"", ""act"": 0.0}, {""tk"": ""Jobs"", ""act"": 0.0}, {""tk"": ""who"", ""act"": 0.0}, {""tk"": ""started"", ""act"": 0.0}, {""tk"": ""called"", ""act"": 0.0}, {""tk"": ""established"", ""act"": 0.0}]"
24_66779,24,66779,entity: The founder of Apple is Steve Jobs,entity,1,0.0,0.0,semantic,"[{""token"": ""entity"", ""index"": 1, ""distance"": 0, ""direction"": ""self""}]",n/a,Relationship,,1.0,False,,(is) related,"[{""tk"": ""is"", ""act"": 0.0}, {""tk"": ""the"", ""act"": 0.0}, {""tk"": ""iPhone"", ""act"": 0.0}, {""tk"": ""technology"", ""act"": 0.0}, {""tk"": ""company"", ""act"": 0.0}, {""tk"": ""Apple"", ""act"": 0.0}, {""tk"": ""founder"", ""act"": 0.0}, {""tk"": ""of"", ""act"": 0.0}, {""tk"": ""Steve"", ""act"": 0.0}, {""tk"": ""Jobs"", ""act"": 0.0}, {""tk"": ""who"", ""act"": 0.0}, {""tk"": ""started"", ""act"": 0.0}, {""tk"": ""called"", ""act"": 0.0}, {""tk"": ""established"", ""act"": 0.0}]"
25_288,25,288,entity: The founder of Apple is Steve Jobs, Steve,8,176.8882293701172,0.8831071437057313,semantic,"[{""token"": "" Steve"", ""index"": 8, ""distance"": 0, ""direction"": ""self""}]",n/a,Semantic,Concept,0.7,False,,Steve,"[{""tk"": ""Steve"", ""act"": 176.8882293701172}, {""tk"": ""the"", ""act"": 135.9422607421875}, {""tk"": ""is"", ""act"": 15.380372047424316}, {""tk"": ""Apple"", ""act"": 9.173041343688965}, {""tk"": ""iPhone"", ""act"": 0.0}, {""tk"": ""technology"", ""act"": 0.0}, {""tk"": ""company"", ""act"": 0.0}, {""tk"": ""founder"", ""act"": 0.0}, {""tk"": ""of"", ""act"": 0.0}, {""tk"": ""Jobs"", ""act"": 0.0}, {""tk"": ""who"", ""act"": 0.0}, {""tk"": ""started"", ""act"": 0.0}, {""tk"": ""called"", ""act"": 0.0}, {""tk"": ""established"", ""act"": 0.0}]"
0_51434,0,51434,attribute: The person who started and created a company is called the founder, the,13,85.57115936279297,0.8961022663563493,functional,"[{""token"": "" founder"", ""index"": 14, ""distance"": 1, ""direction"": ""forward""}]",json,Semantic,Dictionary,0.8,False,,The,"[{""tk"": ""the"", ""act"": 85.57115936279297}, {""tk"": ""is"", ""act"": 0.0}, {""tk"": ""iPhone"", ""act"": 0.0}, {""tk"": ""technology"", ""act"": 0.0}, {""tk"": ""company"", ""act"": 0.0}, {""tk"": ""Apple"", ""act"": 0.0}, {""tk"": ""founder"", ""act"": 0.0}, {""tk"": ""of"", ""act"": 0.0}, {""tk"": ""Steve"", ""act"": 0.0}, {""tk"": ""Jobs"", ""act"": 0.0}, {""tk"": ""who"", ""act"": 0.0}, {""tk"": ""started"", ""act"": 0.0}, {""tk"": ""called"", ""act"": 0.0}, {""tk"": ""established"", ""act"": 0.0}]"
0_95475,0,95475,attribute: The person who started and created a company is called the founder, founder,14,75.76375579833984,0.6630813602251844,semantic,"[{""token"": "" founder"", ""index"": 14, ""distance"": 0, ""direction"": ""self""}]",n/a,Semantic,Dictionary (fallback),0.9,False,,technology,"[{""tk"": ""technology"", ""act"": 93.322021484375}, {""tk"": ""founder"", ""act"": 81.49853515625}, {""tk"": ""company"", ""act"": 69.5289535522461}, {""tk"": ""iPhone"", ""act"": 67.94441986083984}, {""tk"": ""Apple"", ""act"": 61.332576751708984}, {""tk"": ""established"", ""act"": 57.30805969238281}, {""tk"": ""Steve"", ""act"": 43.965614318847656}, {""tk"": ""Jobs"", ""act"": 43.11543655395508}, {""tk"": ""started"", ""act"": 30.94107437133789}, {""tk"": ""called"", ""act"": 26.789133071899414}, {""tk"": ""is"", ""act"": 0.0}, {""tk"": ""the"", ""act"": 0.0}, {""tk"": ""of"", ""act"": 0.0}, {""tk"": ""who"", ""act"": 0.0}]"
0_54198,0,54198,attribute: The person who started and created a company is called the founder, The,3,55.83657455444336,0.9285714285714284,functional,"[{""token"": "" person"", ""index"": 4, ""distance"": 1, ""direction"": ""forward""}]",json,Semantic,Dictionary (fallback),0.9,False,,The,"[{""tk"": ""The"", ""act"": 58.90497970581055}, {""tk"": ""is"", ""act"": 0.0}, {""tk"": ""iPhone"", ""act"": 0.0}, {""tk"": ""technology"", ""act"": 0.0}, {""tk"": ""company"", ""act"": 0.0}, {""tk"": ""Apple"", ""act"": 0.0}, {""tk"": ""founder"", ""act"": 0.0}, {""tk"": ""of"", ""act"": 0.0}, {""tk"": ""Steve"", ""act"": 0.0}, {""tk"": ""Jobs"", ""act"": 0.0}, {""tk"": ""who"", ""act"": 0.0}, {""tk"": ""started"", ""act"": 0.0}, {""tk"": ""called"", ""act"": 0.0}, {""tk"": ""established"", ""act"": 0.0}]"
0_40780,0,40780,attribute: The person who started and created a company is called the founder, who,5,54.23466110229492,0.6151004234411264,functional,"[{""token"": "" started"", ""index"": 6, ""distance"": 1, ""direction"": ""forward""}]",json,Semantic,Dictionary (fallback),0.9,False,,the,"[{""tk"": ""the"", ""act"": 57.46990203857422}, {""tk"": ""who"", ""act"": 54.23466110229492}, {""tk"": ""is"", ""act"": 53.85965347290039}, {""tk"": ""of"", ""act"": 40.54933166503906}, {""tk"": ""iPhone"", ""act"": 0.0}, {""tk"": ""technology"", ""act"": 0.0}, {""tk"": ""company"", ""act"": 0.0}, {""tk"": ""Apple"", ""act"": 0.0}, {""tk"": ""founder"", ""act"": 0.0}, {""tk"": ""Steve"", ""act"": 0.0}, {""tk"": ""Jobs"", ""act"": 0.0}, {""tk"": ""started"", ""act"": 0.0}, {""tk"": ""called"", ""act"": 0.0}, {""tk"": ""established"", ""act"": 0.0}]"
0_39122,0,39122,attribute: The person who started and created a company is called the founder,:,2,53.89388275146485,0.7656909492106765,functional,"[{""token"": "" person"", ""index"": 4, ""distance"": 2, ""direction"": ""forward""}, {""token"": ""attribute"", ""index"": 1, ""distance"": 1, ""direction"": ""backward""}]",json,Semantic,Dictionary (fallback),0.9,False,,punctuation,"[{""tk"": ""of"", ""act"": 38.268653869628906}, {""tk"": ""the"", ""act"": 36.712432861328125}, {""tk"": ""is"", ""act"": 0.0}, {""tk"": ""iPhone"", ""act"": 0.0}, {""tk"": ""technology"", ""act"": 0.0}, {""tk"": ""company"", ""act"": 0.0}, {""tk"": ""Apple"", ""act"": 0.0}, {""tk"": ""founder"", ""act"": 0.0}, {""tk"": ""Steve"", ""act"": 0.0}, {""tk"": ""Jobs"", ""act"": 0.0}, {""tk"": ""who"", ""act"": 0.0}, {""tk"": ""started"", ""act"": 0.0}, {""tk"": ""called"", ""act"": 0.0}, {""tk"": ""established"", ""act"": 0.0}]"
0_18753,0,18753,attribute: The person who started and created a company is called the founder,:,2,51.16717529296875,0.6943850092472028,functional,"[{""token"": "" person"", ""index"": 4, ""distance"": 2, ""direction"": ""forward""}, {""token"": ""attribute"", ""index"": 1, ""distance"": 1, ""direction"": ""backward""}]",json,Semantic,Dictionary (fallback),0.9,False,,punctuation,"[{""tk"": ""is"", ""act"": 47.909812927246094}, {""tk"": ""the"", ""act"": 45.05503845214844}, {""tk"": ""of"", ""act"": 43.002586364746094}, {""tk"": ""iPhone"", ""act"": 0.0}, {""tk"": ""technology"", ""act"": 0.0}, {""tk"": ""company"", ""act"": 0.0}, {""tk"": ""Apple"", ""act"": 0.0}, {""tk"": ""founder"", ""act"": 0.0}, {""tk"": ""Steve"", ""act"": 0.0}, {""tk"": ""Jobs"", ""act"": 0.0}, {""tk"": ""who"", ""act"": 0.0}, {""tk"": ""started"", ""act"": 0.0}, {""tk"": ""called"", ""act"": 0.0}, {""tk"": ""established"", ""act"": 0.0}]"
0_49560,0,49560,attribute: The person who started and created a company is called the founder, is,11,50.08353042602539,0.9285714285714284,functional,"[{""token"": "" called"", ""index"": 12, ""distance"": 1, ""direction"": ""forward""}]",json,Semantic,Dictionary,1.0,False,,is,"[{""tk"": ""is"", ""act"": 50.08353042602539}, {""tk"": ""the"", ""act"": 0.0}, {""tk"": ""iPhone"", ""act"": 0.0}, {""tk"": ""technology"", ""act"": 0.0}, {""tk"": ""company"", ""act"": 0.0}, {""tk"": ""Apple"", ""act"": 0.0}, {""tk"": ""founder"", ""act"": 0.0}, {""tk"": ""of"", ""act"": 0.0}, {""tk"": ""Steve"", ""act"": 0.0}, {""tk"": ""Jobs"", ""act"": 0.0}, {""tk"": ""who"", ""act"": 0.0}, {""tk"": ""started"", ""act"": 0.0}, {""tk"": ""called"", ""act"": 0.0}, {""tk"": ""established"", ""act"": 0.0}]"
0_35945,0,35945,attribute: The person who started and created a company is called the founder, The,3,47.66501998901367,0.9285714285714286,functional,"[{""token"": "" person"", ""index"": 4, ""distance"": 1, ""direction"": ""forward""}]",json,Semantic,Dictionary (fallback),0.9,False,,The,"[{""tk"": ""The"", ""act"": 47.75575637817383}, {""tk"": ""is"", ""act"": 0.0}, {""tk"": ""iPhone"", ""act"": 0.0}, {""tk"": ""technology"", ""act"": 0.0}, {""tk"": ""company"", ""act"": 0.0}, {""tk"": ""Apple"", ""act"": 0.0}, {""tk"": ""founder"", ""act"": 0.0}, {""tk"": ""of"", ""act"": 0.0}, {""tk"": ""Steve"", ""act"": 0.0}, {""tk"": ""Jobs"", ""act"": 0.0}, {""tk"": ""who"", ""act"": 0.0}, {""tk"": ""started"", ""act"": 0.0}, {""tk"": ""called"", ""act"": 0.0}, {""tk"": ""established"", ""act"": 0.0}]"
0_95057,0,95057,attribute: The person who started and created a company is called the founder,:,2,45.45860290527344,0.7396774664366573,functional,"[{""token"": "" person"", ""index"": 4, ""distance"": 2, ""direction"": ""forward""}, {""token"": ""attribute"", ""index"": 1, ""distance"": 1, ""direction"": ""backward""}]",json,Semantic,Dictionary (fallback),0.9,False,,punctuation,"[{""tk"": ""The"", ""act"": 34.374595642089844}, {""tk"": ""is"", ""act"": 30.81856346130371}, {""tk"": ""iPhone"", ""act"": 0.0}, {""tk"": ""technology"", ""act"": 0.0}, {""tk"": ""company"", ""act"": 0.0}, {""tk"": ""Apple"", ""act"": 0.0}, {""tk"": ""founder"", ""act"": 0.0}, {""tk"": ""of"", ""act"": 0.0}, {""tk"": ""Steve"", ""act"": 0.0}, {""tk"": ""Jobs"", ""act"": 0.0}, {""tk"": ""who"", ""act"": 0.0}, {""tk"": ""started"", ""act"": 0.0}, {""tk"": ""called"", ""act"": 0.0}, {""tk"": ""established"", ""act"": 0.0}]"
0_69528,0,69528,attribute: The person who started and created a company is called the founder, company,10,40.74187088012695,0.9285714285714286,semantic,"[{""token"": "" company"", ""index"": 10, ""distance"": 0, ""direction"": ""self""}]",n/a,Semantic,Dictionary,1.0,False,,company,"[{""tk"": ""company"", ""act"": 42.14494705200195}, {""tk"": ""is"", ""act"": 0.0}, {""tk"": ""the"", ""act"": 0.0}, {""tk"": ""iPhone"", ""act"": 0.0}, {""tk"": ""technology"", ""act"": 0.0}, {""tk"": ""Apple"", ""act"": 0.0}, {""tk"": ""founder"", ""act"": 0.0}, {""tk"": ""of"", ""act"": 0.0}, {""tk"": ""Steve"", ""act"": 0.0}, {""tk"": ""Jobs"", ""act"": 0.0}, {""tk"": ""who"", ""act"": 0.0}, {""tk"": ""started"", ""act"": 0.0}, {""tk"": ""called"", ""act"": 0.0}, {""tk"": ""established"", ""act"": 0.0}]"
0_5200,0,5200,attribute: The person who started and created a company is called the founder, is,11,34.73081588745117,0.9285714285714284,functional,"[{""token"": "" called"", ""index"": 12, ""distance"": 1, ""direction"": ""forward""}]",json,Semantic,Dictionary,1.0,False,,is,"[{""tk"": ""is"", ""act"": 46.00471878051758}, {""tk"": ""the"", ""act"": 0.0}, {""tk"": ""iPhone"", ""act"": 0.0}, {""tk"": ""technology"", ""act"": 0.0}, {""tk"": ""company"", ""act"": 0.0}, {""tk"": ""Apple"", ""act"": 0.0}, {""tk"": ""founder"", ""act"": 0.0}, {""tk"": ""of"", ""act"": 0.0}, {""tk"": ""Steve"", ""act"": 0.0}, {""tk"": ""Jobs"", ""act"": 0.0}, {""tk"": ""who"", ""act"": 0.0}, {""tk"": ""started"", ""act"": 0.0}, {""tk"": ""called"", ""act"": 0.0}, {""tk"": ""established"", ""act"": 0.0}]"
0_86119,0,86119,attribute: The person who started and created a company is called the founder, founder,14,29.443588256835938,0.9285714285714284,semantic,"[{""token"": "" founder"", ""index"": 14, ""distance"": 0, ""direction"": ""self""}]",n/a,Semantic,Dictionary,1.0,False,,founder,"[{""tk"": ""founder"", ""act"": 31.241363525390625}, {""tk"": ""is"", ""act"": 0.0}, {""tk"": ""the"", ""act"": 0.0}, {""tk"": ""iPhone"", ""act"": 0.0}, {""tk"": ""technology"", ""act"": 0.0}, {""tk"": ""company"", ""act"": 0.0}, {""tk"": ""Apple"", ""act"": 0.0}, {""tk"": ""of"", ""act"": 0.0}, {""tk"": ""Steve"", ""act"": 0.0}, {""tk"": ""Jobs"", ""act"": 0.0}, {""tk"": ""who"", ""act"": 0.0}, {""tk"": ""started"", ""act"": 0.0}, {""tk"": ""called"", ""act"": 0.0}, {""tk"": ""established"", ""act"": 0.0}]"
0_6596,0,6596,attribute: The person who started and created a company is called the founder, called,12,28.27146339416504,0.9285714285714286,semantic,"[{""token"": "" called"", ""index"": 12, ""distance"": 0, ""direction"": ""self""}]",n/a,Semantic,Dictionary,1.0,False,,called,"[{""tk"": ""called"", ""act"": 28.27146339416504}, {""tk"": ""is"", ""act"": 0.0}, {""tk"": ""the"", ""act"": 0.0}, {""tk"": ""iPhone"", ""act"": 0.0}, {""tk"": ""technology"", ""act"": 0.0}, {""tk"": ""company"", ""act"": 0.0}, {""tk"": ""Apple"", ""act"": 0.0}, {""tk"": ""founder"", ""act"": 0.0}, {""tk"": ""of"", ""act"": 0.0}, {""tk"": ""Steve"", ""act"": 0.0}, {""tk"": ""Jobs"", ""act"": 0.0}, {""tk"": ""who"", ""act"": 0.0}, {""tk"": ""started"", ""act"": 0.0}, {""tk"": ""established"", ""act"": 0.0}]"
0_54572,0,54572,attribute: The person who started and created a company is called the founder, The,3,26.9659481048584,0.9285714285714284,functional,"[{""token"": "" person"", ""index"": 4, ""distance"": 1, ""direction"": ""forward""}]",json,Semantic,Dictionary (fallback),0.9,False,,The,"[{""tk"": ""The"", ""act"": 30.52366828918457}, {""tk"": ""is"", ""act"": 0.0}, {""tk"": ""iPhone"", ""act"": 0.0}, {""tk"": ""technology"", ""act"": 0.0}, {""tk"": ""company"", ""act"": 0.0}, {""tk"": ""Apple"", ""act"": 0.0}, {""tk"": ""founder"", ""act"": 0.0}, {""tk"": ""of"", ""act"": 0.0}, {""tk"": ""Steve"", ""act"": 0.0}, {""tk"": ""Jobs"", ""act"": 0.0}, {""tk"": ""who"", ""act"": 0.0}, {""tk"": ""started"", ""act"": 0.0}, {""tk"": ""called"", ""act"": 0.0}, {""tk"": ""established"", ""act"": 0.0}]"
0_98149,0,98149,attribute: The person who started and created a company is called the founder,attribute,1,26.520139694213867,0.8463175442030392,semantic,"[{""token"": ""attribute"", ""index"": 1, ""distance"": 0, ""direction"": ""self""}]",n/a,Semantic,Dictionary (fallback),0.9,False,,Semantic (unknown),"[{""tk"": ""technology"", ""act"": 16.84918785095215}, {""tk"": ""company"", ""act"": 15.803342819213867}, {""tk"": ""founder"", ""act"": 14.010324478149414}, {""tk"": ""established"", ""act"": 8.117849349975586}, {""tk"": ""Apple"", ""act"": 6.845046520233154}, {""tk"": ""started"", ""act"": 1.926740288734436}, {""tk"": ""called"", ""act"": 0.5325685739517212}, {""tk"": ""is"", ""act"": 0.0}, {""tk"": ""the"", ""act"": 0.0}, {""tk"": ""iPhone"", ""act"": 0.0}, {""tk"": ""of"", ""act"": 0.0}, {""tk"": ""Steve"", ""act"": 0.0}, {""tk"": ""Jobs"", ""act"": 0.0}, {""tk"": ""who"", ""act"": 0.0}]"
0_44634,0,44634,attribute: The person who started and created a company is called the founder,attribute,1,19.13853645324707,0.9285714285714286,semantic,"[{""token"": ""attribute"", ""index"": 1, ""distance"": 0, ""direction"": ""self""}]",n/a,Semantic,Dictionary (fallback),0.9,False,,Semantic (unknown),"[{""tk"": ""is"", ""act"": 0.0}, {""tk"": ""the"", ""act"": 0.0}, {""tk"": ""iPhone"", ""act"": 0.0}, {""tk"": ""technology"", ""act"": 0.0}, {""tk"": ""company"", ""act"": 0.0}, {""tk"": ""Apple"", ""act"": 0.0}, {""tk"": ""founder"", ""act"": 0.0}, {""tk"": ""of"", ""act"": 0.0}, {""tk"": ""Steve"", ""act"": 0.0}, {""tk"": ""Jobs"", ""act"": 0.0}, {""tk"": ""who"", ""act"": 0.0}, {""tk"": ""started"", ""act"": 0.0}, {""tk"": ""called"", ""act"": 0.0}, {""tk"": ""established"", ""act"": 0.0}]"
0_32732,0,32732,attribute: The person who started and created a company is called the founder, started,6,25.020212173461918,0.7440795494962194,semantic,"[{""token"": "" started"", ""index"": 6, ""distance"": 0, ""direction"": ""self""}]",n/a,Semantic,Dictionary (fallback),0.9,False,,established,"[{""tk"": ""established"", ""act"": 28.430463790893555}, {""tk"": ""started"", ""act"": 25.020212173461914}, {""tk"": ""who"", ""act"": 20.396818161010742}, {""tk"": ""called"", ""act"": 9.311948776245117}, {""tk"": ""is"", ""act"": 8.960206985473633}, {""tk"": ""founder"", ""act"": 5.750412940979004}, {""tk"": ""technology"", ""act"": 3.8221561908721924}, {""tk"": ""company"", ""act"": 0.25118565559387207}, {""tk"": ""the"", ""act"": 0.0}, {""tk"": ""iPhone"", ""act"": 0.0}, {""tk"": ""Apple"", ""act"": 0.0}, {""tk"": ""of"", ""act"": 0.0}, {""tk"": ""Steve"", ""act"": 0.0}, {""tk"": ""Jobs"", ""act"": 0.0}]"
0_97077,0,97077,attribute: The person who started and created a company is called the founder,attribute,1,0.0,0.0,semantic,"[{""token"": ""attribute"", ""index"": 1, ""distance"": 0, ""direction"": ""self""}]",n/a,Relationship,,1.0,False,,(is) related,"[{""tk"": ""is"", ""act"": 0.0}, {""tk"": ""the"", ""act"": 0.0}, {""tk"": ""iPhone"", ""act"": 0.0}, {""tk"": ""technology"", ""act"": 0.0}, {""tk"": ""company"", ""act"": 0.0}, {""tk"": ""Apple"", ""act"": 0.0}, {""tk"": ""founder"", ""act"": 0.0}, {""tk"": ""of"", ""act"": 0.0}, {""tk"": ""Steve"", ""act"": 0.0}, {""tk"": ""Jobs"", ""act"": 0.0}, {""tk"": ""who"", ""act"": 0.0}, {""tk"": ""started"", ""act"": 0.0}, {""tk"": ""called"", ""act"": 0.0}, {""tk"": ""established"", ""act"": 0.0}]"
0_91570,0,91570,attribute: The person who started and created a company is called the founder,attribute,1,21.154773712158203,0.9285714285714284,semantic,"[{""token"": ""attribute"", ""index"": 1, ""distance"": 0, ""direction"": ""self""}]",n/a,Semantic,Dictionary (fallback),0.9,False,,Semantic (unknown),"[{""tk"": ""is"", ""act"": 0.0}, {""tk"": ""the"", ""act"": 0.0}, {""tk"": ""iPhone"", ""act"": 0.0}, {""tk"": ""technology"", ""act"": 0.0}, {""tk"": ""company"", ""act"": 0.0}, {""tk"": ""Apple"", ""act"": 0.0}, {""tk"": ""founder"", ""act"": 0.0}, {""tk"": ""of"", ""act"": 0.0}, {""tk"": ""Steve"", ""act"": 0.0}, {""tk"": ""Jobs"", ""act"": 0.0}, {""tk"": ""who"", ""act"": 0.0}, {""tk"": ""started"", ""act"": 0.0}, {""tk"": ""called"", ""act"": 0.0}, {""tk"": ""established"", ""act"": 0.0}]"
0_19204,0,19204,attribute: The person who started and created a company is called the founder,attribute,1,0.0,0.0,semantic,"[{""token"": ""attribute"", ""index"": 1, ""distance"": 0, ""direction"": ""self""}]",n/a,Relationship,,1.0,False,,(is) related,"[{""tk"": ""is"", ""act"": 0.0}, {""tk"": ""the"", ""act"": 0.0}, {""tk"": ""iPhone"", ""act"": 0.0}, {""tk"": ""technology"", ""act"": 0.0}, {""tk"": ""company"", ""act"": 0.0}, {""tk"": ""Apple"", ""act"": 0.0}, {""tk"": ""founder"", ""act"": 0.0}, {""tk"": ""of"", ""act"": 0.0}, {""tk"": ""Steve"", ""act"": 0.0}, {""tk"": ""Jobs"", ""act"": 0.0}, {""tk"": ""who"", ""act"": 0.0}, {""tk"": ""started"", ""act"": 0.0}, {""tk"": ""called"", ""act"": 0.0}, {""tk"": ""established"", ""act"": 0.0}]"
0_20171,0,20171,attribute: The person who started and created a company is called the founder,attribute,1,0.0,0.0,semantic,"[{""token"": ""attribute"", ""index"": 1, ""distance"": 0, ""direction"": ""self""}]",n/a,Relationship,,1.0,False,,(is) related,"[{""tk"": ""is"", ""act"": 0.0}, {""tk"": ""the"", ""act"": 0.0}, {""tk"": ""iPhone"", ""act"": 0.0}, {""tk"": ""technology"", ""act"": 0.0}, {""tk"": ""company"", ""act"": 0.0}, {""tk"": ""Apple"", ""act"": 0.0}, {""tk"": ""founder"", ""act"": 0.0}, {""tk"": ""of"", ""act"": 0.0}, {""tk"": ""Steve"", ""act"": 0.0}, {""tk"": ""Jobs"", ""act"": 0.0}, {""tk"": ""who"", ""act"": 0.0}, {""tk"": ""started"", ""act"": 0.0}, {""tk"": ""called"", ""act"": 0.0}, {""tk"": ""established"", ""act"": 0.0}]"
0_44217,0,44217,attribute: The person who started and created a company is called the founder,attribute,1,0.0,0.0,semantic,"[{""token"": ""attribute"", ""index"": 1, ""distance"": 0, ""direction"": ""self""}]",n/a,Relationship,,1.0,False,,(is) related,"[{""tk"": ""is"", ""act"": 0.0}, {""tk"": ""the"", ""act"": 0.0}, {""tk"": ""iPhone"", ""act"": 0.0}, {""tk"": ""technology"", ""act"": 0.0}, {""tk"": ""company"", ""act"": 0.0}, {""tk"": ""Apple"", ""act"": 0.0}, {""tk"": ""founder"", ""act"": 0.0}, {""tk"": ""of"", ""act"": 0.0}, {""tk"": ""Steve"", ""act"": 0.0}, {""tk"": ""Jobs"", ""act"": 0.0}, {""tk"": ""who"", ""act"": 0.0}, {""tk"": ""started"", ""act"": 0.0}, {""tk"": ""called"", ""act"": 0.0}, {""tk"": ""established"", ""act"": 0.0}]"
0_62012,0,62012,attribute: The person who started and created a company is called the founder, company,10,18.02458953857422,0.9285714285714284,semantic,"[{""token"": "" company"", ""index"": 10, ""distance"": 0, ""direction"": ""self""}]",n/a,Semantic,Dictionary,1.0,False,,company,"[{""tk"": ""company"", ""act"": 20.670909881591797}, {""tk"": ""is"", ""act"": 0.0}, {""tk"": ""the"", ""act"": 0.0}, {""tk"": ""iPhone"", ""act"": 0.0}, {""tk"": ""technology"", ""act"": 0.0}, {""tk"": ""Apple"", ""act"": 0.0}, {""tk"": ""founder"", ""act"": 0.0}, {""tk"": ""of"", ""act"": 0.0}, {""tk"": ""Steve"", ""act"": 0.0}, {""tk"": ""Jobs"", ""act"": 0.0}, {""tk"": ""who"", ""act"": 0.0}, {""tk"": ""started"", ""act"": 0.0}, {""tk"": ""called"", ""act"": 0.0}, {""tk"": ""established"", ""act"": 0.0}]"
0_78128,0,78128,attribute: The person who started and created a company is called the founder, company,10,15.986980438232422,0.9285714285714284,semantic,"[{""token"": "" company"", ""index"": 10, ""distance"": 0, ""direction"": ""self""}]",n/a,Semantic,Dictionary,1.0,False,,company,"[{""tk"": ""company"", ""act"": 17.328067779541016}, {""tk"": ""is"", ""act"": 0.0}, {""tk"": ""the"", ""act"": 0.0}, {""tk"": ""iPhone"", ""act"": 0.0}, {""tk"": ""technology"", ""act"": 0.0}, {""tk"": ""Apple"", ""act"": 0.0}, {""tk"": ""founder"", ""act"": 0.0}, {""tk"": ""of"", ""act"": 0.0}, {""tk"": ""Steve"", ""act"": 0.0}, {""tk"": ""Jobs"", ""act"": 0.0}, {""tk"": ""who"", ""act"": 0.0}, {""tk"": ""started"", ""act"": 0.0}, {""tk"": ""called"", ""act"": 0.0}, {""tk"": ""established"", ""act"": 0.0}]"
0_1285,0,1285,attribute: The person who started and created a company is called the founder,attribute,1,14.646978378295898,0.9285714285714286,semantic,"[{""token"": ""attribute"", ""index"": 1, ""distance"": 0, ""direction"": ""self""}]",n/a,Semantic,Dictionary,1.0,False,,iphone,"[{""tk"": ""iPhone"", ""act"": 8.839632034301758}, {""tk"": ""Apple"", ""act"": 0.6157822608947754}, {""tk"": ""is"", ""act"": 0.0}, {""tk"": ""the"", ""act"": 0.0}, {""tk"": ""technology"", ""act"": 0.0}, {""tk"": ""company"", ""act"": 0.0}, {""tk"": ""founder"", ""act"": 0.0}, {""tk"": ""of"", ""act"": 0.0}, {""tk"": ""Steve"", ""act"": 0.0}, {""tk"": ""Jobs"", ""act"": 0.0}, {""tk"": ""who"", ""act"": 0.0}, {""tk"": ""started"", ""act"": 0.0}, {""tk"": ""called"", ""act"": 0.0}, {""tk"": ""established"", ""act"": 0.0}]"
0_56575,0,56575,attribute: The person who started and created a company is called the founder, started,6,11.946228981018066,0.9285714285714286,semantic,"[{""token"": "" started"", ""index"": 6, ""distance"": 0, ""direction"": ""self""}]",n/a,Semantic,Dictionary,1.0,False,,started,"[{""tk"": ""started"", ""act"": 11.946228981018066}, {""tk"": ""is"", ""act"": 0.0}, {""tk"": ""the"", ""act"": 0.0}, {""tk"": ""iPhone"", ""act"": 0.0}, {""tk"": ""technology"", ""act"": 0.0}, {""tk"": ""company"", ""act"": 0.0}, {""tk"": ""Apple"", ""act"": 0.0}, {""tk"": ""founder"", ""act"": 0.0}, {""tk"": ""of"", ""act"": 0.0}, {""tk"": ""Steve"", ""act"": 0.0}, {""tk"": ""Jobs"", ""act"": 0.0}, {""tk"": ""who"", ""act"": 0.0}, {""tk"": ""called"", ""act"": 0.0}, {""tk"": ""established"", ""act"": 0.0}]"
0_15001,0,15001,attribute: The person who started and created a company is called the founder, who,5,11.214021682739258,0.9285714285714286,functional,"[{""token"": "" started"", ""index"": 6, ""distance"": 1, ""direction"": ""forward""}]",json,Semantic,Dictionary,1.0,False,,who,"[{""tk"": ""who"", ""act"": 14.920398712158203}, {""tk"": ""is"", ""act"": 0.0}, {""tk"": ""the"", ""act"": 0.0}, {""tk"": ""iPhone"", ""act"": 0.0}, {""tk"": ""technology"", ""act"": 0.0}, {""tk"": ""company"", ""act"": 0.0}, {""tk"": ""Apple"", ""act"": 0.0}, {""tk"": ""founder"", ""act"": 0.0}, {""tk"": ""of"", ""act"": 0.0}, {""tk"": ""Steve"", ""act"": 0.0}, {""tk"": ""Jobs"", ""act"": 0.0}, {""tk"": ""started"", ""act"": 0.0}, {""tk"": ""called"", ""act"": 0.0}, {""tk"": ""established"", ""act"": 0.0}]"
0_46235,0,46235,attribute: The person who started and created a company is called the founder, person,4,9.76048755645752,0.9285714285714286,semantic,"[{""token"": "" person"", ""index"": 4, ""distance"": 0, ""direction"": ""self""}]",n/a,Semantic,Dictionary (fallback),0.9,False,,founder,"[{""tk"": ""founder"", ""act"": 13.413398742675781}, {""tk"": ""is"", ""act"": 0.0}, {""tk"": ""the"", ""act"": 0.0}, {""tk"": ""iPhone"", ""act"": 0.0}, {""tk"": ""technology"", ""act"": 0.0}, {""tk"": ""company"", ""act"": 0.0}, {""tk"": ""Apple"", ""act"": 0.0}, {""tk"": ""of"", ""act"": 0.0}, {""tk"": ""Steve"", ""act"": 0.0}, {""tk"": ""Jobs"", ""act"": 0.0}, {""tk"": ""who"", ""act"": 0.0}, {""tk"": ""started"", ""act"": 0.0}, {""tk"": ""called"", ""act"": 0.0}, {""tk"": ""established"", ""act"": 0.0}]"
0_80932,0,80932,attribute: The person who started and created a company is called the founder, company,10,7.117046356201172,0.9285714285714284,semantic,"[{""token"": "" company"", ""index"": 10, ""distance"": 0, ""direction"": ""self""}]",n/a,Semantic,Dictionary,1.0,False,,company,"[{""tk"": ""company"", ""act"": 12.409629821777344}, {""tk"": ""is"", ""act"": 0.0}, {""tk"": ""the"", ""act"": 0.0}, {""tk"": ""iPhone"", ""act"": 0.0}, {""tk"": ""technology"", ""act"": 0.0}, {""tk"": ""Apple"", ""act"": 0.0}, {""tk"": ""founder"", ""act"": 0.0}, {""tk"": ""of"", ""act"": 0.0}, {""tk"": ""Steve"", ""act"": 0.0}, {""tk"": ""Jobs"", ""act"": 0.0}, {""tk"": ""who"", ""act"": 0.0}, {""tk"": ""started"", ""act"": 0.0}, {""tk"": ""called"", ""act"": 0.0}, {""tk"": ""established"", ""act"": 0.0}]"
0_81124,0,81124,attribute: The person who started and created a company is called the founder,attribute,1,0.0,0.0,semantic,"[{""token"": ""attribute"", ""index"": 1, ""distance"": 0, ""direction"": ""self""}]",n/a,Relationship,,1.0,False,,(is) related,"[{""tk"": ""is"", ""act"": 0.0}, {""tk"": ""the"", ""act"": 0.0}, {""tk"": ""iPhone"", ""act"": 0.0}, {""tk"": ""technology"", ""act"": 0.0}, {""tk"": ""company"", ""act"": 0.0}, {""tk"": ""Apple"", ""act"": 0.0}, {""tk"": ""founder"", ""act"": 0.0}, {""tk"": ""of"", ""act"": 0.0}, {""tk"": ""Steve"", ""act"": 0.0}, {""tk"": ""Jobs"", ""act"": 0.0}, {""tk"": ""who"", ""act"": 0.0}, {""tk"": ""started"", ""act"": 0.0}, {""tk"": ""called"", ""act"": 0.0}, {""tk"": ""established"", ""act"": 0.0}]"
0_82862,0,82862,attribute: The person who started and created a company is called the founder, company,10,5.263915538787842,0.9285714285714286,semantic,"[{""token"": "" company"", ""index"": 10, ""distance"": 0, ""direction"": ""self""}]",n/a,Semantic,Dictionary (fallback),0.9,False,,company,"[{""tk"": ""company"", ""act"": 8.054851531982422}, {""tk"": ""founder"", ""act"": 7.564595699310303}, {""tk"": ""is"", ""act"": 0.0}, {""tk"": ""the"", ""act"": 0.0}, {""tk"": ""iPhone"", ""act"": 0.0}, {""tk"": ""technology"", ""act"": 0.0}, {""tk"": ""Apple"", ""act"": 0.0}, {""tk"": ""of"", ""act"": 0.0}, {""tk"": ""Steve"", ""act"": 0.0}, {""tk"": ""Jobs"", ""act"": 0.0}, {""tk"": ""who"", ""act"": 0.0}, {""tk"": ""started"", ""act"": 0.0}, {""tk"": ""called"", ""act"": 0.0}, {""tk"": ""established"", ""act"": 0.0}]"
0_86458,0,86458,attribute: The person who started and created a company is called the founder,attribute,1,0.0,0.0,semantic,"[{""token"": ""attribute"", ""index"": 1, ""distance"": 0, ""direction"": ""self""}]",n/a,Relationship,,1.0,False,,(is) related,"[{""tk"": ""is"", ""act"": 0.0}, {""tk"": ""the"", ""act"": 0.0}, {""tk"": ""iPhone"", ""act"": 0.0}, {""tk"": ""technology"", ""act"": 0.0}, {""tk"": ""company"", ""act"": 0.0}, {""tk"": ""Apple"", ""act"": 0.0}, {""tk"": ""founder"", ""act"": 0.0}, {""tk"": ""of"", ""act"": 0.0}, {""tk"": ""Steve"", ""act"": 0.0}, {""tk"": ""Jobs"", ""act"": 0.0}, {""tk"": ""who"", ""act"": 0.0}, {""tk"": ""started"", ""act"": 0.0}, {""tk"": ""called"", ""act"": 0.0}, {""tk"": ""established"", ""act"": 0.0}]"
0_95264,0,95264,attribute: The person who started and created a company is called the founder,attribute,1,4.413018226623535,0.9285714285714286,semantic,"[{""token"": ""attribute"", ""index"": 1, ""distance"": 0, ""direction"": ""self""}]",n/a,Semantic,Dictionary (fallback),0.9,False,,Semantic (unknown),"[{""tk"": ""is"", ""act"": 0.0}, {""tk"": ""the"", ""act"": 0.0}, {""tk"": ""iPhone"", ""act"": 0.0}, {""tk"": ""technology"", ""act"": 0.0}, {""tk"": ""company"", ""act"": 0.0}, {""tk"": ""Apple"", ""act"": 0.0}, {""tk"": ""founder"", ""act"": 0.0}, {""tk"": ""of"", ""act"": 0.0}, {""tk"": ""Steve"", ""act"": 0.0}, {""tk"": ""Jobs"", ""act"": 0.0}, {""tk"": ""who"", ""act"": 0.0}, {""tk"": ""started"", ""act"": 0.0}, {""tk"": ""called"", ""act"": 0.0}, {""tk"": ""established"", ""act"": 0.0}]"
0_97435,0,97435,attribute: The person who started and created a company is called the founder,attribute,1,0.0,0.0,semantic,"[{""token"": ""attribute"", ""index"": 1, ""distance"": 0, ""direction"": ""self""}]",n/a,Relationship,,1.0,False,,(is) related,"[{""tk"": ""is"", ""act"": 0.0}, {""tk"": ""the"", ""act"": 0.0}, {""tk"": ""iPhone"", ""act"": 0.0}, {""tk"": ""technology"", ""act"": 0.0}, {""tk"": ""company"", ""act"": 0.0}, {""tk"": ""Apple"", ""act"": 0.0}, {""tk"": ""founder"", ""act"": 0.0}, {""tk"": ""of"", ""act"": 0.0}, {""tk"": ""Steve"", ""act"": 0.0}, {""tk"": ""Jobs"", ""act"": 0.0}, {""tk"": ""who"", ""act"": 0.0}, {""tk"": ""started"", ""act"": 0.0}, {""tk"": ""called"", ""act"": 0.0}, {""tk"": ""established"", ""act"": 0.0}]"
0_13453,0,13453,attribute: The person who started and created a company is called the founder,attribute,1,0.0,0.0,semantic,"[{""token"": ""attribute"", ""index"": 1, ""distance"": 0, ""direction"": ""self""}]",n/a,Relationship,,1.0,False,,(is) related,"[{""tk"": ""is"", ""act"": 0.0}, {""tk"": ""the"", ""act"": 0.0}, {""tk"": ""iPhone"", ""act"": 0.0}, {""tk"": ""technology"", ""act"": 0.0}, {""tk"": ""company"", ""act"": 0.0}, {""tk"": ""Apple"", ""act"": 0.0}, {""tk"": ""founder"", ""act"": 0.0}, {""tk"": ""of"", ""act"": 0.0}, {""tk"": ""Steve"", ""act"": 0.0}, {""tk"": ""Jobs"", ""act"": 0.0}, {""tk"": ""who"", ""act"": 0.0}, {""tk"": ""started"", ""act"": 0.0}, {""tk"": ""called"", ""act"": 0.0}, {""tk"": ""established"", ""act"": 0.0}]"
0_57857,0,57857,attribute: The person who started and created a company is called the founder,attribute,1,0.0,0.0,semantic,"[{""token"": ""attribute"", ""index"": 1, ""distance"": 0, ""direction"": ""self""}]",n/a,Relationship,,1.0,False,,(is) related,"[{""tk"": ""is"", ""act"": 0.0}, {""tk"": ""the"", ""act"": 0.0}, {""tk"": ""iPhone"", ""act"": 0.0}, {""tk"": ""technology"", ""act"": 0.0}, {""tk"": ""company"", ""act"": 0.0}, {""tk"": ""Apple"", ""act"": 0.0}, {""tk"": ""founder"", ""act"": 0.0}, {""tk"": ""of"", ""act"": 0.0}, {""tk"": ""Steve"", ""act"": 0.0}, {""tk"": ""Jobs"", ""act"": 0.0}, {""tk"": ""who"", ""act"": 0.0}, {""tk"": ""started"", ""act"": 0.0}, {""tk"": ""called"", ""act"": 0.0}, {""tk"": ""established"", ""act"": 0.0}]"
0_1003,0,1003,attribute: The person who started and created a company is called the founder,attribute,1,0.0,0.0,semantic,"[{""token"": ""attribute"", ""index"": 1, ""distance"": 0, ""direction"": ""self""}]",n/a,Relationship,,1.0,False,,(is) related,"[{""tk"": ""is"", ""act"": 0.0}, {""tk"": ""the"", ""act"": 0.0}, {""tk"": ""iPhone"", ""act"": 0.0}, {""tk"": ""technology"", ""act"": 0.0}, {""tk"": ""company"", ""act"": 0.0}, {""tk"": ""Apple"", ""act"": 0.0}, {""tk"": ""founder"", ""act"": 0.0}, {""tk"": ""of"", ""act"": 0.0}, {""tk"": ""Steve"", ""act"": 0.0}, {""tk"": ""Jobs"", ""act"": 0.0}, {""tk"": ""who"", ""act"": 0.0}, {""tk"": ""started"", ""act"": 0.0}, {""tk"": ""called"", ""act"": 0.0}, {""tk"": ""established"", ""act"": 0.0}]"
0_1170,0,1170,attribute: The person who started and created a company is called the founder,attribute,1,0.0,0.0,semantic,"[{""token"": ""attribute"", ""index"": 1, ""distance"": 0, ""direction"": ""self""}]",n/a,Semantic,Dictionary (fallback),0.9,False,,iphone,"[{""tk"": ""iPhone"", ""act"": 17.711040496826172}, {""tk"": ""Apple"", ""act"": 10.955910682678223}, {""tk"": ""is"", ""act"": 0.0}, {""tk"": ""the"", ""act"": 0.0}, {""tk"": ""technology"", ""act"": 0.0}, {""tk"": ""company"", ""act"": 0.0}, {""tk"": ""founder"", ""act"": 0.0}, {""tk"": ""of"", ""act"": 0.0}, {""tk"": ""Steve"", ""act"": 0.0}, {""tk"": ""Jobs"", ""act"": 0.0}, {""tk"": ""who"", ""act"": 0.0}, {""tk"": ""started"", ""act"": 0.0}, {""tk"": ""called"", ""act"": 0.0}, {""tk"": ""established"", ""act"": 0.0}]"
0_4591,0,4591,attribute: The person who started and created a company is called the founder,attribute,1,0.0,0.0,semantic,"[{""token"": ""attribute"", ""index"": 1, ""distance"": 0, ""direction"": ""self""}]",n/a,Semantic,Dictionary,1.0,False,,established,"[{""tk"": ""established"", ""act"": 11.716001510620117}, {""tk"": ""is"", ""act"": 0.0}, {""tk"": ""the"", ""act"": 0.0}, {""tk"": ""iPhone"", ""act"": 0.0}, {""tk"": ""technology"", ""act"": 0.0}, {""tk"": ""company"", ""act"": 0.0}, {""tk"": ""Apple"", ""act"": 0.0}, {""tk"": ""founder"", ""act"": 0.0}, {""tk"": ""of"", ""act"": 0.0}, {""tk"": ""Steve"", ""act"": 0.0}, {""tk"": ""Jobs"", ""act"": 0.0}, {""tk"": ""who"", ""act"": 0.0}, {""tk"": ""started"", ""act"": 0.0}, {""tk"": ""called"", ""act"": 0.0}]"
0_7410,0,7410,attribute: The person who started and created a company is called the founder,attribute,1,0.0,0.0,semantic,"[{""token"": ""attribute"", ""index"": 1, ""distance"": 0, ""direction"": ""self""}]",n/a,Semantic,Dictionary,1.0,False,,iphone,"[{""tk"": ""iPhone"", ""act"": 13.22584056854248}, {""tk"": ""is"", ""act"": 0.0}, {""tk"": ""the"", ""act"": 0.0}, {""tk"": ""technology"", ""act"": 0.0}, {""tk"": ""company"", ""act"": 0.0}, {""tk"": ""Apple"", ""act"": 0.0}, {""tk"": ""founder"", ""act"": 0.0}, {""tk"": ""of"", ""act"": 0.0}, {""tk"": ""Steve"", ""act"": 0.0}, {""tk"": ""Jobs"", ""act"": 0.0}, {""tk"": ""who"", ""act"": 0.0}, {""tk"": ""started"", ""act"": 0.0}, {""tk"": ""called"", ""act"": 0.0}, {""tk"": ""established"", ""act"": 0.0}]"
0_11318,0,11318,attribute: The person who started and created a company is called the founder,attribute,1,0.0,0.0,semantic,"[{""token"": ""attribute"", ""index"": 1, ""distance"": 0, ""direction"": ""self""}]",n/a,Semantic,Dictionary,1.0,False,,iphone,"[{""tk"": ""iPhone"", ""act"": 14.332988739013672}, {""tk"": ""is"", ""act"": 0.0}, {""tk"": ""the"", ""act"": 0.0}, {""tk"": ""technology"", ""act"": 0.0}, {""tk"": ""company"", ""act"": 0.0}, {""tk"": ""Apple"", ""act"": 0.0}, {""tk"": ""founder"", ""act"": 0.0}, {""tk"": ""of"", ""act"": 0.0}, {""tk"": ""Steve"", ""act"": 0.0}, {""tk"": ""Jobs"", ""act"": 0.0}, {""tk"": ""who"", ""act"": 0.0}, {""tk"": ""started"", ""act"": 0.0}, {""tk"": ""called"", ""act"": 0.0}, {""tk"": ""established"", ""act"": 0.0}]"
0_18535,0,18535,attribute: The person who started and created a company is called the founder,attribute,1,0.0,0.0,semantic,"[{""token"": ""attribute"", ""index"": 1, ""distance"": 0, ""direction"": ""self""}]",n/a,Relationship,,1.0,False,,(is) related,"[{""tk"": ""is"", ""act"": 0.0}, {""tk"": ""the"", ""act"": 0.0}, {""tk"": ""iPhone"", ""act"": 0.0}, {""tk"": ""technology"", ""act"": 0.0}, {""tk"": ""company"", ""act"": 0.0}, {""tk"": ""Apple"", ""act"": 0.0}, {""tk"": ""founder"", ""act"": 0.0}, {""tk"": ""of"", ""act"": 0.0}, {""tk"": ""Steve"", ""act"": 0.0}, {""tk"": ""Jobs"", ""act"": 0.0}, {""tk"": ""who"", ""act"": 0.0}, {""tk"": ""started"", ""act"": 0.0}, {""tk"": ""called"", ""act"": 0.0}, {""tk"": ""established"", ""act"": 0.0}]"
0_22730,0,22730,attribute: The person who started and created a company is called the founder,attribute,1,0.0,0.0,semantic,"[{""token"": ""attribute"", ""index"": 1, ""distance"": 0, ""direction"": ""self""}]",n/a,Semantic,Dictionary,1.0,False,,iphone,"[{""tk"": ""iPhone"", ""act"": 12.510161399841309}, {""tk"": ""is"", ""act"": 0.0}, {""tk"": ""the"", ""act"": 0.0}, {""tk"": ""technology"", ""act"": 0.0}, {""tk"": ""company"", ""act"": 0.0}, {""tk"": ""Apple"", ""act"": 0.0}, {""tk"": ""founder"", ""act"": 0.0}, {""tk"": ""of"", ""act"": 0.0}, {""tk"": ""Steve"", ""act"": 0.0}, {""tk"": ""Jobs"", ""act"": 0.0}, {""tk"": ""who"", ""act"": 0.0}, {""tk"": ""started"", ""act"": 0.0}, {""tk"": ""called"", ""act"": 0.0}, {""tk"": ""established"", ""act"": 0.0}]"
0_23477,0,23477,attribute: The person who started and created a company is called the founder,attribute,1,0.0,0.0,semantic,"[{""token"": ""attribute"", ""index"": 1, ""distance"": 0, ""direction"": ""self""}]",n/a,Relationship,,1.0,False,,(is) related,"[{""tk"": ""is"", ""act"": 0.0}, {""tk"": ""the"", ""act"": 0.0}, {""tk"": ""iPhone"", ""act"": 0.0}, {""tk"": ""technology"", ""act"": 0.0}, {""tk"": ""company"", ""act"": 0.0}, {""tk"": ""Apple"", ""act"": 0.0}, {""tk"": ""founder"", ""act"": 0.0}, {""tk"": ""of"", ""act"": 0.0}, {""tk"": ""Steve"", ""act"": 0.0}, {""tk"": ""Jobs"", ""act"": 0.0}, {""tk"": ""who"", ""act"": 0.0}, {""tk"": ""started"", ""act"": 0.0}, {""tk"": ""called"", ""act"": 0.0}, {""tk"": ""established"", ""act"": 0.0}]"
0_24039,0,24039,attribute: The person who started and created a company is called the founder,attribute,1,0.0,0.0,semantic,"[{""token"": ""attribute"", ""index"": 1, ""distance"": 0, ""direction"": ""self""}]",n/a,Semantic,Dictionary,1.0,False,,iphone,"[{""tk"": ""iPhone"", ""act"": 10.376995086669922}, {""tk"": ""is"", ""act"": 0.0}, {""tk"": ""the"", ""act"": 0.0}, {""tk"": ""technology"", ""act"": 0.0}, {""tk"": ""company"", ""act"": 0.0}, {""tk"": ""Apple"", ""act"": 0.0}, {""tk"": ""founder"", ""act"": 0.0}, {""tk"": ""of"", ""act"": 0.0}, {""tk"": ""Steve"", ""act"": 0.0}, {""tk"": ""Jobs"", ""act"": 0.0}, {""tk"": ""who"", ""act"": 0.0}, {""tk"": ""started"", ""act"": 0.0}, {""tk"": ""called"", ""act"": 0.0}, {""tk"": ""established"", ""act"": 0.0}]"
0_25156,0,25156,attribute: The person who started and created a company is called the founder,attribute,1,0.0,0.0,semantic,"[{""token"": ""attribute"", ""index"": 1, ""distance"": 0, ""direction"": ""self""}]",n/a,Relationship,,1.0,False,,(is) related,"[{""tk"": ""is"", ""act"": 0.0}, {""tk"": ""the"", ""act"": 0.0}, {""tk"": ""iPhone"", ""act"": 0.0}, {""tk"": ""technology"", ""act"": 0.0}, {""tk"": ""company"", ""act"": 0.0}, {""tk"": ""Apple"", ""act"": 0.0}, {""tk"": ""founder"", ""act"": 0.0}, {""tk"": ""of"", ""act"": 0.0}, {""tk"": ""Steve"", ""act"": 0.0}, {""tk"": ""Jobs"", ""act"": 0.0}, {""tk"": ""who"", ""act"": 0.0}, {""tk"": ""started"", ""act"": 0.0}, {""tk"": ""called"", ""act"": 0.0}, {""tk"": ""established"", ""act"": 0.0}]"
0_28229,0,28229,attribute: The person who started and created a company is called the founder,attribute,1,0.0,0.0,semantic,"[{""token"": ""attribute"", ""index"": 1, ""distance"": 0, ""direction"": ""self""}]",n/a,Relationship,,1.0,False,,(is) related,"[{""tk"": ""is"", ""act"": 0.0}, {""tk"": ""the"", ""act"": 0.0}, {""tk"": ""iPhone"", ""act"": 0.0}, {""tk"": ""technology"", ""act"": 0.0}, {""tk"": ""company"", ""act"": 0.0}, {""tk"": ""Apple"", ""act"": 0.0}, {""tk"": ""founder"", ""act"": 0.0}, {""tk"": ""of"", ""act"": 0.0}, {""tk"": ""Steve"", ""act"": 0.0}, {""tk"": ""Jobs"", ""act"": 0.0}, {""tk"": ""who"", ""act"": 0.0}, {""tk"": ""started"", ""act"": 0.0}, {""tk"": ""called"", ""act"": 0.0}, {""tk"": ""established"", ""act"": 0.0}]"
0_31731,0,31731,attribute: The person who started and created a company is called the founder,attribute,1,0.0,0.0,semantic,"[{""token"": ""attribute"", ""index"": 1, ""distance"": 0, ""direction"": ""self""}]",n/a,Relationship,,1.0,False,,(is) related,"[{""tk"": ""is"", ""act"": 0.0}, {""tk"": ""the"", ""act"": 0.0}, {""tk"": ""iPhone"", ""act"": 0.0}, {""tk"": ""technology"", ""act"": 0.0}, {""tk"": ""company"", ""act"": 0.0}, {""tk"": ""Apple"", ""act"": 0.0}, {""tk"": ""founder"", ""act"": 0.0}, {""tk"": ""of"", ""act"": 0.0}, {""tk"": ""Steve"", ""act"": 0.0}, {""tk"": ""Jobs"", ""act"": 0.0}, {""tk"": ""who"", ""act"": 0.0}, {""tk"": ""started"", ""act"": 0.0}, {""tk"": ""called"", ""act"": 0.0}, {""tk"": ""established"", ""act"": 0.0}]"
0_33674,0,33674,attribute: The person who started and created a company is called the founder,attribute,1,0.0,0.0,semantic,"[{""token"": ""attribute"", ""index"": 1, ""distance"": 0, ""direction"": ""self""}]",n/a,Semantic,Dictionary,1.0,False,,iphone,"[{""tk"": ""iPhone"", ""act"": 9.818336486816406}, {""tk"": ""is"", ""act"": 0.0}, {""tk"": ""the"", ""act"": 0.0}, {""tk"": ""technology"", ""act"": 0.0}, {""tk"": ""company"", ""act"": 0.0}, {""tk"": ""Apple"", ""act"": 0.0}, {""tk"": ""founder"", ""act"": 0.0}, {""tk"": ""of"", ""act"": 0.0}, {""tk"": ""Steve"", ""act"": 0.0}, {""tk"": ""Jobs"", ""act"": 0.0}, {""tk"": ""who"", ""act"": 0.0}, {""tk"": ""started"", ""act"": 0.0}, {""tk"": ""called"", ""act"": 0.0}, {""tk"": ""established"", ""act"": 0.0}]"
0_35288,0,35288,attribute: The person who started and created a company is called the founder,attribute,1,0.0,0.0,semantic,"[{""token"": ""attribute"", ""index"": 1, ""distance"": 0, ""direction"": ""self""}]",n/a,Relationship,,1.0,False,,(is) related,"[{""tk"": ""is"", ""act"": 0.0}, {""tk"": ""the"", ""act"": 0.0}, {""tk"": ""iPhone"", ""act"": 0.0}, {""tk"": ""technology"", ""act"": 0.0}, {""tk"": ""company"", ""act"": 0.0}, {""tk"": ""Apple"", ""act"": 0.0}, {""tk"": ""founder"", ""act"": 0.0}, {""tk"": ""of"", ""act"": 0.0}, {""tk"": ""Steve"", ""act"": 0.0}, {""tk"": ""Jobs"", ""act"": 0.0}, {""tk"": ""who"", ""act"": 0.0}, {""tk"": ""started"", ""act"": 0.0}, {""tk"": ""called"", ""act"": 0.0}, {""tk"": ""established"", ""act"": 0.0}]"
0_35860,0,35860,attribute: The person who started and created a company is called the founder,attribute,1,0.0,0.0,semantic,"[{""token"": ""attribute"", ""index"": 1, ""distance"": 0, ""direction"": ""self""}]",n/a,Semantic,Dictionary,1.0,False,,iphone,"[{""tk"": ""iPhone"", ""act"": 13.610601425170898}, {""tk"": ""is"", ""act"": 0.0}, {""tk"": ""the"", ""act"": 0.0}, {""tk"": ""technology"", ""act"": 0.0}, {""tk"": ""company"", ""act"": 0.0}, {""tk"": ""Apple"", ""act"": 0.0}, {""tk"": ""founder"", ""act"": 0.0}, {""tk"": ""of"", ""act"": 0.0}, {""tk"": ""Steve"", ""act"": 0.0}, {""tk"": ""Jobs"", ""act"": 0.0}, {""tk"": ""who"", ""act"": 0.0}, {""tk"": ""started"", ""act"": 0.0}, {""tk"": ""called"", ""act"": 0.0}, {""tk"": ""established"", ""act"": 0.0}]"
0_36289,0,36289,attribute: The person who started and created a company is called the founder,attribute,1,0.0,0.0,semantic,"[{""token"": ""attribute"", ""index"": 1, ""distance"": 0, ""direction"": ""self""}]",n/a,Semantic,Dictionary,1.0,False,,iphone,"[{""tk"": ""iPhone"", ""act"": 20.29351806640625}, {""tk"": ""is"", ""act"": 0.0}, {""tk"": ""the"", ""act"": 0.0}, {""tk"": ""technology"", ""act"": 0.0}, {""tk"": ""company"", ""act"": 0.0}, {""tk"": ""Apple"", ""act"": 0.0}, {""tk"": ""founder"", ""act"": 0.0}, {""tk"": ""of"", ""act"": 0.0}, {""tk"": ""Steve"", ""act"": 0.0}, {""tk"": ""Jobs"", ""act"": 0.0}, {""tk"": ""who"", ""act"": 0.0}, {""tk"": ""started"", ""act"": 0.0}, {""tk"": ""called"", ""act"": 0.0}, {""tk"": ""established"", ""act"": 0.0}]"
0_37403,0,37403,attribute: The person who started and created a company is called the founder,attribute,1,0.0,0.0,semantic,"[{""token"": ""attribute"", ""index"": 1, ""distance"": 0, ""direction"": ""self""}]",n/a,Semantic,Dictionary,1.0,False,,iphone,"[{""tk"": ""iPhone"", ""act"": 8.71590805053711}, {""tk"": ""is"", ""act"": 0.0}, {""tk"": ""the"", ""act"": 0.0}, {""tk"": ""technology"", ""act"": 0.0}, {""tk"": ""company"", ""act"": 0.0}, {""tk"": ""Apple"", ""act"": 0.0}, {""tk"": ""founder"", ""act"": 0.0}, {""tk"": ""of"", ""act"": 0.0}, {""tk"": ""Steve"", ""act"": 0.0}, {""tk"": ""Jobs"", ""act"": 0.0}, {""tk"": ""who"", ""act"": 0.0}, {""tk"": ""started"", ""act"": 0.0}, {""tk"": ""called"", ""act"": 0.0}, {""tk"": ""established"", ""act"": 0.0}]"
0_42514,0,42514,attribute: The person who started and created a company is called the founder,attribute,1,0.0,0.0,semantic,"[{""token"": ""attribute"", ""index"": 1, ""distance"": 0, ""direction"": ""self""}]",n/a,Relationship,,1.0,False,,(is) related,"[{""tk"": ""is"", ""act"": 0.0}, {""tk"": ""the"", ""act"": 0.0}, {""tk"": ""iPhone"", ""act"": 0.0}, {""tk"": ""technology"", ""act"": 0.0}, {""tk"": ""company"", ""act"": 0.0}, {""tk"": ""Apple"", ""act"": 0.0}, {""tk"": ""founder"", ""act"": 0.0}, {""tk"": ""of"", ""act"": 0.0}, {""tk"": ""Steve"", ""act"": 0.0}, {""tk"": ""Jobs"", ""act"": 0.0}, {""tk"": ""who"", ""act"": 0.0}, {""tk"": ""started"", ""act"": 0.0}, {""tk"": ""called"", ""act"": 0.0}, {""tk"": ""established"", ""act"": 0.0}]"
0_44489,0,44489,attribute: The person who started and created a company is called the founder,attribute,1,0.0,0.0,semantic,"[{""token"": ""attribute"", ""index"": 1, ""distance"": 0, ""direction"": ""self""}]",n/a,Relationship,,1.0,False,,(is) related,"[{""tk"": ""is"", ""act"": 0.0}, {""tk"": ""the"", ""act"": 0.0}, {""tk"": ""iPhone"", ""act"": 0.0}, {""tk"": ""technology"", ""act"": 0.0}, {""tk"": ""company"", ""act"": 0.0}, {""tk"": ""Apple"", ""act"": 0.0}, {""tk"": ""founder"", ""act"": 0.0}, {""tk"": ""of"", ""act"": 0.0}, {""tk"": ""Steve"", ""act"": 0.0}, {""tk"": ""Jobs"", ""act"": 0.0}, {""tk"": ""who"", ""act"": 0.0}, {""tk"": ""started"", ""act"": 0.0}, {""tk"": ""called"", ""act"": 0.0}, {""tk"": ""established"", ""act"": 0.0}]"
0_46475,0,46475,attribute: The person who started and created a company is called the founder,attribute,1,0.0,0.0,semantic,"[{""token"": ""attribute"", ""index"": 1, ""distance"": 0, ""direction"": ""self""}]",n/a,Relationship,,1.0,False,,(is) related,"[{""tk"": ""is"", ""act"": 0.0}, {""tk"": ""the"", ""act"": 0.0}, {""tk"": ""iPhone"", ""act"": 0.0}, {""tk"": ""technology"", ""act"": 0.0}, {""tk"": ""company"", ""act"": 0.0}, {""tk"": ""Apple"", ""act"": 0.0}, {""tk"": ""founder"", ""act"": 0.0}, {""tk"": ""of"", ""act"": 0.0}, {""tk"": ""Steve"", ""act"": 0.0}, {""tk"": ""Jobs"", ""act"": 0.0}, {""tk"": ""who"", ""act"": 0.0}, {""tk"": ""started"", ""act"": 0.0}, {""tk"": ""called"", ""act"": 0.0}, {""tk"": ""established"", ""act"": 0.0}]"
0_46816,0,46816,attribute: The person who started and created a company is called the founder,attribute,1,0.0,0.0,semantic,"[{""token"": ""attribute"", ""index"": 1, ""distance"": 0, ""direction"": ""self""}]",n/a,Semantic,Dictionary,1.0,False,,iphone,"[{""tk"": ""iPhone"", ""act"": 12.007062911987305}, {""tk"": ""is"", ""act"": 0.0}, {""tk"": ""the"", ""act"": 0.0}, {""tk"": ""technology"", ""act"": 0.0}, {""tk"": ""company"", ""act"": 0.0}, {""tk"": ""Apple"", ""act"": 0.0}, {""tk"": ""founder"", ""act"": 0.0}, {""tk"": ""of"", ""act"": 0.0}, {""tk"": ""Steve"", ""act"": 0.0}, {""tk"": ""Jobs"", ""act"": 0.0}, {""tk"": ""who"", ""act"": 0.0}, {""tk"": ""started"", ""act"": 0.0}, {""tk"": ""called"", ""act"": 0.0}, {""tk"": ""established"", ""act"": 0.0}]"
0_47726,0,47726,attribute: The person who started and created a company is called the founder,attribute,1,0.0,0.0,semantic,"[{""token"": ""attribute"", ""index"": 1, ""distance"": 0, ""direction"": ""self""}]",n/a,Semantic,Dictionary,1.0,False,,iphone,"[{""tk"": ""iPhone"", ""act"": 10.73161506652832}, {""tk"": ""is"", ""act"": 0.0}, {""tk"": ""the"", ""act"": 0.0}, {""tk"": ""technology"", ""act"": 0.0}, {""tk"": ""company"", ""act"": 0.0}, {""tk"": ""Apple"", ""act"": 0.0}, {""tk"": ""founder"", ""act"": 0.0}, {""tk"": ""of"", ""act"": 0.0}, {""tk"": ""Steve"", ""act"": 0.0}, {""tk"": ""Jobs"", ""act"": 0.0}, {""tk"": ""who"", ""act"": 0.0}, {""tk"": ""started"", ""act"": 0.0}, {""tk"": ""called"", ""act"": 0.0}, {""tk"": ""established"", ""act"": 0.0}]"
0_47894,0,47894,attribute: The person who started and created a company is called the founder,attribute,1,0.0,0.0,semantic,"[{""token"": ""attribute"", ""index"": 1, ""distance"": 0, ""direction"": ""self""}]",n/a,Relationship,,1.0,False,,(is) related,"[{""tk"": ""is"", ""act"": 0.0}, {""tk"": ""the"", ""act"": 0.0}, {""tk"": ""iPhone"", ""act"": 0.0}, {""tk"": ""technology"", ""act"": 0.0}, {""tk"": ""company"", ""act"": 0.0}, {""tk"": ""Apple"", ""act"": 0.0}, {""tk"": ""founder"", ""act"": 0.0}, {""tk"": ""of"", ""act"": 0.0}, {""tk"": ""Steve"", ""act"": 0.0}, {""tk"": ""Jobs"", ""act"": 0.0}, {""tk"": ""who"", ""act"": 0.0}, {""tk"": ""started"", ""act"": 0.0}, {""tk"": ""called"", ""act"": 0.0}, {""tk"": ""established"", ""act"": 0.0}]"
0_55411,0,55411,attribute: The person who started and created a company is called the founder,attribute,1,0.0,0.0,semantic,"[{""token"": ""attribute"", ""index"": 1, ""distance"": 0, ""direction"": ""self""}]",n/a,Semantic,Dictionary (fallback),0.9,False,,company,"[{""tk"": ""company"", ""act"": 7.441006660461426}, {""tk"": ""is"", ""act"": 0.0}, {""tk"": ""the"", ""act"": 0.0}, {""tk"": ""iPhone"", ""act"": 0.0}, {""tk"": ""technology"", ""act"": 0.0}, {""tk"": ""Apple"", ""act"": 0.0}, {""tk"": ""founder"", ""act"": 0.0}, {""tk"": ""of"", ""act"": 0.0}, {""tk"": ""Steve"", ""act"": 0.0}, {""tk"": ""Jobs"", ""act"": 0.0}, {""tk"": ""who"", ""act"": 0.0}, {""tk"": ""started"", ""act"": 0.0}, {""tk"": ""called"", ""act"": 0.0}, {""tk"": ""established"", ""act"": 0.0}]"
0_58439,0,58439,attribute: The person who started and created a company is called the founder,attribute,1,0.0,0.0,semantic,"[{""token"": ""attribute"", ""index"": 1, ""distance"": 0, ""direction"": ""self""}]",n/a,Semantic,Dictionary,1.0,False,,iphone,"[{""tk"": ""iPhone"", ""act"": 7.56377649307251}, {""tk"": ""is"", ""act"": 0.0}, {""tk"": ""the"", ""act"": 0.0}, {""tk"": ""technology"", ""act"": 0.0}, {""tk"": ""company"", ""act"": 0.0}, {""tk"": ""Apple"", ""act"": 0.0}, {""tk"": ""founder"", ""act"": 0.0}, {""tk"": ""of"", ""act"": 0.0}, {""tk"": ""Steve"", ""act"": 0.0}, {""tk"": ""Jobs"", ""act"": 0.0}, {""tk"": ""who"", ""act"": 0.0}, {""tk"": ""started"", ""act"": 0.0}, {""tk"": ""called"", ""act"": 0.0}, {""tk"": ""established"", ""act"": 0.0}]"
0_58540,0,58540,attribute: The person who started and created a company is called the founder,attribute,1,0.0,0.0,semantic,"[{""token"": ""attribute"", ""index"": 1, ""distance"": 0, ""direction"": ""self""}]",n/a,Relationship,,1.0,False,,(is) related,"[{""tk"": ""is"", ""act"": 0.0}, {""tk"": ""the"", ""act"": 0.0}, {""tk"": ""iPhone"", ""act"": 0.0}, {""tk"": ""technology"", ""act"": 0.0}, {""tk"": ""company"", ""act"": 0.0}, {""tk"": ""Apple"", ""act"": 0.0}, {""tk"": ""founder"", ""act"": 0.0}, {""tk"": ""of"", ""act"": 0.0}, {""tk"": ""Steve"", ""act"": 0.0}, {""tk"": ""Jobs"", ""act"": 0.0}, {""tk"": ""who"", ""act"": 0.0}, {""tk"": ""started"", ""act"": 0.0}, {""tk"": ""called"", ""act"": 0.0}, {""tk"": ""established"", ""act"": 0.0}]"
0_60856,0,60856,attribute: The person who started and created a company is called the founder,attribute,1,0.0,0.0,semantic,"[{""token"": ""attribute"", ""index"": 1, ""distance"": 0, ""direction"": ""self""}]",n/a,Semantic,Dictionary,1.0,False,,iphone,"[{""tk"": ""iPhone"", ""act"": 11.922277450561523}, {""tk"": ""is"", ""act"": 0.0}, {""tk"": ""the"", ""act"": 0.0}, {""tk"": ""technology"", ""act"": 0.0}, {""tk"": ""company"", ""act"": 0.0}, {""tk"": ""Apple"", ""act"": 0.0}, {""tk"": ""founder"", ""act"": 0.0}, {""tk"": ""of"", ""act"": 0.0}, {""tk"": ""Steve"", ""act"": 0.0}, {""tk"": ""Jobs"", ""act"": 0.0}, {""tk"": ""who"", ""act"": 0.0}, {""tk"": ""started"", ""act"": 0.0}, {""tk"": ""called"", ""act"": 0.0}, {""tk"": ""established"", ""act"": 0.0}]"
0_65721,0,65721,attribute: The person who started and created a company is called the founder,attribute,1,0.0,0.0,semantic,"[{""token"": ""attribute"", ""index"": 1, ""distance"": 0, ""direction"": ""self""}]",n/a,Relationship,,1.0,False,,(is) related,"[{""tk"": ""is"", ""act"": 0.0}, {""tk"": ""the"", ""act"": 0.0}, {""tk"": ""iPhone"", ""act"": 0.0}, {""tk"": ""technology"", ""act"": 0.0}, {""tk"": ""company"", ""act"": 0.0}, {""tk"": ""Apple"", ""act"": 0.0}, {""tk"": ""founder"", ""act"": 0.0}, {""tk"": ""of"", ""act"": 0.0}, {""tk"": ""Steve"", ""act"": 0.0}, {""tk"": ""Jobs"", ""act"": 0.0}, {""tk"": ""who"", ""act"": 0.0}, {""tk"": ""started"", ""act"": 0.0}, {""tk"": ""called"", ""act"": 0.0}, {""tk"": ""established"", ""act"": 0.0}]"
0_66850,0,66850,attribute: The person who started and created a company is called the founder,attribute,1,0.0,0.0,semantic,"[{""token"": ""attribute"", ""index"": 1, ""distance"": 0, ""direction"": ""self""}]",n/a,Semantic,Dictionary,1.0,False,,iphone,"[{""tk"": ""iPhone"", ""act"": 9.210744857788086}, {""tk"": ""is"", ""act"": 0.0}, {""tk"": ""the"", ""act"": 0.0}, {""tk"": ""technology"", ""act"": 0.0}, {""tk"": ""company"", ""act"": 0.0}, {""tk"": ""Apple"", ""act"": 0.0}, {""tk"": ""founder"", ""act"": 0.0}, {""tk"": ""of"", ""act"": 0.0}, {""tk"": ""Steve"", ""act"": 0.0}, {""tk"": ""Jobs"", ""act"": 0.0}, {""tk"": ""who"", ""act"": 0.0}, {""tk"": ""started"", ""act"": 0.0}, {""tk"": ""called"", ""act"": 0.0}, {""tk"": ""established"", ""act"": 0.0}]"
0_67902,0,67902,attribute: The person who started and created a company is called the founder,attribute,1,0.0,0.0,semantic,"[{""token"": ""attribute"", ""index"": 1, ""distance"": 0, ""direction"": ""self""}]",n/a,Relationship,,1.0,False,,(is) related,"[{""tk"": ""is"", ""act"": 0.0}, {""tk"": ""the"", ""act"": 0.0}, {""tk"": ""iPhone"", ""act"": 0.0}, {""tk"": ""technology"", ""act"": 0.0}, {""tk"": ""company"", ""act"": 0.0}, {""tk"": ""Apple"", ""act"": 0.0}, {""tk"": ""founder"", ""act"": 0.0}, {""tk"": ""of"", ""act"": 0.0}, {""tk"": ""Steve"", ""act"": 0.0}, {""tk"": ""Jobs"", ""act"": 0.0}, {""tk"": ""who"", ""act"": 0.0}, {""tk"": ""started"", ""act"": 0.0}, {""tk"": ""called"", ""act"": 0.0}, {""tk"": ""established"", ""act"": 0.0}]"
0_69165,0,69165,attribute: The person who started and created a company is called the founder,attribute,1,0.0,0.0,semantic,"[{""token"": ""attribute"", ""index"": 1, ""distance"": 0, ""direction"": ""self""}]",n/a,Semantic,Dictionary (fallback),0.9,False,,iphone,"[{""tk"": ""iPhone"", ""act"": 11.86459732055664}, {""tk"": ""Apple"", ""act"": 11.209722518920898}, {""tk"": ""is"", ""act"": 0.0}, {""tk"": ""the"", ""act"": 0.0}, {""tk"": ""technology"", ""act"": 0.0}, {""tk"": ""company"", ""act"": 0.0}, {""tk"": ""founder"", ""act"": 0.0}, {""tk"": ""of"", ""act"": 0.0}, {""tk"": ""Steve"", ""act"": 0.0}, {""tk"": ""Jobs"", ""act"": 0.0}, {""tk"": ""who"", ""act"": 0.0}, {""tk"": ""started"", ""act"": 0.0}, {""tk"": ""called"", ""act"": 0.0}, {""tk"": ""established"", ""act"": 0.0}]"
0_71189,0,71189,attribute: The person who started and created a company is called the founder,attribute,1,0.0,0.0,semantic,"[{""token"": ""attribute"", ""index"": 1, ""distance"": 0, ""direction"": ""self""}]",n/a,Relationship,,1.0,False,,(is) related,"[{""tk"": ""is"", ""act"": 0.0}, {""tk"": ""the"", ""act"": 0.0}, {""tk"": ""iPhone"", ""act"": 0.0}, {""tk"": ""technology"", ""act"": 0.0}, {""tk"": ""company"", ""act"": 0.0}, {""tk"": ""Apple"", ""act"": 0.0}, {""tk"": ""founder"", ""act"": 0.0}, {""tk"": ""of"", ""act"": 0.0}, {""tk"": ""Steve"", ""act"": 0.0}, {""tk"": ""Jobs"", ""act"": 0.0}, {""tk"": ""who"", ""act"": 0.0}, {""tk"": ""started"", ""act"": 0.0}, {""tk"": ""called"", ""act"": 0.0}, {""tk"": ""established"", ""act"": 0.0}]"
0_71287,0,71287,attribute: The person who started and created a company is called the founder,attribute,1,0.0,0.0,semantic,"[{""token"": ""attribute"", ""index"": 1, ""distance"": 0, ""direction"": ""self""}]",n/a,Relationship,,1.0,False,,(is) related,"[{""tk"": ""is"", ""act"": 0.0}, {""tk"": ""the"", ""act"": 0.0}, {""tk"": ""iPhone"", ""act"": 0.0}, {""tk"": ""technology"", ""act"": 0.0}, {""tk"": ""company"", ""act"": 0.0}, {""tk"": ""Apple"", ""act"": 0.0}, {""tk"": ""founder"", ""act"": 0.0}, {""tk"": ""of"", ""act"": 0.0}, {""tk"": ""Steve"", ""act"": 0.0}, {""tk"": ""Jobs"", ""act"": 0.0}, {""tk"": ""who"", ""act"": 0.0}, {""tk"": ""started"", ""act"": 0.0}, {""tk"": ""called"", ""act"": 0.0}, {""tk"": ""established"", ""act"": 0.0}]"
0_72628,0,72628,attribute: The person who started and created a company is called the founder,attribute,1,0.0,0.0,semantic,"[{""token"": ""attribute"", ""index"": 1, ""distance"": 0, ""direction"": ""self""}]",n/a,Semantic,Dictionary,1.0,False,,iphone,"[{""tk"": ""iPhone"", ""act"": 13.571720123291016}, {""tk"": ""is"", ""act"": 0.0}, {""tk"": ""the"", ""act"": 0.0}, {""tk"": ""technology"", ""act"": 0.0}, {""tk"": ""company"", ""act"": 0.0}, {""tk"": ""Apple"", ""act"": 0.0}, {""tk"": ""founder"", ""act"": 0.0}, {""tk"": ""of"", ""act"": 0.0}, {""tk"": ""Steve"", ""act"": 0.0}, {""tk"": ""Jobs"", ""act"": 0.0}, {""tk"": ""who"", ""act"": 0.0}, {""tk"": ""started"", ""act"": 0.0}, {""tk"": ""called"", ""act"": 0.0}, {""tk"": ""established"", ""act"": 0.0}]"
0_79311,0,79311,attribute: The person who started and created a company is called the founder,attribute,1,0.0,0.0,semantic,"[{""token"": ""attribute"", ""index"": 1, ""distance"": 0, ""direction"": ""self""}]",n/a,Relationship,,1.0,False,,(is) related,"[{""tk"": ""is"", ""act"": 0.0}, {""tk"": ""the"", ""act"": 0.0}, {""tk"": ""iPhone"", ""act"": 0.0}, {""tk"": ""technology"", ""act"": 0.0}, {""tk"": ""company"", ""act"": 0.0}, {""tk"": ""Apple"", ""act"": 0.0}, {""tk"": ""founder"", ""act"": 0.0}, {""tk"": ""of"", ""act"": 0.0}, {""tk"": ""Steve"", ""act"": 0.0}, {""tk"": ""Jobs"", ""act"": 0.0}, {""tk"": ""who"", ""act"": 0.0}, {""tk"": ""started"", ""act"": 0.0}, {""tk"": ""called"", ""act"": 0.0}, {""tk"": ""established"", ""act"": 0.0}]"
0_79557,0,79557,attribute: The person who started and created a company is called the founder,attribute,1,0.0,0.0,semantic,"[{""token"": ""attribute"", ""index"": 1, ""distance"": 0, ""direction"": ""self""}]",n/a,Relationship,,1.0,False,,(is) related,"[{""tk"": ""is"", ""act"": 0.0}, {""tk"": ""the"", ""act"": 0.0}, {""tk"": ""iPhone"", ""act"": 0.0}, {""tk"": ""technology"", ""act"": 0.0}, {""tk"": ""company"", ""act"": 0.0}, {""tk"": ""Apple"", ""act"": 0.0}, {""tk"": ""founder"", ""act"": 0.0}, {""tk"": ""of"", ""act"": 0.0}, {""tk"": ""Steve"", ""act"": 0.0}, {""tk"": ""Jobs"", ""act"": 0.0}, {""tk"": ""who"", ""act"": 0.0}, {""tk"": ""started"", ""act"": 0.0}, {""tk"": ""called"", ""act"": 0.0}, {""tk"": ""established"", ""act"": 0.0}]"
0_80278,0,80278,attribute: The person who started and created a company is called the founder,attribute,1,0.0,0.0,semantic,"[{""token"": ""attribute"", ""index"": 1, ""distance"": 0, ""direction"": ""self""}]",n/a,Relationship,,1.0,False,,(is) related,"[{""tk"": ""is"", ""act"": 0.0}, {""tk"": ""the"", ""act"": 0.0}, {""tk"": ""iPhone"", ""act"": 0.0}, {""tk"": ""technology"", ""act"": 0.0}, {""tk"": ""company"", ""act"": 0.0}, {""tk"": ""Apple"", ""act"": 0.0}, {""tk"": ""founder"", ""act"": 0.0}, {""tk"": ""of"", ""act"": 0.0}, {""tk"": ""Steve"", ""act"": 0.0}, {""tk"": ""Jobs"", ""act"": 0.0}, {""tk"": ""who"", ""act"": 0.0}, {""tk"": ""started"", ""act"": 0.0}, {""tk"": ""called"", ""act"": 0.0}, {""tk"": ""established"", ""act"": 0.0}]"
0_81040,0,81040,attribute: The person who started and created a company is called the founder,attribute,1,0.0,0.0,semantic,"[{""token"": ""attribute"", ""index"": 1, ""distance"": 0, ""direction"": ""self""}]",n/a,Relationship,,1.0,False,,(is) related,"[{""tk"": ""is"", ""act"": 0.0}, {""tk"": ""the"", ""act"": 0.0}, {""tk"": ""iPhone"", ""act"": 0.0}, {""tk"": ""technology"", ""act"": 0.0}, {""tk"": ""company"", ""act"": 0.0}, {""tk"": ""Apple"", ""act"": 0.0}, {""tk"": ""founder"", ""act"": 0.0}, {""tk"": ""of"", ""act"": 0.0}, {""tk"": ""Steve"", ""act"": 0.0}, {""tk"": ""Jobs"", ""act"": 0.0}, {""tk"": ""who"", ""act"": 0.0}, {""tk"": ""started"", ""act"": 0.0}, {""tk"": ""called"", ""act"": 0.0}, {""tk"": ""established"", ""act"": 0.0}]"
0_81224,0,81224,attribute: The person who started and created a company is called the founder,attribute,1,0.0,0.0,semantic,"[{""token"": ""attribute"", ""index"": 1, ""distance"": 0, ""direction"": ""self""}]",n/a,Semantic,Dictionary,1.0,False,,iphone,"[{""tk"": ""iPhone"", ""act"": 13.222972869873047}, {""tk"": ""is"", ""act"": 0.0}, {""tk"": ""the"", ""act"": 0.0}, {""tk"": ""technology"", ""act"": 0.0}, {""tk"": ""company"", ""act"": 0.0}, {""tk"": ""Apple"", ""act"": 0.0}, {""tk"": ""founder"", ""act"": 0.0}, {""tk"": ""of"", ""act"": 0.0}, {""tk"": ""Steve"", ""act"": 0.0}, {""tk"": ""Jobs"", ""act"": 0.0}, {""tk"": ""who"", ""act"": 0.0}, {""tk"": ""started"", ""act"": 0.0}, {""tk"": ""called"", ""act"": 0.0}, {""tk"": ""established"", ""act"": 0.0}]"
0_87647,0,87647,attribute: The person who started and created a company is called the founder,attribute,1,0.0,0.0,semantic,"[{""token"": ""attribute"", ""index"": 1, ""distance"": 0, ""direction"": ""self""}]",n/a,Relationship,,1.0,False,,(is) related,"[{""tk"": ""is"", ""act"": 0.0}, {""tk"": ""the"", ""act"": 0.0}, {""tk"": ""iPhone"", ""act"": 0.0}, {""tk"": ""technology"", ""act"": 0.0}, {""tk"": ""company"", ""act"": 0.0}, {""tk"": ""Apple"", ""act"": 0.0}, {""tk"": ""founder"", ""act"": 0.0}, {""tk"": ""of"", ""act"": 0.0}, {""tk"": ""Steve"", ""act"": 0.0}, {""tk"": ""Jobs"", ""act"": 0.0}, {""tk"": ""who"", ""act"": 0.0}, {""tk"": ""started"", ""act"": 0.0}, {""tk"": ""called"", ""act"": 0.0}, {""tk"": ""established"", ""act"": 0.0}]"
0_89546,0,89546,attribute: The person who started and created a company is called the founder,attribute,1,0.0,0.0,semantic,"[{""token"": ""attribute"", ""index"": 1, ""distance"": 0, ""direction"": ""self""}]",n/a,Relationship,,1.0,False,,(is) related,"[{""tk"": ""is"", ""act"": 0.0}, {""tk"": ""the"", ""act"": 0.0}, {""tk"": ""iPhone"", ""act"": 0.0}, {""tk"": ""technology"", ""act"": 0.0}, {""tk"": ""company"", ""act"": 0.0}, {""tk"": ""Apple"", ""act"": 0.0}, {""tk"": ""founder"", ""act"": 0.0}, {""tk"": ""of"", ""act"": 0.0}, {""tk"": ""Steve"", ""act"": 0.0}, {""tk"": ""Jobs"", ""act"": 0.0}, {""tk"": ""who"", ""act"": 0.0}, {""tk"": ""started"", ""act"": 0.0}, {""tk"": ""called"", ""act"": 0.0}, {""tk"": ""established"", ""act"": 0.0}]"
0_91637,0,91637,attribute: The person who started and created a company is called the founder,attribute,1,0.0,0.0,semantic,"[{""token"": ""attribute"", ""index"": 1, ""distance"": 0, ""direction"": ""self""}]",n/a,Semantic,Dictionary (fallback),0.9,False,,Apple,"[{""tk"": ""Apple"", ""act"": 11.162574768066406}, {""tk"": ""iPhone"", ""act"": 10.118509292602539}, {""tk"": ""is"", ""act"": 0.0}, {""tk"": ""the"", ""act"": 0.0}, {""tk"": ""technology"", ""act"": 0.0}, {""tk"": ""company"", ""act"": 0.0}, {""tk"": ""founder"", ""act"": 0.0}, {""tk"": ""of"", ""act"": 0.0}, {""tk"": ""Steve"", ""act"": 0.0}, {""tk"": ""Jobs"", ""act"": 0.0}, {""tk"": ""who"", ""act"": 0.0}, {""tk"": ""started"", ""act"": 0.0}, {""tk"": ""called"", ""act"": 0.0}, {""tk"": ""established"", ""act"": 0.0}]"
0_92510,0,92510,attribute: The person who started and created a company is called the founder,attribute,1,0.0,0.0,semantic,"[{""token"": ""attribute"", ""index"": 1, ""distance"": 0, ""direction"": ""self""}]",n/a,Semantic,Dictionary,1.0,False,,iphone,"[{""tk"": ""iPhone"", ""act"": 5.416934967041016}, {""tk"": ""is"", ""act"": 0.0}, {""tk"": ""the"", ""act"": 0.0}, {""tk"": ""technology"", ""act"": 0.0}, {""tk"": ""company"", ""act"": 0.0}, {""tk"": ""Apple"", ""act"": 0.0}, {""tk"": ""founder"", ""act"": 0.0}, {""tk"": ""of"", ""act"": 0.0}, {""tk"": ""Steve"", ""act"": 0.0}, {""tk"": ""Jobs"", ""act"": 0.0}, {""tk"": ""who"", ""act"": 0.0}, {""tk"": ""started"", ""act"": 0.0}, {""tk"": ""called"", ""act"": 0.0}, {""tk"": ""established"", ""act"": 0.0}]"
0_95082,0,95082,attribute: The person who started and created a company is called the founder,attribute,1,0.0,0.0,semantic,"[{""token"": ""attribute"", ""index"": 1, ""distance"": 0, ""direction"": ""self""}]",n/a,Relationship,,1.0,False,,(is) related,"[{""tk"": ""is"", ""act"": 0.0}, {""tk"": ""the"", ""act"": 0.0}, {""tk"": ""iPhone"", ""act"": 0.0}, {""tk"": ""technology"", ""act"": 0.0}, {""tk"": ""company"", ""act"": 0.0}, {""tk"": ""Apple"", ""act"": 0.0}, {""tk"": ""founder"", ""act"": 0.0}, {""tk"": ""of"", ""act"": 0.0}, {""tk"": ""Steve"", ""act"": 0.0}, {""tk"": ""Jobs"", ""act"": 0.0}, {""tk"": ""who"", ""act"": 0.0}, {""tk"": ""started"", ""act"": 0.0}, {""tk"": ""called"", ""act"": 0.0}, {""tk"": ""established"", ""act"": 0.0}]"
0_95200,0,95200,attribute: The person who started and created a company is called the founder,attribute,1,0.0,0.0,semantic,"[{""token"": ""attribute"", ""index"": 1, ""distance"": 0, ""direction"": ""self""}]",n/a,Relationship,,1.0,False,,(is) related,"[{""tk"": ""is"", ""act"": 0.0}, {""tk"": ""the"", ""act"": 0.0}, {""tk"": ""iPhone"", ""act"": 0.0}, {""tk"": ""technology"", ""act"": 0.0}, {""tk"": ""company"", ""act"": 0.0}, {""tk"": ""Apple"", ""act"": 0.0}, {""tk"": ""founder"", ""act"": 0.0}, {""tk"": ""of"", ""act"": 0.0}, {""tk"": ""Steve"", ""act"": 0.0}, {""tk"": ""Jobs"", ""act"": 0.0}, {""tk"": ""who"", ""act"": 0.0}, {""tk"": ""started"", ""act"": 0.0}, {""tk"": ""called"", ""act"": 0.0}, {""tk"": ""established"", ""act"": 0.0}]"
0_95889,0,95889,attribute: The person who started and created a company is called the founder,attribute,1,0.0,0.0,semantic,"[{""token"": ""attribute"", ""index"": 1, ""distance"": 0, ""direction"": ""self""}]",n/a,Semantic,Dictionary,1.0,False,,iphone,"[{""tk"": ""iPhone"", ""act"": 19.28626251220703}, {""tk"": ""is"", ""act"": 0.0}, {""tk"": ""the"", ""act"": 0.0}, {""tk"": ""technology"", ""act"": 0.0}, {""tk"": ""company"", ""act"": 0.0}, {""tk"": ""Apple"", ""act"": 0.0}, {""tk"": ""founder"", ""act"": 0.0}, {""tk"": ""of"", ""act"": 0.0}, {""tk"": ""Steve"", ""act"": 0.0}, {""tk"": ""Jobs"", ""act"": 0.0}, {""tk"": ""who"", ""act"": 0.0}, {""tk"": ""started"", ""act"": 0.0}, {""tk"": ""called"", ""act"": 0.0}, {""tk"": ""established"", ""act"": 0.0}]"
1_12928,1,12928,attribute: The person who started and created a company is called the founder,attribute,1,116.74382019042967,0.3906932162675947,semantic,"[{""token"": ""attribute"", ""index"": 1, ""distance"": 0, ""direction"": ""self""}]",n/a,Relationship,,1.0,False,,(company) related,"[{""tk"": ""company"", ""act"": 103.49964904785156}, {""tk"": ""established"", ""act"": 92.58650970458984}, {""tk"": ""iPhone"", ""act"": 90.49929809570312}, {""tk"": ""Steve"", ""act"": 86.70033264160156}, {""tk"": ""founder"", ""act"": 86.57603454589844}, {""tk"": ""the"", ""act"": 86.19105529785156}, {""tk"": ""is"", ""act"": 80.84886169433594}, {""tk"": ""who"", ""act"": 76.71305847167969}, {""tk"": ""Apple"", ""act"": 75.59980010986328}, {""tk"": ""started"", ""act"": 75.0350570678711}, {""tk"": ""technology"", ""act"": 74.70613098144531}, {""tk"": ""Jobs"", ""act"": 70.95344543457031}, {""tk"": ""called"", ""act"": 70.83543395996094}, {""tk"": ""of"", ""act"": 65.76375579833984}]"
1_57794,1,57794,attribute: The person who started and created a company is called the founder,attribute,1,125.26199340820312,0.3849868565971259,semantic,"[{""token"": ""attribute"", ""index"": 1, ""distance"": 0, ""direction"": ""self""}]",n/a,Relationship,,1.0,False,,(founder) related,"[{""tk"": ""founder"", ""act"": 91.56708526611328}, {""tk"": ""The"", ""act"": 90.82074737548828}, {""tk"": ""company"", ""act"": 88.58515930175781}, {""tk"": ""is"", ""act"": 87.5733871459961}, {""tk"": ""iPhone"", ""act"": 87.30318450927734}, {""tk"": ""Steve"", ""act"": 84.86897277832031}, {""tk"": ""called"", ""act"": 83.69468688964844}, {""tk"": ""established"", ""act"": 81.81749725341797}, {""tk"": ""Apple"", ""act"": 81.7845230102539}, {""tk"": ""of"", ""act"": 76.51925659179688}, {""tk"": ""technology"", ""act"": 74.1735610961914}, {""tk"": ""started"", ""act"": 71.23902893066406}, {""tk"": ""who"", ""act"": 66.8528060913086}, {""tk"": ""Jobs"", ""act"": 57.128662109375}]"
1_52044,1,52044,attribute: The person who started and created a company is called the founder, started,6,120.04768371582033,0.2128739222199837,semantic,"[{""token"": "" started"", ""index"": 6, ""distance"": 0, ""direction"": ""self""}]",n/a,Relationship,,1.0,False,,(started) related,"[{""tk"": ""started"", ""act"": 120.04768371582031}, {""tk"": ""called"", ""act"": 115.20313262939453}, {""tk"": ""founder"", ""act"": 114.00474548339844}, {""tk"": ""company"", ""act"": 113.04615020751953}, {""tk"": ""established"", ""act"": 108.39888000488281}, {""tk"": ""who"", ""act"": 107.64916229248047}, {""tk"": ""technology"", ""act"": 96.14112091064453}, {""tk"": ""is"", ""act"": 94.12593841552734}, {""tk"": ""Apple"", ""act"": 92.30553436279297}, {""tk"": ""Jobs"", ""act"": 90.52021789550781}, {""tk"": ""the"", ""act"": 87.14351654052734}, {""tk"": ""Steve"", ""act"": 81.05712127685547}, {""tk"": ""of"", ""act"": 76.76270294189453}, {""tk"": ""iPhone"", ""act"": 75.94082641601562}]"
1_72774,1,72774,attribute: The person who started and created a company is called the founder, person,4,102.9516143798828,0.2527117882582066,semantic,"[{""token"": "" person"", ""index"": 4, ""distance"": 0, ""direction"": ""self""}]",n/a,Relationship,,1.0,False,,(company) related,"[{""tk"": ""company"", ""act"": 106.63935089111328}, {""tk"": ""started"", ""act"": 98.42762756347656}, {""tk"": ""founder"", ""act"": 94.7982177734375}, {""tk"": ""who"", ""act"": 93.58486938476562}, {""tk"": ""technology"", ""act"": 90.14810943603516}, {""tk"": ""called"", ""act"": 88.46238708496094}, {""tk"": ""Apple"", ""act"": 86.1917724609375}, {""tk"": ""is"", ""act"": 83.7561264038086}, {""tk"": ""Jobs"", ""act"": 83.56375122070312}, {""tk"": ""established"", ""act"": 77.50685119628906}, {""tk"": ""The"", ""act"": 74.08993530273438}, {""tk"": ""Steve"", ""act"": 72.27926635742188}, {""tk"": ""of"", ""act"": 68.65750885009766}, {""tk"": ""iPhone"", ""act"": 59.02979278564453}]"
1_1319,1,1319,attribute: The person who started and created a company is called the founder,attribute,1,0.0,0.0,semantic,"[{""token"": ""attribute"", ""index"": 1, ""distance"": 0, ""direction"": ""self""}]",n/a,Semantic,Dictionary,1.0,False,,iphone,"[{""tk"": ""iPhone"", ""act"": 12.844186782836914}, {""tk"": ""is"", ""act"": 0.0}, {""tk"": ""the"", ""act"": 0.0}, {""tk"": ""technology"", ""act"": 0.0}, {""tk"": ""company"", ""act"": 0.0}, {""tk"": ""Apple"", ""act"": 0.0}, {""tk"": ""founder"", ""act"": 0.0}, {""tk"": ""of"", ""act"": 0.0}, {""tk"": ""Steve"", ""act"": 0.0}, {""tk"": ""Jobs"", ""act"": 0.0}, {""tk"": ""who"", ""act"": 0.0}, {""tk"": ""started"", ""act"": 0.0}, {""tk"": ""called"", ""act"": 0.0}, {""tk"": ""established"", ""act"": 0.0}]"
1_1693,1,1693,attribute: The person who started and created a company is called the founder,attribute,1,0.0,0.0,semantic,"[{""token"": ""attribute"", ""index"": 1, ""distance"": 0, ""direction"": ""self""}]",n/a,Relationship,,1.0,False,,(is) related,"[{""tk"": ""is"", ""act"": 0.0}, {""tk"": ""the"", ""act"": 0.0}, {""tk"": ""iPhone"", ""act"": 0.0}, {""tk"": ""technology"", ""act"": 0.0}, {""tk"": ""company"", ""act"": 0.0}, {""tk"": ""Apple"", ""act"": 0.0}, {""tk"": ""founder"", ""act"": 0.0}, {""tk"": ""of"", ""act"": 0.0}, {""tk"": ""Steve"", ""act"": 0.0}, {""tk"": ""Jobs"", ""act"": 0.0}, {""tk"": ""who"", ""act"": 0.0}, {""tk"": ""started"", ""act"": 0.0}, {""tk"": ""called"", ""act"": 0.0}, {""tk"": ""established"", ""act"": 0.0}]"
1_31678,1,31678,attribute: The person who started and created a company is called the founder,attribute,1,0.0,0.0,semantic,"[{""token"": ""attribute"", ""index"": 1, ""distance"": 0, ""direction"": ""self""}]",n/a,Semantic,Dictionary,1.0,False,,iphone,"[{""tk"": ""iPhone"", ""act"": 16.88176727294922}, {""tk"": ""is"", ""act"": 0.0}, {""tk"": ""the"", ""act"": 0.0}, {""tk"": ""technology"", ""act"": 0.0}, {""tk"": ""company"", ""act"": 0.0}, {""tk"": ""Apple"", ""act"": 0.0}, {""tk"": ""founder"", ""act"": 0.0}, {""tk"": ""of"", ""act"": 0.0}, {""tk"": ""Steve"", ""act"": 0.0}, {""tk"": ""Jobs"", ""act"": 0.0}, {""tk"": ""who"", ""act"": 0.0}, {""tk"": ""started"", ""act"": 0.0}, {""tk"": ""called"", ""act"": 0.0}, {""tk"": ""established"", ""act"": 0.0}]"
1_58469,1,58469,attribute: The person who started and created a company is called the founder,attribute,1,0.0,0.0,semantic,"[{""token"": ""attribute"", ""index"": 1, ""distance"": 0, ""direction"": ""self""}]",n/a,Relationship,,1.0,False,,(is) related,"[{""tk"": ""is"", ""act"": 0.0}, {""tk"": ""the"", ""act"": 0.0}, {""tk"": ""iPhone"", ""act"": 0.0}, {""tk"": ""technology"", ""act"": 0.0}, {""tk"": ""company"", ""act"": 0.0}, {""tk"": ""Apple"", ""act"": 0.0}, {""tk"": ""founder"", ""act"": 0.0}, {""tk"": ""of"", ""act"": 0.0}, {""tk"": ""Steve"", ""act"": 0.0}, {""tk"": ""Jobs"", ""act"": 0.0}, {""tk"": ""who"", ""act"": 0.0}, {""tk"": ""started"", ""act"": 0.0}, {""tk"": ""called"", ""act"": 0.0}, {""tk"": ""established"", ""act"": 0.0}]"
1_66937,1,66937,attribute: The person who started and created a company is called the founder,attribute,1,0.0,0.0,semantic,"[{""token"": ""attribute"", ""index"": 1, ""distance"": 0, ""direction"": ""self""}]",n/a,Semantic,Dictionary (fallback),0.9,False,,Apple,"[{""tk"": ""Apple"", ""act"": 27.83917999267578}, {""tk"": ""iPhone"", ""act"": 5.526341915130615}, {""tk"": ""is"", ""act"": 0.0}, {""tk"": ""the"", ""act"": 0.0}, {""tk"": ""technology"", ""act"": 0.0}, {""tk"": ""company"", ""act"": 0.0}, {""tk"": ""founder"", ""act"": 0.0}, {""tk"": ""of"", ""act"": 0.0}, {""tk"": ""Steve"", ""act"": 0.0}, {""tk"": ""Jobs"", ""act"": 0.0}, {""tk"": ""who"", ""act"": 0.0}, {""tk"": ""started"", ""act"": 0.0}, {""tk"": ""called"", ""act"": 0.0}, {""tk"": ""established"", ""act"": 0.0}]"
1_69838,1,69838,attribute: The person who started and created a company is called the founder,attribute,1,0.0,0.0,semantic,"[{""token"": ""attribute"", ""index"": 1, ""distance"": 0, ""direction"": ""self""}]",n/a,Semantic,Dictionary,1.0,False,,of,"[{""tk"": ""of"", ""act"": 7.127059459686279}, {""tk"": ""is"", ""act"": 0.0}, {""tk"": ""the"", ""act"": 0.0}, {""tk"": ""iPhone"", ""act"": 0.0}, {""tk"": ""technology"", ""act"": 0.0}, {""tk"": ""company"", ""act"": 0.0}, {""tk"": ""Apple"", ""act"": 0.0}, {""tk"": ""founder"", ""act"": 0.0}, {""tk"": ""Steve"", ""act"": 0.0}, {""tk"": ""Jobs"", ""act"": 0.0}, {""tk"": ""who"", ""act"": 0.0}, {""tk"": ""started"", ""act"": 0.0}, {""tk"": ""called"", ""act"": 0.0}, {""tk"": ""established"", ""act"": 0.0}]"
1_94373,1,94373,attribute: The person who started and created a company is called the founder,attribute,1,0.0,0.0,semantic,"[{""token"": ""attribute"", ""index"": 1, ""distance"": 0, ""direction"": ""self""}]",n/a,Semantic,Dictionary,1.0,False,,iphone,"[{""tk"": ""iPhone"", ""act"": 19.97370719909668}, {""tk"": ""is"", ""act"": 0.0}, {""tk"": ""the"", ""act"": 0.0}, {""tk"": ""technology"", ""act"": 0.0}, {""tk"": ""company"", ""act"": 0.0}, {""tk"": ""Apple"", ""act"": 0.0}, {""tk"": ""founder"", ""act"": 0.0}, {""tk"": ""of"", ""act"": 0.0}, {""tk"": ""Steve"", ""act"": 0.0}, {""tk"": ""Jobs"", ""act"": 0.0}, {""tk"": ""who"", ""act"": 0.0}, {""tk"": ""started"", ""act"": 0.0}, {""tk"": ""called"", ""act"": 0.0}, {""tk"": ""established"", ""act"": 0.0}]"
1_97938,1,97938,attribute: The person who started and created a company is called the founder,attribute,1,0.0,0.0,semantic,"[{""token"": ""attribute"", ""index"": 1, ""distance"": 0, ""direction"": ""self""}]",n/a,Semantic,Dictionary,1.0,False,,iphone,"[{""tk"": ""iPhone"", ""act"": 22.150123596191406}, {""tk"": ""is"", ""act"": 0.0}, {""tk"": ""the"", ""act"": 0.0}, {""tk"": ""technology"", ""act"": 0.0}, {""tk"": ""company"", ""act"": 0.0}, {""tk"": ""Apple"", ""act"": 0.0}, {""tk"": ""founder"", ""act"": 0.0}, {""tk"": ""of"", ""act"": 0.0}, {""tk"": ""Steve"", ""act"": 0.0}, {""tk"": ""Jobs"", ""act"": 0.0}, {""tk"": ""who"", ""act"": 0.0}, {""tk"": ""started"", ""act"": 0.0}, {""tk"": ""called"", ""act"": 0.0}, {""tk"": ""established"", ""act"": 0.0}]"
1_98014,1,98014,attribute: The person who started and created a company is called the founder,attribute,1,0.0,0.0,semantic,"[{""token"": ""attribute"", ""index"": 1, ""distance"": 0, ""direction"": ""self""}]",n/a,Semantic,Dictionary,1.0,False,,iphone,"[{""tk"": ""iPhone"", ""act"": 14.453958511352539}, {""tk"": ""is"", ""act"": 0.0}, {""tk"": ""the"", ""act"": 0.0}, {""tk"": ""technology"", ""act"": 0.0}, {""tk"": ""company"", ""act"": 0.0}, {""tk"": ""Apple"", ""act"": 0.0}, {""tk"": ""founder"", ""act"": 0.0}, {""tk"": ""of"", ""act"": 0.0}, {""tk"": ""Steve"", ""act"": 0.0}, {""tk"": ""Jobs"", ""act"": 0.0}, {""tk"": ""who"", ""act"": 0.0}, {""tk"": ""started"", ""act"": 0.0}, {""tk"": ""called"", ""act"": 0.0}, {""tk"": ""established"", ""act"": 0.0}]"
2_42519,2,42519,attribute: The person who started and created a company is called the founder, who,5,13.53859519958496,0.9285714285714286,functional,"[{""token"": "" started"", ""index"": 6, ""distance"": 1, ""direction"": ""forward""}]",json,Semantic,Dictionary,1.0,False,,who,"[{""tk"": ""who"", ""act"": 15.062068939208984}, {""tk"": ""is"", ""act"": 0.0}, {""tk"": ""the"", ""act"": 0.0}, {""tk"": ""iPhone"", ""act"": 0.0}, {""tk"": ""technology"", ""act"": 0.0}, {""tk"": ""company"", ""act"": 0.0}, {""tk"": ""Apple"", ""act"": 0.0}, {""tk"": ""founder"", ""act"": 0.0}, {""tk"": ""of"", ""act"": 0.0}, {""tk"": ""Steve"", ""act"": 0.0}, {""tk"": ""Jobs"", ""act"": 0.0}, {""tk"": ""started"", ""act"": 0.0}, {""tk"": ""called"", ""act"": 0.0}, {""tk"": ""established"", ""act"": 0.0}]"
2_79904,2,79904,attribute: The person who started and created a company is called the founder, started,6,11.334894180297852,0.9285714285714284,semantic,"[{""token"": "" started"", ""index"": 6, ""distance"": 0, ""direction"": ""self""}]",n/a,Semantic,Dictionary (fallback),0.9,False,,started,"[{""tk"": ""started"", ""act"": 11.334894180297852}, {""tk"": ""established"", ""act"": 8.485861778259277}, {""tk"": ""is"", ""act"": 0.0}, {""tk"": ""the"", ""act"": 0.0}, {""tk"": ""iPhone"", ""act"": 0.0}, {""tk"": ""technology"", ""act"": 0.0}, {""tk"": ""company"", ""act"": 0.0}, {""tk"": ""Apple"", ""act"": 0.0}, {""tk"": ""founder"", ""act"": 0.0}, {""tk"": ""of"", ""act"": 0.0}, {""tk"": ""Steve"", ""act"": 0.0}, {""tk"": ""Jobs"", ""act"": 0.0}, {""tk"": ""who"", ""act"": 0.0}, {""tk"": ""called"", ""act"": 0.0}]"
2_49383,2,49383,attribute: The person who started and created a company is called the founder, founder,14,8.838245391845703,0.9285714285714284,semantic,"[{""token"": "" founder"", ""index"": 14, ""distance"": 0, ""direction"": ""self""}]",n/a,Semantic,Dictionary,1.0,False,,founder,"[{""tk"": ""founder"", ""act"": 8.838245391845703}, {""tk"": ""is"", ""act"": 0.0}, {""tk"": ""the"", ""act"": 0.0}, {""tk"": ""iPhone"", ""act"": 0.0}, {""tk"": ""technology"", ""act"": 0.0}, {""tk"": ""company"", ""act"": 0.0}, {""tk"": ""Apple"", ""act"": 0.0}, {""tk"": ""of"", ""act"": 0.0}, {""tk"": ""Steve"", ""act"": 0.0}, {""tk"": ""Jobs"", ""act"": 0.0}, {""tk"": ""who"", ""act"": 0.0}, {""tk"": ""started"", ""act"": 0.0}, {""tk"": ""called"", ""act"": 0.0}, {""tk"": ""established"", ""act"": 0.0}]"
2_20615,2,20615,attribute: The person who started and created a company is called the founder,attribute,1,0.0,0.0,semantic,"[{""token"": ""attribute"", ""index"": 1, ""distance"": 0, ""direction"": ""self""}]",n/a,Semantic,Dictionary (fallback),0.9,False,,iphone,"[{""tk"": ""iPhone"", ""act"": 34.026004791259766}, {""tk"": ""Apple"", ""act"": 21.881959915161133}, {""tk"": ""is"", ""act"": 0.0}, {""tk"": ""the"", ""act"": 0.0}, {""tk"": ""technology"", ""act"": 0.0}, {""tk"": ""company"", ""act"": 0.0}, {""tk"": ""founder"", ""act"": 0.0}, {""tk"": ""of"", ""act"": 0.0}, {""tk"": ""Steve"", ""act"": 0.0}, {""tk"": ""Jobs"", ""act"": 0.0}, {""tk"": ""who"", ""act"": 0.0}, {""tk"": ""started"", ""act"": 0.0}, {""tk"": ""called"", ""act"": 0.0}, {""tk"": ""established"", ""act"": 0.0}]"
2_35295,2,35295,attribute: The person who started and created a company is called the founder,attribute,1,0.0,0.0,semantic,"[{""token"": ""attribute"", ""index"": 1, ""distance"": 0, ""direction"": ""self""}]",n/a,Relationship,,1.0,False,,(is) related,"[{""tk"": ""is"", ""act"": 0.0}, {""tk"": ""the"", ""act"": 0.0}, {""tk"": ""iPhone"", ""act"": 0.0}, {""tk"": ""technology"", ""act"": 0.0}, {""tk"": ""company"", ""act"": 0.0}, {""tk"": ""Apple"", ""act"": 0.0}, {""tk"": ""founder"", ""act"": 0.0}, {""tk"": ""of"", ""act"": 0.0}, {""tk"": ""Steve"", ""act"": 0.0}, {""tk"": ""Jobs"", ""act"": 0.0}, {""tk"": ""who"", ""act"": 0.0}, {""tk"": ""started"", ""act"": 0.0}, {""tk"": ""called"", ""act"": 0.0}, {""tk"": ""established"", ""act"": 0.0}]"
2_39335,2,39335,attribute: The person who started and created a company is called the founder,attribute,1,0.0,0.0,semantic,"[{""token"": ""attribute"", ""index"": 1, ""distance"": 0, ""direction"": ""self""}]",n/a,Relationship,,1.0,False,,(is) related,"[{""tk"": ""is"", ""act"": 0.0}, {""tk"": ""the"", ""act"": 0.0}, {""tk"": ""iPhone"", ""act"": 0.0}, {""tk"": ""technology"", ""act"": 0.0}, {""tk"": ""company"", ""act"": 0.0}, {""tk"": ""Apple"", ""act"": 0.0}, {""tk"": ""founder"", ""act"": 0.0}, {""tk"": ""of"", ""act"": 0.0}, {""tk"": ""Steve"", ""act"": 0.0}, {""tk"": ""Jobs"", ""act"": 0.0}, {""tk"": ""who"", ""act"": 0.0}, {""tk"": ""started"", ""act"": 0.0}, {""tk"": ""called"", ""act"": 0.0}, {""tk"": ""established"", ""act"": 0.0}]"
2_79229,2,79229,attribute: The person who started and created a company is called the founder,attribute,1,0.0,0.0,semantic,"[{""token"": ""attribute"", ""index"": 1, ""distance"": 0, ""direction"": ""self""}]",n/a,Relationship,,1.0,False,,(is) related,"[{""tk"": ""is"", ""act"": 0.0}, {""tk"": ""the"", ""act"": 0.0}, {""tk"": ""iPhone"", ""act"": 0.0}, {""tk"": ""technology"", ""act"": 0.0}, {""tk"": ""company"", ""act"": 0.0}, {""tk"": ""Apple"", ""act"": 0.0}, {""tk"": ""founder"", ""act"": 0.0}, {""tk"": ""of"", ""act"": 0.0}, {""tk"": ""Steve"", ""act"": 0.0}, {""tk"": ""Jobs"", ""act"": 0.0}, {""tk"": ""who"", ""act"": 0.0}, {""tk"": ""started"", ""act"": 0.0}, {""tk"": ""called"", ""act"": 0.0}, {""tk"": ""established"", ""act"": 0.0}]"
2_91572,2,91572,attribute: The person who started and created a company is called the founder,attribute,1,0.0,0.0,semantic,"[{""token"": ""attribute"", ""index"": 1, ""distance"": 0, ""direction"": ""self""}]",n/a,Semantic,Dictionary,1.0,False,,iphone,"[{""tk"": ""iPhone"", ""act"": 11.315791130065918}, {""tk"": ""is"", ""act"": 0.0}, {""tk"": ""the"", ""act"": 0.0}, {""tk"": ""technology"", ""act"": 0.0}, {""tk"": ""company"", ""act"": 0.0}, {""tk"": ""Apple"", ""act"": 0.0}, {""tk"": ""founder"", ""act"": 0.0}, {""tk"": ""of"", ""act"": 0.0}, {""tk"": ""Steve"", ""act"": 0.0}, {""tk"": ""Jobs"", ""act"": 0.0}, {""tk"": ""who"", ""act"": 0.0}, {""tk"": ""started"", ""act"": 0.0}, {""tk"": ""called"", ""act"": 0.0}, {""tk"": ""established"", ""act"": 0.0}]"
3_66599,3,66599,attribute: The person who started and created a company is called the founder, person,4,13.599966049194336,0.7637318738066144,semantic,"[{""token"": "" person"", ""index"": 4, ""distance"": 0, ""direction"": ""self""}]",n/a,Semantic,Dictionary (fallback),0.9,False,,Jobs,"[{""tk"": ""Jobs"", ""act"": 21.734445571899414}, {""tk"": ""Apple"", ""act"": 16.169097900390625}, {""tk"": ""iPhone"", ""act"": 15.3125}, {""tk"": ""founder"", ""act"": 13.962577819824219}, {""tk"": ""technology"", ""act"": 9.817445755004883}, {""tk"": ""company"", ""act"": 8.836379051208496}, {""tk"": ""Steve"", ""act"": 3.4961094856262207}, {""tk"": ""started"", ""act"": 1.8817652463912964}, {""tk"": ""of"", ""act"": 1.0519121885299683}, {""tk"": ""is"", ""act"": 0.0}, {""tk"": ""the"", ""act"": 0.0}, {""tk"": ""who"", ""act"": 0.0}, {""tk"": ""called"", ""act"": 0.0}, {""tk"": ""established"", ""act"": 0.0}]"
3_61203,3,61203,attribute: The person who started and created a company is called the founder,attribute,1,0.0,0.0,semantic,"[{""token"": ""attribute"", ""index"": 1, ""distance"": 0, ""direction"": ""self""}]",n/a,Relationship,,1.0,False,,(is) related,"[{""tk"": ""is"", ""act"": 0.0}, {""tk"": ""the"", ""act"": 0.0}, {""tk"": ""iPhone"", ""act"": 0.0}, {""tk"": ""technology"", ""act"": 0.0}, {""tk"": ""company"", ""act"": 0.0}, {""tk"": ""Apple"", ""act"": 0.0}, {""tk"": ""founder"", ""act"": 0.0}, {""tk"": ""of"", ""act"": 0.0}, {""tk"": ""Steve"", ""act"": 0.0}, {""tk"": ""Jobs"", ""act"": 0.0}, {""tk"": ""who"", ""act"": 0.0}, {""tk"": ""started"", ""act"": 0.0}, {""tk"": ""called"", ""act"": 0.0}, {""tk"": ""established"", ""act"": 0.0}]"
3_36390,3,36390,attribute: The person who started and created a company is called the founder,attribute,1,0.0,0.0,semantic,"[{""token"": ""attribute"", ""index"": 1, ""distance"": 0, ""direction"": ""self""}]",n/a,Relationship,,1.0,False,,(is) related,"[{""tk"": ""is"", ""act"": 0.0}, {""tk"": ""the"", ""act"": 0.0}, {""tk"": ""iPhone"", ""act"": 0.0}, {""tk"": ""technology"", ""act"": 0.0}, {""tk"": ""company"", ""act"": 0.0}, {""tk"": ""Apple"", ""act"": 0.0}, {""tk"": ""founder"", ""act"": 0.0}, {""tk"": ""of"", ""act"": 0.0}, {""tk"": ""Steve"", ""act"": 0.0}, {""tk"": ""Jobs"", ""act"": 0.0}, {""tk"": ""who"", ""act"": 0.0}, {""tk"": ""started"", ""act"": 0.0}, {""tk"": ""called"", ""act"": 0.0}, {""tk"": ""established"", ""act"": 0.0}]"
3_7789,3,7789,attribute: The person who started and created a company is called the founder,attribute,1,0.0,0.0,semantic,"[{""token"": ""attribute"", ""index"": 1, ""distance"": 0, ""direction"": ""self""}]",n/a,Relationship,,1.0,False,,(is) related,"[{""tk"": ""is"", ""act"": 0.0}, {""tk"": ""the"", ""act"": 0.0}, {""tk"": ""iPhone"", ""act"": 0.0}, {""tk"": ""technology"", ""act"": 0.0}, {""tk"": ""company"", ""act"": 0.0}, {""tk"": ""Apple"", ""act"": 0.0}, {""tk"": ""founder"", ""act"": 0.0}, {""tk"": ""of"", ""act"": 0.0}, {""tk"": ""Steve"", ""act"": 0.0}, {""tk"": ""Jobs"", ""act"": 0.0}, {""tk"": ""who"", ""act"": 0.0}, {""tk"": ""started"", ""act"": 0.0}, {""tk"": ""called"", ""act"": 0.0}, {""tk"": ""established"", ""act"": 0.0}]"
3_12249,3,12249,attribute: The person who started and created a company is called the founder,attribute,1,0.0,0.0,semantic,"[{""token"": ""attribute"", ""index"": 1, ""distance"": 0, ""direction"": ""self""}]",n/a,Semantic,Dictionary,1.0,False,,of,"[{""tk"": ""of"", ""act"": 13.55992603302002}, {""tk"": ""is"", ""act"": 6.075645446777344}, {""tk"": ""the"", ""act"": 0.0}, {""tk"": ""iPhone"", ""act"": 0.0}, {""tk"": ""technology"", ""act"": 0.0}, {""tk"": ""company"", ""act"": 0.0}, {""tk"": ""Apple"", ""act"": 0.0}, {""tk"": ""founder"", ""act"": 0.0}, {""tk"": ""Steve"", ""act"": 0.0}, {""tk"": ""Jobs"", ""act"": 0.0}, {""tk"": ""who"", ""act"": 0.0}, {""tk"": ""started"", ""act"": 0.0}, {""tk"": ""called"", ""act"": 0.0}, {""tk"": ""established"", ""act"": 0.0}]"
3_25991,3,25991,attribute: The person who started and created a company is called the founder,attribute,1,0.0,0.0,semantic,"[{""token"": ""attribute"", ""index"": 1, ""distance"": 0, ""direction"": ""self""}]",n/a,Relationship,,1.0,False,,(is) related,"[{""tk"": ""is"", ""act"": 0.0}, {""tk"": ""the"", ""act"": 0.0}, {""tk"": ""iPhone"", ""act"": 0.0}, {""tk"": ""technology"", ""act"": 0.0}, {""tk"": ""company"", ""act"": 0.0}, {""tk"": ""Apple"", ""act"": 0.0}, {""tk"": ""founder"", ""act"": 0.0}, {""tk"": ""of"", ""act"": 0.0}, {""tk"": ""Steve"", ""act"": 0.0}, {""tk"": ""Jobs"", ""act"": 0.0}, {""tk"": ""who"", ""act"": 0.0}, {""tk"": ""started"", ""act"": 0.0}, {""tk"": ""called"", ""act"": 0.0}, {""tk"": ""established"", ""act"": 0.0}]"
3_52974,3,52974,attribute: The person who started and created a company is called the founder,attribute,1,0.0,0.0,semantic,"[{""token"": ""attribute"", ""index"": 1, ""distance"": 0, ""direction"": ""self""}]",n/a,Relationship,,1.0,False,,(is) related,"[{""tk"": ""is"", ""act"": 0.0}, {""tk"": ""the"", ""act"": 0.0}, {""tk"": ""iPhone"", ""act"": 0.0}, {""tk"": ""technology"", ""act"": 0.0}, {""tk"": ""company"", ""act"": 0.0}, {""tk"": ""Apple"", ""act"": 0.0}, {""tk"": ""founder"", ""act"": 0.0}, {""tk"": ""of"", ""act"": 0.0}, {""tk"": ""Steve"", ""act"": 0.0}, {""tk"": ""Jobs"", ""act"": 0.0}, {""tk"": ""who"", ""act"": 0.0}, {""tk"": ""started"", ""act"": 0.0}, {""tk"": ""called"", ""act"": 0.0}, {""tk"": ""established"", ""act"": 0.0}]"
3_77354,3,77354,attribute: The person who started and created a company is called the founder,attribute,1,0.0,0.0,semantic,"[{""token"": ""attribute"", ""index"": 1, ""distance"": 0, ""direction"": ""self""}]",n/a,Relationship,,1.0,False,,(is) related,"[{""tk"": ""is"", ""act"": 0.0}, {""tk"": ""the"", ""act"": 0.0}, {""tk"": ""iPhone"", ""act"": 0.0}, {""tk"": ""technology"", ""act"": 0.0}, {""tk"": ""company"", ""act"": 0.0}, {""tk"": ""Apple"", ""act"": 0.0}, {""tk"": ""founder"", ""act"": 0.0}, {""tk"": ""of"", ""act"": 0.0}, {""tk"": ""Steve"", ""act"": 0.0}, {""tk"": ""Jobs"", ""act"": 0.0}, {""tk"": ""who"", ""act"": 0.0}, {""tk"": ""started"", ""act"": 0.0}, {""tk"": ""called"", ""act"": 0.0}, {""tk"": ""established"", ""act"": 0.0}]"
3_89695,3,89695,attribute: The person who started and created a company is called the founder,attribute,1,0.0,0.0,semantic,"[{""token"": ""attribute"", ""index"": 1, ""distance"": 0, ""direction"": ""self""}]",n/a,Relationship,,1.0,False,,(is) related,"[{""tk"": ""is"", ""act"": 0.0}, {""tk"": ""the"", ""act"": 0.0}, {""tk"": ""iPhone"", ""act"": 0.0}, {""tk"": ""technology"", ""act"": 0.0}, {""tk"": ""company"", ""act"": 0.0}, {""tk"": ""Apple"", ""act"": 0.0}, {""tk"": ""founder"", ""act"": 0.0}, {""tk"": ""of"", ""act"": 0.0}, {""tk"": ""Steve"", ""act"": 0.0}, {""tk"": ""Jobs"", ""act"": 0.0}, {""tk"": ""who"", ""act"": 0.0}, {""tk"": ""started"", ""act"": 0.0}, {""tk"": ""called"", ""act"": 0.0}, {""tk"": ""established"", ""act"": 0.0}]"
3_92640,3,92640,attribute: The person who started and created a company is called the founder,attribute,1,0.0,0.0,semantic,"[{""token"": ""attribute"", ""index"": 1, ""distance"": 0, ""direction"": ""self""}]",n/a,Relationship,,1.0,False,,(is) related,"[{""tk"": ""is"", ""act"": 0.0}, {""tk"": ""the"", ""act"": 0.0}, {""tk"": ""iPhone"", ""act"": 0.0}, {""tk"": ""technology"", ""act"": 0.0}, {""tk"": ""company"", ""act"": 0.0}, {""tk"": ""Apple"", ""act"": 0.0}, {""tk"": ""founder"", ""act"": 0.0}, {""tk"": ""of"", ""act"": 0.0}, {""tk"": ""Steve"", ""act"": 0.0}, {""tk"": ""Jobs"", ""act"": 0.0}, {""tk"": ""who"", ""act"": 0.0}, {""tk"": ""started"", ""act"": 0.0}, {""tk"": ""called"", ""act"": 0.0}, {""tk"": ""established"", ""act"": 0.0}]"
4_83635,4,83635,attribute: The person who started and created a company is called the founder,attribute,1,28.110157012939453,0.7524781750498711,semantic,"[{""token"": ""attribute"", ""index"": 1, ""distance"": 0, ""direction"": ""self""}]",n/a,Semantic,Concept,0.7,False,,Apple,"[{""tk"": ""Apple"", ""act"": 29.273523330688477}, {""tk"": ""iPhone"", ""act"": 26.749794006347656}, {""tk"": ""founder"", ""act"": 20.79131507873535}, {""tk"": ""company"", ""act"": 19.679771423339844}, {""tk"": ""technology"", ""act"": 15.477765083312988}, {""tk"": ""of"", ""act"": 6.801421165466309}, {""tk"": ""started"", ""act"": 5.415152549743652}, {""tk"": ""called"", ""act"": 4.690086364746094}, {""tk"": ""established"", ""act"": 4.53714656829834}, {""tk"": ""is"", ""act"": 3.837414026260376}, {""tk"": ""who"", ""act"": 3.641669511795044}, {""tk"": ""the"", ""act"": 1.723905086517334}, {""tk"": ""Steve"", ""act"": 0.0}, {""tk"": ""Jobs"", ""act"": 0.0}]"
4_61585,4,61585,attribute: The person who started and created a company is called the founder,attribute,1,0.0,0.0,semantic,"[{""token"": ""attribute"", ""index"": 1, ""distance"": 0, ""direction"": ""self""}]",n/a,Relationship,,1.0,False,,(is) related,"[{""tk"": ""is"", ""act"": 0.0}, {""tk"": ""the"", ""act"": 0.0}, {""tk"": ""iPhone"", ""act"": 0.0}, {""tk"": ""technology"", ""act"": 0.0}, {""tk"": ""company"", ""act"": 0.0}, {""tk"": ""Apple"", ""act"": 0.0}, {""tk"": ""founder"", ""act"": 0.0}, {""tk"": ""of"", ""act"": 0.0}, {""tk"": ""Steve"", ""act"": 0.0}, {""tk"": ""Jobs"", ""act"": 0.0}, {""tk"": ""who"", ""act"": 0.0}, {""tk"": ""started"", ""act"": 0.0}, {""tk"": ""called"", ""act"": 0.0}, {""tk"": ""established"", ""act"": 0.0}]"
4_65972,4,65972,attribute: The person who started and created a company is called the founder, company,10,0.7668347358703613,0.9285714285714286,semantic,"[{""token"": "" company"", ""index"": 10, ""distance"": 0, ""direction"": ""self""}]",n/a,Semantic,Concept,0.7,False,,company,"[{""tk"": ""company"", ""act"": 0.7668347358703613}, {""tk"": ""is"", ""act"": 0.0}, {""tk"": ""the"", ""act"": 0.0}, {""tk"": ""iPhone"", ""act"": 0.0}, {""tk"": ""technology"", ""act"": 0.0}, {""tk"": ""Apple"", ""act"": 0.0}, {""tk"": ""founder"", ""act"": 0.0}, {""tk"": ""of"", ""act"": 0.0}, {""tk"": ""Steve"", ""act"": 0.0}, {""tk"": ""Jobs"", ""act"": 0.0}, {""tk"": ""who"", ""act"": 0.0}, {""tk"": ""started"", ""act"": 0.0}, {""tk"": ""called"", ""act"": 0.0}, {""tk"": ""established"", ""act"": 0.0}]"
4_25485,4,25485,attribute: The person who started and created a company is called the founder,attribute,1,0.0,0.0,semantic,"[{""token"": ""attribute"", ""index"": 1, ""distance"": 0, ""direction"": ""self""}]",n/a,Relationship,,1.0,False,,(is) related,"[{""tk"": ""is"", ""act"": 0.0}, {""tk"": ""the"", ""act"": 0.0}, {""tk"": ""iPhone"", ""act"": 0.0}, {""tk"": ""technology"", ""act"": 0.0}, {""tk"": ""company"", ""act"": 0.0}, {""tk"": ""Apple"", ""act"": 0.0}, {""tk"": ""founder"", ""act"": 0.0}, {""tk"": ""of"", ""act"": 0.0}, {""tk"": ""Steve"", ""act"": 0.0}, {""tk"": ""Jobs"", ""act"": 0.0}, {""tk"": ""who"", ""act"": 0.0}, {""tk"": ""started"", ""act"": 0.0}, {""tk"": ""called"", ""act"": 0.0}, {""tk"": ""established"", ""act"": 0.0}]"
4_49272,4,49272,attribute: The person who started and created a company is called the founder,attribute,1,0.0,0.0,semantic,"[{""token"": ""attribute"", ""index"": 1, ""distance"": 0, ""direction"": ""self""}]",n/a,Semantic,Concept,0.7,False,,iphone,"[{""tk"": ""iPhone"", ""act"": 2.735218048095703}, {""tk"": ""Apple"", ""act"": 0.2487431764602661}, {""tk"": ""is"", ""act"": 0.0}, {""tk"": ""the"", ""act"": 0.0}, {""tk"": ""technology"", ""act"": 0.0}, {""tk"": ""company"", ""act"": 0.0}, {""tk"": ""founder"", ""act"": 0.0}, {""tk"": ""of"", ""act"": 0.0}, {""tk"": ""Steve"", ""act"": 0.0}, {""tk"": ""Jobs"", ""act"": 0.0}, {""tk"": ""who"", ""act"": 0.0}, {""tk"": ""started"", ""act"": 0.0}, {""tk"": ""called"", ""act"": 0.0}, {""tk"": ""established"", ""act"": 0.0}]"
4_50389,4,50389,attribute: The person who started and created a company is called the founder,attribute,1,0.0,0.0,semantic,"[{""token"": ""attribute"", ""index"": 1, ""distance"": 0, ""direction"": ""self""}]",n/a,Relationship,,1.0,False,,(is) related,"[{""tk"": ""is"", ""act"": 0.0}, {""tk"": ""the"", ""act"": 0.0}, {""tk"": ""iPhone"", ""act"": 0.0}, {""tk"": ""technology"", ""act"": 0.0}, {""tk"": ""company"", ""act"": 0.0}, {""tk"": ""Apple"", ""act"": 0.0}, {""tk"": ""founder"", ""act"": 0.0}, {""tk"": ""of"", ""act"": 0.0}, {""tk"": ""Steve"", ""act"": 0.0}, {""tk"": ""Jobs"", ""act"": 0.0}, {""tk"": ""who"", ""act"": 0.0}, {""tk"": ""started"", ""act"": 0.0}, {""tk"": ""called"", ""act"": 0.0}, {""tk"": ""established"", ""act"": 0.0}]"
4_53843,4,53843,attribute: The person who started and created a company is called the founder,attribute,1,0.0,0.0,semantic,"[{""token"": ""attribute"", ""index"": 1, ""distance"": 0, ""direction"": ""self""}]",n/a,Semantic,Concept,0.7,False,,founder,"[{""tk"": ""founder"", ""act"": 0.08846926689147949}, {""tk"": ""is"", ""act"": 0.0}, {""tk"": ""the"", ""act"": 0.0}, {""tk"": ""iPhone"", ""act"": 0.0}, {""tk"": ""technology"", ""act"": 0.0}, {""tk"": ""company"", ""act"": 0.0}, {""tk"": ""Apple"", ""act"": 0.0}, {""tk"": ""of"", ""act"": 0.0}, {""tk"": ""Steve"", ""act"": 0.0}, {""tk"": ""Jobs"", ""act"": 0.0}, {""tk"": ""who"", ""act"": 0.0}, {""tk"": ""started"", ""act"": 0.0}, {""tk"": ""called"", ""act"": 0.0}, {""tk"": ""established"", ""act"": 0.0}]"
5_1551,5,1551,attribute: The person who started and created a company is called the founder,attribute,1,39.38965606689453,0.9285714285714284,semantic,"[{""token"": ""attribute"", ""index"": 1, ""distance"": 0, ""direction"": ""self""}]",n/a,Semantic,Concept,0.7,False,,Semantic (unknown),"[{""tk"": ""is"", ""act"": 0.0}, {""tk"": ""the"", ""act"": 0.0}, {""tk"": ""iPhone"", ""act"": 0.0}, {""tk"": ""technology"", ""act"": 0.0}, {""tk"": ""company"", ""act"": 0.0}, {""tk"": ""Apple"", ""act"": 0.0}, {""tk"": ""founder"", ""act"": 0.0}, {""tk"": ""of"", ""act"": 0.0}, {""tk"": ""Steve"", ""act"": 0.0}, {""tk"": ""Jobs"", ""act"": 0.0}, {""tk"": ""who"", ""act"": 0.0}, {""tk"": ""started"", ""act"": 0.0}, {""tk"": ""called"", ""act"": 0.0}, {""tk"": ""established"", ""act"": 0.0}]"
5_95640,5,95640,attribute: The person who started and created a company is called the founder,attribute,1,23.301719665527344,0.9285714285714284,semantic,"[{""token"": ""attribute"", ""index"": 1, ""distance"": 0, ""direction"": ""self""}]",n/a,Semantic,Concept,0.7,False,,Semantic (unknown),"[{""tk"": ""is"", ""act"": 0.0}, {""tk"": ""the"", ""act"": 0.0}, {""tk"": ""iPhone"", ""act"": 0.0}, {""tk"": ""technology"", ""act"": 0.0}, {""tk"": ""company"", ""act"": 0.0}, {""tk"": ""Apple"", ""act"": 0.0}, {""tk"": ""founder"", ""act"": 0.0}, {""tk"": ""of"", ""act"": 0.0}, {""tk"": ""Steve"", ""act"": 0.0}, {""tk"": ""Jobs"", ""act"": 0.0}, {""tk"": ""who"", ""act"": 0.0}, {""tk"": ""started"", ""act"": 0.0}, {""tk"": ""called"", ""act"": 0.0}, {""tk"": ""established"", ""act"": 0.0}]"
5_97304,5,97304,attribute: The person who started and created a company is called the founder,:,2,4.203069686889648,0.9285714285714286,functional,"[{""token"": "" person"", ""index"": 4, ""distance"": 2, ""direction"": ""forward""}, {""token"": ""attribute"", ""index"": 1, ""distance"": 1, ""direction"": ""backward""}]",json,Semantic,Concept,0.7,False,,Apple,"[{""tk"": ""Apple"", ""act"": 10.507890701293945}, {""tk"": ""iPhone"", ""act"": 9.699518203735352}, {""tk"": ""Jobs"", ""act"": 9.227739334106445}, {""tk"": ""Steve"", ""act"": 0.9180450439453125}, {""tk"": ""is"", ""act"": 0.0}, {""tk"": ""the"", ""act"": 0.0}, {""tk"": ""technology"", ""act"": 0.0}, {""tk"": ""company"", ""act"": 0.0}, {""tk"": ""founder"", ""act"": 0.0}, {""tk"": ""of"", ""act"": 0.0}, {""tk"": ""who"", ""act"": 0.0}, {""tk"": ""started"", ""act"": 0.0}, {""tk"": ""called"", ""act"": 0.0}, {""tk"": ""established"", ""act"": 0.0}]"
5_26299,5,26299,attribute: The person who started and created a company is called the founder,attribute,1,0.0,0.0,semantic,"[{""token"": ""attribute"", ""index"": 1, ""distance"": 0, ""direction"": ""self""}]",n/a,Relationship,,1.0,False,,(is) related,"[{""tk"": ""is"", ""act"": 0.0}, {""tk"": ""the"", ""act"": 0.0}, {""tk"": ""iPhone"", ""act"": 0.0}, {""tk"": ""technology"", ""act"": 0.0}, {""tk"": ""company"", ""act"": 0.0}, {""tk"": ""Apple"", ""act"": 0.0}, {""tk"": ""founder"", ""act"": 0.0}, {""tk"": ""of"", ""act"": 0.0}, {""tk"": ""Steve"", ""act"": 0.0}, {""tk"": ""Jobs"", ""act"": 0.0}, {""tk"": ""who"", ""act"": 0.0}, {""tk"": ""started"", ""act"": 0.0}, {""tk"": ""called"", ""act"": 0.0}, {""tk"": ""established"", ""act"": 0.0}]"
5_42294,5,42294,attribute: The person who started and created a company is called the founder,attribute,1,0.0,0.0,semantic,"[{""token"": ""attribute"", ""index"": 1, ""distance"": 0, ""direction"": ""self""}]",n/a,Relationship,,1.0,False,,(is) related,"[{""tk"": ""is"", ""act"": 0.0}, {""tk"": ""the"", ""act"": 0.0}, {""tk"": ""iPhone"", ""act"": 0.0}, {""tk"": ""technology"", ""act"": 0.0}, {""tk"": ""company"", ""act"": 0.0}, {""tk"": ""Apple"", ""act"": 0.0}, {""tk"": ""founder"", ""act"": 0.0}, {""tk"": ""of"", ""act"": 0.0}, {""tk"": ""Steve"", ""act"": 0.0}, {""tk"": ""Jobs"", ""act"": 0.0}, {""tk"": ""who"", ""act"": 0.0}, {""tk"": ""started"", ""act"": 0.0}, {""tk"": ""called"", ""act"": 0.0}, {""tk"": ""established"", ""act"": 0.0}]"
5_54263,5,54263,attribute: The person who started and created a company is called the founder,attribute,1,0.0,0.0,semantic,"[{""token"": ""attribute"", ""index"": 1, ""distance"": 0, ""direction"": ""self""}]",n/a,Relationship,,1.0,False,,(is) related,"[{""tk"": ""is"", ""act"": 0.0}, {""tk"": ""the"", ""act"": 0.0}, {""tk"": ""iPhone"", ""act"": 0.0}, {""tk"": ""technology"", ""act"": 0.0}, {""tk"": ""company"", ""act"": 0.0}, {""tk"": ""Apple"", ""act"": 0.0}, {""tk"": ""founder"", ""act"": 0.0}, {""tk"": ""of"", ""act"": 0.0}, {""tk"": ""Steve"", ""act"": 0.0}, {""tk"": ""Jobs"", ""act"": 0.0}, {""tk"": ""who"", ""act"": 0.0}, {""tk"": ""started"", ""act"": 0.0}, {""tk"": ""called"", ""act"": 0.0}, {""tk"": ""established"", ""act"": 0.0}]"
6_22143,6,22143,attribute: The person who started and created a company is called the founder,attribute,1,25.45401382446289,0.5074967380275449,semantic,"[{""token"": ""attribute"", ""index"": 1, ""distance"": 0, ""direction"": ""self""}]",n/a,Semantic,Concept,0.7,False,,company,"[{""tk"": ""Apple"", ""act"": 22.002117156982422}, {""tk"": ""company"", ""act"": 21.061681747436523}, {""tk"": ""called"", ""act"": 19.890174865722656}, {""tk"": ""is"", ""act"": 19.172073364257812}, {""tk"": ""technology"", ""act"": 15.491524696350098}, {""tk"": ""the"", ""act"": 15.198439598083496}, {""tk"": ""Jobs"", ""act"": 13.937668800354004}, {""tk"": ""founder"", ""act"": 12.949738502502441}, {""tk"": ""of"", ""act"": 8.630607604980469}, {""tk"": ""iPhone"", ""act"": 7.2083420753479}, {""tk"": ""started"", ""act"": 6.396762371063232}, {""tk"": ""who"", ""act"": 4.663736820220947}, {""tk"": ""established"", ""act"": 3.2520933151245117}, {""tk"": ""Steve"", ""act"": 0.0}]"
6_16539,6,16539,attribute: The person who started and created a company is called the founder, created,8,6.438681602478027,0.7054440858593509,semantic,"[{""token"": "" created"", ""index"": 8, ""distance"": 0, ""direction"": ""self""}]",n/a,Semantic,Concept,0.7,False,,founder,"[{""tk"": ""founder"", ""act"": 7.115179061889648}, {""tk"": ""established"", ""act"": 5.883291244506836}, {""tk"": ""is"", ""act"": 5.590049743652344}, {""tk"": ""started"", ""act"": 4.993588447570801}, {""tk"": ""of"", ""act"": 4.755459785461426}, {""tk"": ""company"", ""act"": 3.195023775100708}, {""tk"": ""the"", ""act"": 0.0}, {""tk"": ""iPhone"", ""act"": 0.0}, {""tk"": ""technology"", ""act"": 0.0}, {""tk"": ""Apple"", ""act"": 0.0}, {""tk"": ""Steve"", ""act"": 0.0}, {""tk"": ""Jobs"", ""act"": 0.0}, {""tk"": ""who"", ""act"": 0.0}, {""tk"": ""called"", ""act"": 0.0}]"
6_5981,6,5981,attribute: The person who started and created a company is called the founder,attribute,1,0.0,0.0,semantic,"[{""token"": ""attribute"", ""index"": 1, ""distance"": 0, ""direction"": ""self""}]",n/a,Relationship,,1.0,False,,(is) related,"[{""tk"": ""is"", ""act"": 0.0}, {""tk"": ""the"", ""act"": 0.0}, {""tk"": ""iPhone"", ""act"": 0.0}, {""tk"": ""technology"", ""act"": 0.0}, {""tk"": ""company"", ""act"": 0.0}, {""tk"": ""Apple"", ""act"": 0.0}, {""tk"": ""founder"", ""act"": 0.0}, {""tk"": ""of"", ""act"": 0.0}, {""tk"": ""Steve"", ""act"": 0.0}, {""tk"": ""Jobs"", ""act"": 0.0}, {""tk"": ""who"", ""act"": 0.0}, {""tk"": ""started"", ""act"": 0.0}, {""tk"": ""called"", ""act"": 0.0}, {""tk"": ""established"", ""act"": 0.0}]"
6_22808,6,22808,attribute: The person who started and created a company is called the founder,attribute,1,0.0,0.0,semantic,"[{""token"": ""attribute"", ""index"": 1, ""distance"": 0, ""direction"": ""self""}]",n/a,Semantic,Dictionary,1.0,False,,iphone,"[{""tk"": ""iPhone"", ""act"": 48.54792785644531}, {""tk"": ""is"", ""act"": 0.0}, {""tk"": ""the"", ""act"": 0.0}, {""tk"": ""technology"", ""act"": 0.0}, {""tk"": ""company"", ""act"": 0.0}, {""tk"": ""Apple"", ""act"": 0.0}, {""tk"": ""founder"", ""act"": 0.0}, {""tk"": ""of"", ""act"": 0.0}, {""tk"": ""Steve"", ""act"": 0.0}, {""tk"": ""Jobs"", ""act"": 0.0}, {""tk"": ""who"", ""act"": 0.0}, {""tk"": ""started"", ""act"": 0.0}, {""tk"": ""called"", ""act"": 0.0}, {""tk"": ""established"", ""act"": 0.0}]"
6_24069,6,24069,attribute: The person who started and created a company is called the founder,attribute,1,0.0,0.0,semantic,"[{""token"": ""attribute"", ""index"": 1, ""distance"": 0, ""direction"": ""self""}]",n/a,Relationship,,1.0,False,,(is) related,"[{""tk"": ""is"", ""act"": 0.0}, {""tk"": ""the"", ""act"": 0.0}, {""tk"": ""iPhone"", ""act"": 0.0}, {""tk"": ""technology"", ""act"": 0.0}, {""tk"": ""company"", ""act"": 0.0}, {""tk"": ""Apple"", ""act"": 0.0}, {""tk"": ""founder"", ""act"": 0.0}, {""tk"": ""of"", ""act"": 0.0}, {""tk"": ""Steve"", ""act"": 0.0}, {""tk"": ""Jobs"", ""act"": 0.0}, {""tk"": ""who"", ""act"": 0.0}, {""tk"": ""started"", ""act"": 0.0}, {""tk"": ""called"", ""act"": 0.0}, {""tk"": ""established"", ""act"": 0.0}]"
6_32160,6,32160,attribute: The person who started and created a company is called the founder,attribute,1,0.0,0.0,semantic,"[{""token"": ""attribute"", ""index"": 1, ""distance"": 0, ""direction"": ""self""}]",n/a,Semantic,Concept,0.7,False,,iphone,"[{""tk"": ""iPhone"", ""act"": 9.09296989440918}, {""tk"": ""Apple"", ""act"": 8.404762268066406}, {""tk"": ""company"", ""act"": 3.5738229751586914}, {""tk"": ""technology"", ""act"": 2.721566677093506}, {""tk"": ""is"", ""act"": 0.0}, {""tk"": ""the"", ""act"": 0.0}, {""tk"": ""founder"", ""act"": 0.0}, {""tk"": ""of"", ""act"": 0.0}, {""tk"": ""Steve"", ""act"": 0.0}, {""tk"": ""Jobs"", ""act"": 0.0}, {""tk"": ""who"", ""act"": 0.0}, {""tk"": ""started"", ""act"": 0.0}, {""tk"": ""called"", ""act"": 0.0}, {""tk"": ""established"", ""act"": 0.0}]"
6_62464,6,62464,attribute: The person who started and created a company is called the founder,attribute,1,0.0,0.0,semantic,"[{""token"": ""attribute"", ""index"": 1, ""distance"": 0, ""direction"": ""self""}]",n/a,Semantic,Ambiguous,0.3,True,"Ambiguous: peak_cons=0.20, n_peaks=1, func_vs_sem=100.0%, layer=6",is,"[{""tk"": ""is"", ""act"": 0.027451038360595703}, {""tk"": ""the"", ""act"": 0.0}, {""tk"": ""iPhone"", ""act"": 0.0}, {""tk"": ""technology"", ""act"": 0.0}, {""tk"": ""company"", ""act"": 0.0}, {""tk"": ""Apple"", ""act"": 0.0}, {""tk"": ""founder"", ""act"": 0.0}, {""tk"": ""of"", ""act"": 0.0}, {""tk"": ""Steve"", ""act"": 0.0}, {""tk"": ""Jobs"", ""act"": 0.0}, {""tk"": ""who"", ""act"": 0.0}, {""tk"": ""started"", ""act"": 0.0}, {""tk"": ""called"", ""act"": 0.0}, {""tk"": ""established"", ""act"": 0.0}]"
6_67161,6,67161,attribute: The person who started and created a company is called the founder,attribute,1,0.0,0.0,semantic,"[{""token"": ""attribute"", ""index"": 1, ""distance"": 0, ""direction"": ""self""}]",n/a,Semantic,Concept,0.7,False,,iphone,"[{""tk"": ""iPhone"", ""act"": 16.878387451171875}, {""tk"": ""Apple"", ""act"": 14.257761001586914}, {""tk"": ""is"", ""act"": 0.0}, {""tk"": ""the"", ""act"": 0.0}, {""tk"": ""technology"", ""act"": 0.0}, {""tk"": ""company"", ""act"": 0.0}, {""tk"": ""founder"", ""act"": 0.0}, {""tk"": ""of"", ""act"": 0.0}, {""tk"": ""Steve"", ""act"": 0.0}, {""tk"": ""Jobs"", ""act"": 0.0}, {""tk"": ""who"", ""act"": 0.0}, {""tk"": ""started"", ""act"": 0.0}, {""tk"": ""called"", ""act"": 0.0}, {""tk"": ""established"", ""act"": 0.0}]"
7_66851,7,66851,attribute: The person who started and created a company is called the founder, The,3,45.36384963989258,0.3592123593126906,functional,"[{""token"": "" person"", ""index"": 4, ""distance"": 1, ""direction"": ""forward""}]",json,Relationship,,1.0,False,,(The) related,"[{""tk"": ""The"", ""act"": 49.6574592590332}, {""tk"": ""technology"", ""act"": 42.79720687866211}, {""tk"": ""founder"", ""act"": 42.7050895690918}, {""tk"": ""started"", ""act"": 40.24308776855469}, {""tk"": ""of"", ""act"": 37.997066497802734}, {""tk"": ""Jobs"", ""act"": 36.86534118652344}, {""tk"": ""company"", ""act"": 32.645748138427734}, {""tk"": ""is"", ""act"": 32.06440353393555}, {""tk"": ""Apple"", ""act"": 31.23112678527832}, {""tk"": ""called"", ""act"": 31.141996383666992}, {""tk"": ""established"", ""act"": 29.129192352294922}, {""tk"": ""iPhone"", ""act"": 26.690139770507812}, {""tk"": ""who"", ""act"": 25.22102928161621}, {""tk"": ""Steve"", ""act"": 21.973251342773438}]"
7_2079,7,2079,attribute: The person who started and created a company is called the founder, founder,14,16.959388732910156,0.7160174583155717,semantic,"[{""token"": "" founder"", ""index"": 14, ""distance"": 0, ""direction"": ""self""}]",n/a,Semantic,Concept,0.7021985009678795,False,,founder,"[{""tk"": ""founder"", ""act"": 16.959388732910156}, {""tk"": ""company"", ""act"": 13.919597625732422}, {""tk"": ""is"", ""act"": 11.908857345581055}, {""tk"": ""Steve"", ""act"": 8.737485885620117}, {""tk"": ""the"", ""act"": 8.54307746887207}, {""tk"": ""Apple"", ""act"": 4.928235054016113}, {""tk"": ""Jobs"", ""act"": 3.651355504989624}, {""tk"": ""called"", ""act"": 1.868877649307251}, {""tk"": ""of"", ""act"": 1.3174381256103516}, {""tk"": ""iPhone"", ""act"": 0.0}, {""tk"": ""technology"", ""act"": 0.0}, {""tk"": ""who"", ""act"": 0.0}, {""tk"": ""started"", ""act"": 0.0}, {""tk"": ""established"", ""act"": 0.0}]"
7_16578,7,16578,attribute: The person who started and created a company is called the founder,attribute,1,0.0,0.0,semantic,"[{""token"": ""attribute"", ""index"": 1, ""distance"": 0, ""direction"": ""self""}]",n/a,"Say ""X""",,1.0,False,,Say (Steve),"[{""tk"": ""is"", ""act"": 0.22064924240112305}, {""tk"": ""the"", ""act"": 0.0}, {""tk"": ""iPhone"", ""act"": 0.0}, {""tk"": ""technology"", ""act"": 0.0}, {""tk"": ""company"", ""act"": 0.0}, {""tk"": ""Apple"", ""act"": 0.0}, {""tk"": ""founder"", ""act"": 0.0}, {""tk"": ""of"", ""act"": 0.0}, {""tk"": ""Steve"", ""act"": 0.0}, {""tk"": ""Jobs"", ""act"": 0.0}, {""tk"": ""who"", ""act"": 0.0}, {""tk"": ""started"", ""act"": 0.0}, {""tk"": ""called"", ""act"": 0.0}, {""tk"": ""established"", ""act"": 0.0}]"
7_33532,7,33532,attribute: The person who started and created a company is called the founder, is,11,2.1019606590271,0.9050774093860382,functional,"[{""token"": "" called"", ""index"": 12, ""distance"": 1, ""direction"": ""forward""}]",json,"Say ""X""",,1.0,False,,Say (Steve),"[{""tk"": ""is"", ""act"": 11.828958511352539}, {""tk"": ""Steve"", ""act"": 1.8266286849975586}, {""tk"": ""company"", ""act"": 0.6913690567016602}, {""tk"": ""the"", ""act"": 0.0}, {""tk"": ""iPhone"", ""act"": 0.0}, {""tk"": ""technology"", ""act"": 0.0}, {""tk"": ""Apple"", ""act"": 0.0}, {""tk"": ""founder"", ""act"": 0.0}, {""tk"": ""of"", ""act"": 0.0}, {""tk"": ""Jobs"", ""act"": 0.0}, {""tk"": ""who"", ""act"": 0.0}, {""tk"": ""started"", ""act"": 0.0}, {""tk"": ""called"", ""act"": 0.0}, {""tk"": ""established"", ""act"": 0.0}]"
7_3975,7,3975,attribute: The person who started and created a company is called the founder, is,11,0.6776852607727051,0.9285714285714284,functional,"[{""token"": "" called"", ""index"": 12, ""distance"": 1, ""direction"": ""forward""}]",json,"Say ""X""",,1.0,False,,Say (called),"[{""tk"": ""is"", ""act"": 0.6776852607727051}, {""tk"": ""the"", ""act"": 0.0}, {""tk"": ""iPhone"", ""act"": 0.0}, {""tk"": ""technology"", ""act"": 0.0}, {""tk"": ""company"", ""act"": 0.0}, {""tk"": ""Apple"", ""act"": 0.0}, {""tk"": ""founder"", ""act"": 0.0}, {""tk"": ""of"", ""act"": 0.0}, {""tk"": ""Steve"", ""act"": 0.0}, {""tk"": ""Jobs"", ""act"": 0.0}, {""tk"": ""who"", ""act"": 0.0}, {""tk"": ""started"", ""act"": 0.0}, {""tk"": ""called"", ""act"": 0.0}, {""tk"": ""established"", ""act"": 0.0}]"
7_11873,7,11873,attribute: The person who started and created a company is called the founder,attribute,1,0.0,0.0,semantic,"[{""token"": ""attribute"", ""index"": 1, ""distance"": 0, ""direction"": ""self""}]",n/a,"Say ""X""",,1.0,False,,Say (Steve),"[{""tk"": ""is"", ""act"": 22.19942855834961}, {""tk"": ""Apple"", ""act"": 0.6409783363342285}, {""tk"": ""the"", ""act"": 0.0}, {""tk"": ""iPhone"", ""act"": 0.0}, {""tk"": ""technology"", ""act"": 0.0}, {""tk"": ""company"", ""act"": 0.0}, {""tk"": ""founder"", ""act"": 0.0}, {""tk"": ""of"", ""act"": 0.0}, {""tk"": ""Steve"", ""act"": 0.0}, {""tk"": ""Jobs"", ""act"": 0.0}, {""tk"": ""who"", ""act"": 0.0}, {""tk"": ""started"", ""act"": 0.0}, {""tk"": ""called"", ""act"": 0.0}, {""tk"": ""established"", ""act"": 0.0}]"
7_19995,7,19995,attribute: The person who started and created a company is called the founder,attribute,1,0.0,0.0,semantic,"[{""token"": ""attribute"", ""index"": 1, ""distance"": 0, ""direction"": ""self""}]",n/a,Relationship,,1.0,False,,(is) related,"[{""tk"": ""is"", ""act"": 0.0}, {""tk"": ""the"", ""act"": 0.0}, {""tk"": ""iPhone"", ""act"": 0.0}, {""tk"": ""technology"", ""act"": 0.0}, {""tk"": ""company"", ""act"": 0.0}, {""tk"": ""Apple"", ""act"": 0.0}, {""tk"": ""founder"", ""act"": 0.0}, {""tk"": ""of"", ""act"": 0.0}, {""tk"": ""Steve"", ""act"": 0.0}, {""tk"": ""Jobs"", ""act"": 0.0}, {""tk"": ""who"", ""act"": 0.0}, {""tk"": ""started"", ""act"": 0.0}, {""tk"": ""called"", ""act"": 0.0}, {""tk"": ""established"", ""act"": 0.0}]"
7_70719,7,70719,attribute: The person who started and created a company is called the founder,attribute,1,0.0,0.0,semantic,"[{""token"": ""attribute"", ""index"": 1, ""distance"": 0, ""direction"": ""self""}]",n/a,"Say ""X""",,1.0,False,,Say (Steve),"[{""tk"": ""is"", ""act"": 3.7739624977111816}, {""tk"": ""Steve"", ""act"": 2.748950481414795}, {""tk"": ""the"", ""act"": 0.0}, {""tk"": ""iPhone"", ""act"": 0.0}, {""tk"": ""technology"", ""act"": 0.0}, {""tk"": ""company"", ""act"": 0.0}, {""tk"": ""Apple"", ""act"": 0.0}, {""tk"": ""founder"", ""act"": 0.0}, {""tk"": ""of"", ""act"": 0.0}, {""tk"": ""Jobs"", ""act"": 0.0}, {""tk"": ""who"", ""act"": 0.0}, {""tk"": ""started"", ""act"": 0.0}, {""tk"": ""called"", ""act"": 0.0}, {""tk"": ""established"", ""act"": 0.0}]"
7_93139,7,93139,attribute: The person who started and created a company is called the founder,attribute,1,0.0,0.0,semantic,"[{""token"": ""attribute"", ""index"": 1, ""distance"": 0, ""direction"": ""self""}]",n/a,Semantic,Concept,0.7,False,,Apple,"[{""tk"": ""Apple"", ""act"": 46.836097717285156}, {""tk"": ""iPhone"", ""act"": 18.840980529785156}, {""tk"": ""Jobs"", ""act"": 16.64583396911621}, {""tk"": ""is"", ""act"": 0.43924927711486816}, {""tk"": ""the"", ""act"": 0.0}, {""tk"": ""technology"", ""act"": 0.0}, {""tk"": ""company"", ""act"": 0.0}, {""tk"": ""founder"", ""act"": 0.0}, {""tk"": ""of"", ""act"": 0.0}, {""tk"": ""Steve"", ""act"": 0.0}, {""tk"": ""who"", ""act"": 0.0}, {""tk"": ""started"", ""act"": 0.0}, {""tk"": ""called"", ""act"": 0.0}, {""tk"": ""established"", ""act"": 0.0}]"
8_37691,8,37691,attribute: The person who started and created a company is called the founder, company,10,21.32503700256348,0.4575084088102449,semantic,"[{""token"": "" company"", ""index"": 10, ""distance"": 0, ""direction"": ""self""}]",n/a,Semantic,Concept,0.7,False,,Apple,"[{""tk"": ""Apple"", ""act"": 50.39360809326172}, {""tk"": ""technology"", ""act"": 42.32038497924805}, {""tk"": ""iPhone"", ""act"": 40.64215850830078}, {""tk"": ""Jobs"", ""act"": 39.74195861816406}, {""tk"": ""company"", ""act"": 29.09471893310547}, {""tk"": ""is"", ""act"": 24.91400718688965}, {""tk"": ""of"", ""act"": 20.2155818939209}, {""tk"": ""founder"", ""act"": 19.808534622192383}, {""tk"": ""The"", ""act"": 17.78764533996582}, {""tk"": ""started"", ""act"": 15.96922492980957}, {""tk"": ""Steve"", ""act"": 14.52833366394043}, {""tk"": ""who"", ""act"": 13.755594253540039}, {""tk"": ""called"", ""act"": 2.6217615604400635}, {""tk"": ""established"", ""act"": 1.7261515855789185}]"
8_91305,8,91305,attribute: The person who started and created a company is called the founder,attribute,1,0.0,0.0,semantic,"[{""token"": ""attribute"", ""index"": 1, ""distance"": 0, ""direction"": ""self""}]",n/a,Semantic,Dictionary,1.0,False,,iphone,"[{""tk"": ""iPhone"", ""act"": 2.5748400688171387}, {""tk"": ""is"", ""act"": 0.0}, {""tk"": ""the"", ""act"": 0.0}, {""tk"": ""technology"", ""act"": 0.0}, {""tk"": ""company"", ""act"": 0.0}, {""tk"": ""Apple"", ""act"": 0.0}, {""tk"": ""founder"", ""act"": 0.0}, {""tk"": ""of"", ""act"": 0.0}, {""tk"": ""Steve"", ""act"": 0.0}, {""tk"": ""Jobs"", ""act"": 0.0}, {""tk"": ""who"", ""act"": 0.0}, {""tk"": ""started"", ""act"": 0.0}, {""tk"": ""called"", ""act"": 0.0}, {""tk"": ""established"", ""act"": 0.0}]"
8_14420,8,14420,attribute: The person who started and created a company is called the founder, is,11,0.2954664230346679,0.9285714285714284,functional,"[{""token"": "" called"", ""index"": 12, ""distance"": 1, ""direction"": ""forward""}]",json,"Say ""X""",,1.0,False,,Say (called),"[{""tk"": ""is"", ""act"": 0.29546642303466797}, {""tk"": ""the"", ""act"": 0.0}, {""tk"": ""iPhone"", ""act"": 0.0}, {""tk"": ""technology"", ""act"": 0.0}, {""tk"": ""company"", ""act"": 0.0}, {""tk"": ""Apple"", ""act"": 0.0}, {""tk"": ""founder"", ""act"": 0.0}, {""tk"": ""of"", ""act"": 0.0}, {""tk"": ""Steve"", ""act"": 0.0}, {""tk"": ""Jobs"", ""act"": 0.0}, {""tk"": ""who"", ""act"": 0.0}, {""tk"": ""started"", ""act"": 0.0}, {""tk"": ""called"", ""act"": 0.0}, {""tk"": ""established"", ""act"": 0.0}]"
8_6898,8,6898,attribute: The person who started and created a company is called the founder,attribute,1,0.0,0.0,semantic,"[{""token"": ""attribute"", ""index"": 1, ""distance"": 0, ""direction"": ""self""}]",n/a,Semantic,Dictionary,1.0,False,,Jobs,"[{""tk"": ""Jobs"", ""act"": 31.87445068359375}, {""tk"": ""is"", ""act"": 19.704254150390625}, {""tk"": ""Steve"", ""act"": 19.04952621459961}, {""tk"": ""the"", ""act"": 0.0}, {""tk"": ""iPhone"", ""act"": 0.0}, {""tk"": ""technology"", ""act"": 0.0}, {""tk"": ""company"", ""act"": 0.0}, {""tk"": ""Apple"", ""act"": 0.0}, {""tk"": ""founder"", ""act"": 0.0}, {""tk"": ""of"", ""act"": 0.0}, {""tk"": ""who"", ""act"": 0.0}, {""tk"": ""started"", ""act"": 0.0}, {""tk"": ""called"", ""act"": 0.0}, {""tk"": ""established"", ""act"": 0.0}]"
8_25440,8,25440,attribute: The person who started and created a company is called the founder,attribute,1,0.0,0.0,semantic,"[{""token"": ""attribute"", ""index"": 1, ""distance"": 0, ""direction"": ""self""}]",n/a,"Say ""X""",,1.0,False,,Say (Steve),"[{""tk"": ""is"", ""act"": 11.09250545501709}, {""tk"": ""the"", ""act"": 0.0}, {""tk"": ""iPhone"", ""act"": 0.0}, {""tk"": ""technology"", ""act"": 0.0}, {""tk"": ""company"", ""act"": 0.0}, {""tk"": ""Apple"", ""act"": 0.0}, {""tk"": ""founder"", ""act"": 0.0}, {""tk"": ""of"", ""act"": 0.0}, {""tk"": ""Steve"", ""act"": 0.0}, {""tk"": ""Jobs"", ""act"": 0.0}, {""tk"": ""who"", ""act"": 0.0}, {""tk"": ""started"", ""act"": 0.0}, {""tk"": ""called"", ""act"": 0.0}, {""tk"": ""established"", ""act"": 0.0}]"
8_27661,8,27661,attribute: The person who started and created a company is called the founder,attribute,1,0.0,0.0,semantic,"[{""token"": ""attribute"", ""index"": 1, ""distance"": 0, ""direction"": ""self""}]",n/a,"Say ""X""",,1.0,False,,Say (Steve),"[{""tk"": ""is"", ""act"": 6.962493419647217}, {""tk"": ""the"", ""act"": 0.0}, {""tk"": ""iPhone"", ""act"": 0.0}, {""tk"": ""technology"", ""act"": 0.0}, {""tk"": ""company"", ""act"": 0.0}, {""tk"": ""Apple"", ""act"": 0.0}, {""tk"": ""founder"", ""act"": 0.0}, {""tk"": ""of"", ""act"": 0.0}, {""tk"": ""Steve"", ""act"": 0.0}, {""tk"": ""Jobs"", ""act"": 0.0}, {""tk"": ""who"", ""act"": 0.0}, {""tk"": ""started"", ""act"": 0.0}, {""tk"": ""called"", ""act"": 0.0}, {""tk"": ""established"", ""act"": 0.0}]"
8_45733,8,45733,attribute: The person who started and created a company is called the founder,attribute,1,0.0,0.0,semantic,"[{""token"": ""attribute"", ""index"": 1, ""distance"": 0, ""direction"": ""self""}]",n/a,Semantic,Concept,0.7,False,,iphone,"[{""tk"": ""iPhone"", ""act"": 16.869352340698242}, {""tk"": ""Apple"", ""act"": 3.071747064590454}, {""tk"": ""is"", ""act"": 0.5286533832550049}, {""tk"": ""the"", ""act"": 0.0}, {""tk"": ""technology"", ""act"": 0.0}, {""tk"": ""company"", ""act"": 0.0}, {""tk"": ""founder"", ""act"": 0.0}, {""tk"": ""of"", ""act"": 0.0}, {""tk"": ""Steve"", ""act"": 0.0}, {""tk"": ""Jobs"", ""act"": 0.0}, {""tk"": ""who"", ""act"": 0.0}, {""tk"": ""started"", ""act"": 0.0}, {""tk"": ""called"", ""act"": 0.0}, {""tk"": ""established"", ""act"": 0.0}]"
8_60437,8,60437,attribute: The person who started and created a company is called the founder,attribute,1,0.0,0.0,semantic,"[{""token"": ""attribute"", ""index"": 1, ""distance"": 0, ""direction"": ""self""}]",n/a,"Say ""X""",,1.0,False,,Say (Steve),"[{""tk"": ""is"", ""act"": 3.4731979370117188}, {""tk"": ""the"", ""act"": 0.0}, {""tk"": ""iPhone"", ""act"": 0.0}, {""tk"": ""technology"", ""act"": 0.0}, {""tk"": ""company"", ""act"": 0.0}, {""tk"": ""Apple"", ""act"": 0.0}, {""tk"": ""founder"", ""act"": 0.0}, {""tk"": ""of"", ""act"": 0.0}, {""tk"": ""Steve"", ""act"": 0.0}, {""tk"": ""Jobs"", ""act"": 0.0}, {""tk"": ""who"", ""act"": 0.0}, {""tk"": ""started"", ""act"": 0.0}, {""tk"": ""called"", ""act"": 0.0}, {""tk"": ""established"", ""act"": 0.0}]"
9_12344,9,12344,attribute: The person who started and created a company is called the founder, is,11,11.71313190460205,0.7994787042913977,functional,"[{""token"": "" called"", ""index"": 12, ""distance"": 1, ""direction"": ""forward""}]",json,"Say ""X""",,1.0,False,,Say (Steve),"[{""tk"": ""is"", ""act"": 13.435708045959473}, {""tk"": ""founder"", ""act"": 9.268843650817871}, {""tk"": ""of"", ""act"": 8.137393951416016}, {""tk"": ""the"", ""act"": 3.502883195877075}, {""tk"": ""started"", ""act"": 2.638355016708374}, {""tk"": ""Steve"", ""act"": 1.7567155361175537}, {""tk"": ""company"", ""act"": 0.9922618865966797}, {""tk"": ""iPhone"", ""act"": 0.0}, {""tk"": ""technology"", ""act"": 0.0}, {""tk"": ""Apple"", ""act"": 0.0}, {""tk"": ""Jobs"", ""act"": 0.0}, {""tk"": ""who"", ""act"": 0.0}, {""tk"": ""called"", ""act"": 0.0}, {""tk"": ""established"", ""act"": 0.0}]"
9_58272,9,58272,attribute: The person who started and created a company is called the founder, founder,14,5.879386901855469,0.9033642347768344,semantic,"[{""token"": "" founder"", ""index"": 14, ""distance"": 0, ""direction"": ""self""}]",n/a,Semantic,Concept,0.7,False,,founder,"[{""tk"": ""is"", ""act"": 11.63260269165039}, {""tk"": ""founder"", ""act"": 5.879386901855469}, {""tk"": ""of"", ""act"": 4.1122894287109375}, {""tk"": ""the"", ""act"": 0.0}, {""tk"": ""iPhone"", ""act"": 0.0}, {""tk"": ""technology"", ""act"": 0.0}, {""tk"": ""company"", ""act"": 0.0}, {""tk"": ""Apple"", ""act"": 0.0}, {""tk"": ""Steve"", ""act"": 0.0}, {""tk"": ""Jobs"", ""act"": 0.0}, {""tk"": ""who"", ""act"": 0.0}, {""tk"": ""started"", ""act"": 0.0}, {""tk"": ""called"", ""act"": 0.0}, {""tk"": ""established"", ""act"": 0.0}]"
9_29156,9,29156,attribute: The person who started and created a company is called the founder,attribute,1,0.0,0.0,semantic,"[{""token"": ""attribute"", ""index"": 1, ""distance"": 0, ""direction"": ""self""}]",n/a,Relationship,,1.0,False,,(is) related,"[{""tk"": ""is"", ""act"": 0.0}, {""tk"": ""the"", ""act"": 0.0}, {""tk"": ""iPhone"", ""act"": 0.0}, {""tk"": ""technology"", ""act"": 0.0}, {""tk"": ""company"", ""act"": 0.0}, {""tk"": ""Apple"", ""act"": 0.0}, {""tk"": ""founder"", ""act"": 0.0}, {""tk"": ""of"", ""act"": 0.0}, {""tk"": ""Steve"", ""act"": 0.0}, {""tk"": ""Jobs"", ""act"": 0.0}, {""tk"": ""who"", ""act"": 0.0}, {""tk"": ""started"", ""act"": 0.0}, {""tk"": ""called"", ""act"": 0.0}, {""tk"": ""established"", ""act"": 0.0}]"
9_36706,9,36706,attribute: The person who started and created a company is called the founder,attribute,1,0.0,0.0,semantic,"[{""token"": ""attribute"", ""index"": 1, ""distance"": 0, ""direction"": ""self""}]",n/a,"Say ""X""",,1.0,False,,Say (Steve),"[{""tk"": ""is"", ""act"": 4.144506454467773}, {""tk"": ""the"", ""act"": 0.0}, {""tk"": ""iPhone"", ""act"": 0.0}, {""tk"": ""technology"", ""act"": 0.0}, {""tk"": ""company"", ""act"": 0.0}, {""tk"": ""Apple"", ""act"": 0.0}, {""tk"": ""founder"", ""act"": 0.0}, {""tk"": ""of"", ""act"": 0.0}, {""tk"": ""Steve"", ""act"": 0.0}, {""tk"": ""Jobs"", ""act"": 0.0}, {""tk"": ""who"", ""act"": 0.0}, {""tk"": ""started"", ""act"": 0.0}, {""tk"": ""called"", ""act"": 0.0}, {""tk"": ""established"", ""act"": 0.0}]"
10_95564,10,95564,attribute: The person who started and created a company is called the founder, is,11,5.736569404602051,0.9285714285714284,functional,"[{""token"": "" called"", ""index"": 12, ""distance"": 1, ""direction"": ""forward""}]",json,"Say ""X""",,1.0,False,,Say (called),"[{""tk"": ""is"", ""act"": 5.736569404602051}, {""tk"": ""the"", ""act"": 0.0}, {""tk"": ""iPhone"", ""act"": 0.0}, {""tk"": ""technology"", ""act"": 0.0}, {""tk"": ""company"", ""act"": 0.0}, {""tk"": ""Apple"", ""act"": 0.0}, {""tk"": ""founder"", ""act"": 0.0}, {""tk"": ""of"", ""act"": 0.0}, {""tk"": ""Steve"", ""act"": 0.0}, {""tk"": ""Jobs"", ""act"": 0.0}, {""tk"": ""who"", ""act"": 0.0}, {""tk"": ""started"", ""act"": 0.0}, {""tk"": ""called"", ""act"": 0.0}, {""tk"": ""established"", ""act"": 0.0}]"
10_46143,10,46143,attribute: The person who started and created a company is called the founder,attribute,1,0.0,0.0,semantic,"[{""token"": ""attribute"", ""index"": 1, ""distance"": 0, ""direction"": ""self""}]",n/a,Relationship,,1.0,False,,(is) related,"[{""tk"": ""is"", ""act"": 0.0}, {""tk"": ""the"", ""act"": 0.0}, {""tk"": ""iPhone"", ""act"": 0.0}, {""tk"": ""technology"", ""act"": 0.0}, {""tk"": ""company"", ""act"": 0.0}, {""tk"": ""Apple"", ""act"": 0.0}, {""tk"": ""founder"", ""act"": 0.0}, {""tk"": ""of"", ""act"": 0.0}, {""tk"": ""Steve"", ""act"": 0.0}, {""tk"": ""Jobs"", ""act"": 0.0}, {""tk"": ""who"", ""act"": 0.0}, {""tk"": ""started"", ""act"": 0.0}, {""tk"": ""called"", ""act"": 0.0}, {""tk"": ""established"", ""act"": 0.0}]"
11_50131,11,50131,attribute: The person who started and created a company is called the founder, company,10,31.21020126342773,0.7020323622645533,semantic,"[{""token"": "" company"", ""index"": 10, ""distance"": 0, ""direction"": ""self""}]",n/a,Semantic,Concept,0.7,False,,Apple,"[{""tk"": ""Apple"", ""act"": 42.86566925048828}, {""tk"": ""Steve"", ""act"": 35.6882438659668}, {""tk"": ""company"", ""act"": 34.74782943725586}, {""tk"": ""iPhone"", ""act"": 29.902135848999023}, {""tk"": ""is"", ""act"": 28.8629207611084}, {""tk"": ""founder"", ""act"": 25.31222915649414}, {""tk"": ""technology"", ""act"": 25.055871963500977}, {""tk"": ""who"", ""act"": 23.43047523498535}, {""tk"": ""Jobs"", ""act"": 22.037641525268555}, {""tk"": ""of"", ""act"": 18.848554611206055}, {""tk"": ""established"", ""act"": 18.09630012512207}, {""tk"": ""the"", ""act"": 12.746837615966797}, {""tk"": ""called"", ""act"": 4.862068176269531}, {""tk"": ""started"", ""act"": 2.9497878551483154}]"
11_4461,11,4461,attribute: The person who started and created a company is called the founder, company,10,6.010271072387695,0.9285714285714286,semantic,"[{""token"": "" company"", ""index"": 10, ""distance"": 0, ""direction"": ""self""}]",n/a,Semantic,Concept,0.7,False,,company,"[{""tk"": ""company"", ""act"": 6.21978759765625}, {""tk"": ""is"", ""act"": 0.0}, {""tk"": ""the"", ""act"": 0.0}, {""tk"": ""iPhone"", ""act"": 0.0}, {""tk"": ""technology"", ""act"": 0.0}, {""tk"": ""Apple"", ""act"": 0.0}, {""tk"": ""founder"", ""act"": 0.0}, {""tk"": ""of"", ""act"": 0.0}, {""tk"": ""Steve"", ""act"": 0.0}, {""tk"": ""Jobs"", ""act"": 0.0}, {""tk"": ""who"", ""act"": 0.0}, {""tk"": ""started"", ""act"": 0.0}, {""tk"": ""called"", ""act"": 0.0}, {""tk"": ""established"", ""act"": 0.0}]"
11_9574,11,9574,attribute: The person who started and created a company is called the founder, is,11,3.108989715576172,0.9285714285714286,functional,"[{""token"": "" called"", ""index"": 12, ""distance"": 1, ""direction"": ""forward""}]",json,"Say ""X""",,1.0,False,,Say (called),"[{""tk"": ""is"", ""act"": 3.108989715576172}, {""tk"": ""the"", ""act"": 0.0}, {""tk"": ""iPhone"", ""act"": 0.0}, {""tk"": ""technology"", ""act"": 0.0}, {""tk"": ""company"", ""act"": 0.0}, {""tk"": ""Apple"", ""act"": 0.0}, {""tk"": ""founder"", ""act"": 0.0}, {""tk"": ""of"", ""act"": 0.0}, {""tk"": ""Steve"", ""act"": 0.0}, {""tk"": ""Jobs"", ""act"": 0.0}, {""tk"": ""who"", ""act"": 0.0}, {""tk"": ""started"", ""act"": 0.0}, {""tk"": ""called"", ""act"": 0.0}, {""tk"": ""established"", ""act"": 0.0}]"
11_70100,11,70100,attribute: The person who started and created a company is called the founder,attribute,1,0.0,0.0,semantic,"[{""token"": ""attribute"", ""index"": 1, ""distance"": 0, ""direction"": ""self""}]",n/a,Relationship,,1.0,False,,(is) related,"[{""tk"": ""is"", ""act"": 0.0}, {""tk"": ""the"", ""act"": 0.0}, {""tk"": ""iPhone"", ""act"": 0.0}, {""tk"": ""technology"", ""act"": 0.0}, {""tk"": ""company"", ""act"": 0.0}, {""tk"": ""Apple"", ""act"": 0.0}, {""tk"": ""founder"", ""act"": 0.0}, {""tk"": ""of"", ""act"": 0.0}, {""tk"": ""Steve"", ""act"": 0.0}, {""tk"": ""Jobs"", ""act"": 0.0}, {""tk"": ""who"", ""act"": 0.0}, {""tk"": ""started"", ""act"": 0.0}, {""tk"": ""called"", ""act"": 0.0}, {""tk"": ""established"", ""act"": 0.0}]"
12_5914,12,5914,attribute: The person who started and created a company is called the founder,attribute,1,0.0,0.0,semantic,"[{""token"": ""attribute"", ""index"": 1, ""distance"": 0, ""direction"": ""self""}]",n/a,Relationship,,1.0,False,,(is) related,"[{""tk"": ""is"", ""act"": 0.0}, {""tk"": ""the"", ""act"": 0.0}, {""tk"": ""iPhone"", ""act"": 0.0}, {""tk"": ""technology"", ""act"": 0.0}, {""tk"": ""company"", ""act"": 0.0}, {""tk"": ""Apple"", ""act"": 0.0}, {""tk"": ""founder"", ""act"": 0.0}, {""tk"": ""of"", ""act"": 0.0}, {""tk"": ""Steve"", ""act"": 0.0}, {""tk"": ""Jobs"", ""act"": 0.0}, {""tk"": ""who"", ""act"": 0.0}, {""tk"": ""started"", ""act"": 0.0}, {""tk"": ""called"", ""act"": 0.0}, {""tk"": ""established"", ""act"": 0.0}]"
13_14404,13,14404,attribute: The person who started and created a company is called the founder,attribute,1,0.0,0.0,semantic,"[{""token"": ""attribute"", ""index"": 1, ""distance"": 0, ""direction"": ""self""}]",n/a,Semantic,Concept,0.7,False,,iphone,"[{""tk"": ""iPhone"", ""act"": 26.76209259033203}, {""tk"": ""Apple"", ""act"": 20.19862937927246}, {""tk"": ""is"", ""act"": 0.0}, {""tk"": ""the"", ""act"": 0.0}, {""tk"": ""technology"", ""act"": 0.0}, {""tk"": ""company"", ""act"": 0.0}, {""tk"": ""founder"", ""act"": 0.0}, {""tk"": ""of"", ""act"": 0.0}, {""tk"": ""Steve"", ""act"": 0.0}, {""tk"": ""Jobs"", ""act"": 0.0}, {""tk"": ""who"", ""act"": 0.0}, {""tk"": ""started"", ""act"": 0.0}, {""tk"": ""called"", ""act"": 0.0}, {""tk"": ""established"", ""act"": 0.0}]"
13_50639,13,50639,attribute: The person who started and created a company is called the founder,attribute,1,0.0,0.0,semantic,"[{""token"": ""attribute"", ""index"": 1, ""distance"": 0, ""direction"": ""self""}]",n/a,"Say ""X""",,1.0,False,,Say (Steve),"[{""tk"": ""is"", ""act"": 6.498532295227051}, {""tk"": ""the"", ""act"": 0.0}, {""tk"": ""iPhone"", ""act"": 0.0}, {""tk"": ""technology"", ""act"": 0.0}, {""tk"": ""company"", ""act"": 0.0}, {""tk"": ""Apple"", ""act"": 0.0}, {""tk"": ""founder"", ""act"": 0.0}, {""tk"": ""of"", ""act"": 0.0}, {""tk"": ""Steve"", ""act"": 0.0}, {""tk"": ""Jobs"", ""act"": 0.0}, {""tk"": ""who"", ""act"": 0.0}, {""tk"": ""started"", ""act"": 0.0}, {""tk"": ""called"", ""act"": 0.0}, {""tk"": ""established"", ""act"": 0.0}]"
14_48493,14,48493,attribute: The person who started and created a company is called the founder,attribute,1,0.0,0.0,semantic,"[{""token"": ""attribute"", ""index"": 1, ""distance"": 0, ""direction"": ""self""}]",n/a,Relationship,,1.0,False,,(is) related,"[{""tk"": ""is"", ""act"": 0.0}, {""tk"": ""the"", ""act"": 0.0}, {""tk"": ""iPhone"", ""act"": 0.0}, {""tk"": ""technology"", ""act"": 0.0}, {""tk"": ""company"", ""act"": 0.0}, {""tk"": ""Apple"", ""act"": 0.0}, {""tk"": ""founder"", ""act"": 0.0}, {""tk"": ""of"", ""act"": 0.0}, {""tk"": ""Steve"", ""act"": 0.0}, {""tk"": ""Jobs"", ""act"": 0.0}, {""tk"": ""who"", ""act"": 0.0}, {""tk"": ""started"", ""act"": 0.0}, {""tk"": ""called"", ""act"": 0.0}, {""tk"": ""established"", ""act"": 0.0}]"
15_2576,15,2576,attribute: The person who started and created a company is called the founder,attribute,1,0.0,0.0,semantic,"[{""token"": ""attribute"", ""index"": 1, ""distance"": 0, ""direction"": ""self""}]",n/a,Relationship,,1.0,False,,(is) related,"[{""tk"": ""is"", ""act"": 0.0}, {""tk"": ""the"", ""act"": 0.0}, {""tk"": ""iPhone"", ""act"": 0.0}, {""tk"": ""technology"", ""act"": 0.0}, {""tk"": ""company"", ""act"": 0.0}, {""tk"": ""Apple"", ""act"": 0.0}, {""tk"": ""founder"", ""act"": 0.0}, {""tk"": ""of"", ""act"": 0.0}, {""tk"": ""Steve"", ""act"": 0.0}, {""tk"": ""Jobs"", ""act"": 0.0}, {""tk"": ""who"", ""act"": 0.0}, {""tk"": ""started"", ""act"": 0.0}, {""tk"": ""called"", ""act"": 0.0}, {""tk"": ""established"", ""act"": 0.0}]"
15_10570,15,10570,attribute: The person who started and created a company is called the founder,attribute,1,0.0,0.0,semantic,"[{""token"": ""attribute"", ""index"": 1, ""distance"": 0, ""direction"": ""self""}]",n/a,"Say ""X""",,1.0,False,,Say (Steve),"[{""tk"": ""is"", ""act"": 2.233883857727051}, {""tk"": ""the"", ""act"": 0.0}, {""tk"": ""iPhone"", ""act"": 0.0}, {""tk"": ""technology"", ""act"": 0.0}, {""tk"": ""company"", ""act"": 0.0}, {""tk"": ""Apple"", ""act"": 0.0}, {""tk"": ""founder"", ""act"": 0.0}, {""tk"": ""of"", ""act"": 0.0}, {""tk"": ""Steve"", ""act"": 0.0}, {""tk"": ""Jobs"", ""act"": 0.0}, {""tk"": ""who"", ""act"": 0.0}, {""tk"": ""started"", ""act"": 0.0}, {""tk"": ""called"", ""act"": 0.0}, {""tk"": ""established"", ""act"": 0.0}]"
15_60736,15,60736,attribute: The person who started and created a company is called the founder,attribute,1,0.0,0.0,semantic,"[{""token"": ""attribute"", ""index"": 1, ""distance"": 0, ""direction"": ""self""}]",n/a,Relationship,,1.0,False,,(is) related,"[{""tk"": ""is"", ""act"": 0.0}, {""tk"": ""the"", ""act"": 0.0}, {""tk"": ""iPhone"", ""act"": 0.0}, {""tk"": ""technology"", ""act"": 0.0}, {""tk"": ""company"", ""act"": 0.0}, {""tk"": ""Apple"", ""act"": 0.0}, {""tk"": ""founder"", ""act"": 0.0}, {""tk"": ""of"", ""act"": 0.0}, {""tk"": ""Steve"", ""act"": 0.0}, {""tk"": ""Jobs"", ""act"": 0.0}, {""tk"": ""who"", ""act"": 0.0}, {""tk"": ""started"", ""act"": 0.0}, {""tk"": ""called"", ""act"": 0.0}, {""tk"": ""established"", ""act"": 0.0}]"
15_68530,15,68530,attribute: The person who started and created a company is called the founder,attribute,1,0.0,0.0,semantic,"[{""token"": ""attribute"", ""index"": 1, ""distance"": 0, ""direction"": ""self""}]",n/a,"Say ""X""",,1.0,False,,Say (Steve),"[{""tk"": ""is"", ""act"": 9.829694747924805}, {""tk"": ""Steve"", ""act"": 3.0780301094055176}, {""tk"": ""the"", ""act"": 0.0}, {""tk"": ""iPhone"", ""act"": 0.0}, {""tk"": ""technology"", ""act"": 0.0}, {""tk"": ""company"", ""act"": 0.0}, {""tk"": ""Apple"", ""act"": 0.0}, {""tk"": ""founder"", ""act"": 0.0}, {""tk"": ""of"", ""act"": 0.0}, {""tk"": ""Jobs"", ""act"": 0.0}, {""tk"": ""who"", ""act"": 0.0}, {""tk"": ""started"", ""act"": 0.0}, {""tk"": ""called"", ""act"": 0.0}, {""tk"": ""established"", ""act"": 0.0}]"
15_84142,15,84142,attribute: The person who started and created a company is called the founder,attribute,1,0.0,0.0,semantic,"[{""token"": ""attribute"", ""index"": 1, ""distance"": 0, ""direction"": ""self""}]",n/a,Relationship,,1.0,False,,(is) related,"[{""tk"": ""is"", ""act"": 0.0}, {""tk"": ""the"", ""act"": 0.0}, {""tk"": ""iPhone"", ""act"": 0.0}, {""tk"": ""technology"", ""act"": 0.0}, {""tk"": ""company"", ""act"": 0.0}, {""tk"": ""Apple"", ""act"": 0.0}, {""tk"": ""founder"", ""act"": 0.0}, {""tk"": ""of"", ""act"": 0.0}, {""tk"": ""Steve"", ""act"": 0.0}, {""tk"": ""Jobs"", ""act"": 0.0}, {""tk"": ""who"", ""act"": 0.0}, {""tk"": ""started"", ""act"": 0.0}, {""tk"": ""called"", ""act"": 0.0}, {""tk"": ""established"", ""act"": 0.0}]"
16_6418,16,6418,attribute: The person who started and created a company is called the founder, the,13,28.591772079467773,0.7570733263338335,functional,"[{""token"": "" founder"", ""index"": 14, ""distance"": 1, ""direction"": ""forward""}]",json,"Say ""X""",,1.0,False,,Say (founder),"[{""tk"": ""the"", ""act"": 28.591772079467773}, {""tk"": ""called"", ""act"": 24.349594116210938}, {""tk"": ""is"", ""act"": 21.090768814086914}, {""tk"": ""company"", ""act"": 12.138047218322754}, {""tk"": ""founder"", ""act"": 7.059747695922852}, {""tk"": ""iPhone"", ""act"": 0.0}, {""tk"": ""technology"", ""act"": 0.0}, {""tk"": ""Apple"", ""act"": 0.0}, {""tk"": ""of"", ""act"": 0.0}, {""tk"": ""Steve"", ""act"": 0.0}, {""tk"": ""Jobs"", ""act"": 0.0}, {""tk"": ""who"", ""act"": 0.0}, {""tk"": ""started"", ""act"": 0.0}, {""tk"": ""established"", ""act"": 0.0}]"
16_47358,16,47358,attribute: The person who started and created a company is called the founder, called,12,12.649178504943848,0.8430873320291937,semantic,"[{""token"": "" called"", ""index"": 12, ""distance"": 0, ""direction"": ""self""}]",n/a,Semantic,Concept,0.5,False,,called,"[{""tk"": ""is"", ""act"": 28.910015106201172}, {""tk"": ""Apple"", ""act"": 19.838096618652344}, {""tk"": ""called"", ""act"": 12.649178504943848}, {""tk"": ""the"", ""act"": 12.119336128234863}, {""tk"": ""Steve"", ""act"": 10.320988655090332}, {""tk"": ""Jobs"", ""act"": 0.8038663864135742}, {""tk"": ""iPhone"", ""act"": 0.0}, {""tk"": ""technology"", ""act"": 0.0}, {""tk"": ""company"", ""act"": 0.0}, {""tk"": ""founder"", ""act"": 0.0}, {""tk"": ""of"", ""act"": 0.0}, {""tk"": ""who"", ""act"": 0.0}, {""tk"": ""started"", ""act"": 0.0}, {""tk"": ""established"", ""act"": 0.0}]"
16_71228,16,71228,attribute: The person who started and created a company is called the founder, the,13,4.77448320388794,0.860346957590171,functional,"[{""token"": "" founder"", ""index"": 14, ""distance"": 1, ""direction"": ""forward""}]",json,"Say ""X""",,1.0,False,,Say (Apple),"[{""tk"": ""is"", ""act"": 7.649389743804932}, {""tk"": ""technology"", ""act"": 7.600085735321045}, {""tk"": ""the"", ""act"": 4.7744832038879395}, {""tk"": ""called"", ""act"": 2.8876395225524902}, {""tk"": ""founder"", ""act"": 1.6726727485656738}, {""tk"": ""iPhone"", ""act"": 0.0}, {""tk"": ""company"", ""act"": 0.0}, {""tk"": ""Apple"", ""act"": 0.0}, {""tk"": ""of"", ""act"": 0.0}, {""tk"": ""Steve"", ""act"": 0.0}, {""tk"": ""Jobs"", ""act"": 0.0}, {""tk"": ""who"", ""act"": 0.0}, {""tk"": ""started"", ""act"": 0.0}, {""tk"": ""established"", ""act"": 0.0}]"
16_45093,16,45093,attribute: The person who started and created a company is called the founder,attribute,1,0.0,0.0,semantic,"[{""token"": ""attribute"", ""index"": 1, ""distance"": 0, ""direction"": ""self""}]",n/a,Relationship,,1.0,False,,(is) related,"[{""tk"": ""is"", ""act"": 0.0}, {""tk"": ""the"", ""act"": 0.0}, {""tk"": ""iPhone"", ""act"": 0.0}, {""tk"": ""technology"", ""act"": 0.0}, {""tk"": ""company"", ""act"": 0.0}, {""tk"": ""Apple"", ""act"": 0.0}, {""tk"": ""founder"", ""act"": 0.0}, {""tk"": ""of"", ""act"": 0.0}, {""tk"": ""Steve"", ""act"": 0.0}, {""tk"": ""Jobs"", ""act"": 0.0}, {""tk"": ""who"", ""act"": 0.0}, {""tk"": ""started"", ""act"": 0.0}, {""tk"": ""called"", ""act"": 0.0}, {""tk"": ""established"", ""act"": 0.0}]"
16_49171,16,49171,attribute: The person who started and created a company is called the founder,attribute,1,0.0,0.0,semantic,"[{""token"": ""attribute"", ""index"": 1, ""distance"": 0, ""direction"": ""self""}]",n/a,Relationship,,1.0,False,,(is) related,"[{""tk"": ""is"", ""act"": 0.0}, {""tk"": ""the"", ""act"": 0.0}, {""tk"": ""iPhone"", ""act"": 0.0}, {""tk"": ""technology"", ""act"": 0.0}, {""tk"": ""company"", ""act"": 0.0}, {""tk"": ""Apple"", ""act"": 0.0}, {""tk"": ""founder"", ""act"": 0.0}, {""tk"": ""of"", ""act"": 0.0}, {""tk"": ""Steve"", ""act"": 0.0}, {""tk"": ""Jobs"", ""act"": 0.0}, {""tk"": ""who"", ""act"": 0.0}, {""tk"": ""started"", ""act"": 0.0}, {""tk"": ""called"", ""act"": 0.0}, {""tk"": ""established"", ""act"": 0.0}]"
16_59763,16,59763,attribute: The person who started and created a company is called the founder,attribute,1,0.0,0.0,semantic,"[{""token"": ""attribute"", ""index"": 1, ""distance"": 0, ""direction"": ""self""}]",n/a,"Say ""X""",,1.0,False,,Say (Steve),"[{""tk"": ""is"", ""act"": 9.955143928527832}, {""tk"": ""the"", ""act"": 0.0}, {""tk"": ""iPhone"", ""act"": 0.0}, {""tk"": ""technology"", ""act"": 0.0}, {""tk"": ""company"", ""act"": 0.0}, {""tk"": ""Apple"", ""act"": 0.0}, {""tk"": ""founder"", ""act"": 0.0}, {""tk"": ""of"", ""act"": 0.0}, {""tk"": ""Steve"", ""act"": 0.0}, {""tk"": ""Jobs"", ""act"": 0.0}, {""tk"": ""who"", ""act"": 0.0}, {""tk"": ""started"", ""act"": 0.0}, {""tk"": ""called"", ""act"": 0.0}, {""tk"": ""established"", ""act"": 0.0}]"
16_62641,16,62641,attribute: The person who started and created a company is called the founder,attribute,1,0.0,0.0,semantic,"[{""token"": ""attribute"", ""index"": 1, ""distance"": 0, ""direction"": ""self""}]",n/a,Relationship,,1.0,False,,(is) related,"[{""tk"": ""is"", ""act"": 0.0}, {""tk"": ""the"", ""act"": 0.0}, {""tk"": ""iPhone"", ""act"": 0.0}, {""tk"": ""technology"", ""act"": 0.0}, {""tk"": ""company"", ""act"": 0.0}, {""tk"": ""Apple"", ""act"": 0.0}, {""tk"": ""founder"", ""act"": 0.0}, {""tk"": ""of"", ""act"": 0.0}, {""tk"": ""Steve"", ""act"": 0.0}, {""tk"": ""Jobs"", ""act"": 0.0}, {""tk"": ""who"", ""act"": 0.0}, {""tk"": ""started"", ""act"": 0.0}, {""tk"": ""called"", ""act"": 0.0}, {""tk"": ""established"", ""act"": 0.0}]"
16_73155,16,73155,attribute: The person who started and created a company is called the founder,attribute,1,0.0,0.0,semantic,"[{""token"": ""attribute"", ""index"": 1, ""distance"": 0, ""direction"": ""self""}]",n/a,Relationship,,1.0,False,,(is) related,"[{""tk"": ""is"", ""act"": 0.0}, {""tk"": ""the"", ""act"": 0.0}, {""tk"": ""iPhone"", ""act"": 0.0}, {""tk"": ""technology"", ""act"": 0.0}, {""tk"": ""company"", ""act"": 0.0}, {""tk"": ""Apple"", ""act"": 0.0}, {""tk"": ""founder"", ""act"": 0.0}, {""tk"": ""of"", ""act"": 0.0}, {""tk"": ""Steve"", ""act"": 0.0}, {""tk"": ""Jobs"", ""act"": 0.0}, {""tk"": ""who"", ""act"": 0.0}, {""tk"": ""started"", ""act"": 0.0}, {""tk"": ""called"", ""act"": 0.0}, {""tk"": ""established"", ""act"": 0.0}]"
16_83757,16,83757,attribute: The person who started and created a company is called the founder,attribute,1,0.0,0.0,semantic,"[{""token"": ""attribute"", ""index"": 1, ""distance"": 0, ""direction"": ""self""}]",n/a,"Say ""X""",,1.0,False,,Say (Steve),"[{""tk"": ""is"", ""act"": 6.296390056610107}, {""tk"": ""the"", ""act"": 0.0}, {""tk"": ""iPhone"", ""act"": 0.0}, {""tk"": ""technology"", ""act"": 0.0}, {""tk"": ""company"", ""act"": 0.0}, {""tk"": ""Apple"", ""act"": 0.0}, {""tk"": ""founder"", ""act"": 0.0}, {""tk"": ""of"", ""act"": 0.0}, {""tk"": ""Steve"", ""act"": 0.0}, {""tk"": ""Jobs"", ""act"": 0.0}, {""tk"": ""who"", ""act"": 0.0}, {""tk"": ""started"", ""act"": 0.0}, {""tk"": ""called"", ""act"": 0.0}, {""tk"": ""established"", ""act"": 0.0}]"
16_83969,16,83969,attribute: The person who started and created a company is called the founder,attribute,1,0.0,0.0,semantic,"[{""token"": ""attribute"", ""index"": 1, ""distance"": 0, ""direction"": ""self""}]",n/a,Semantic,Concept,0.7,False,,iphone,"[{""tk"": ""iPhone"", ""act"": 21.878177642822266}, {""tk"": ""Apple"", ""act"": 16.727567672729492}, {""tk"": ""is"", ""act"": 12.604499816894531}, {""tk"": ""Steve"", ""act"": 2.620940685272217}, {""tk"": ""the"", ""act"": 2.4702186584472656}, {""tk"": ""technology"", ""act"": 0.0}, {""tk"": ""company"", ""act"": 0.0}, {""tk"": ""founder"", ""act"": 0.0}, {""tk"": ""of"", ""act"": 0.0}, {""tk"": ""Jobs"", ""act"": 0.0}, {""tk"": ""who"", ""act"": 0.0}, {""tk"": ""started"", ""act"": 0.0}, {""tk"": ""called"", ""act"": 0.0}, {""tk"": ""established"", ""act"": 0.0}]"
17_7609,17,7609,attribute: The person who started and created a company is called the founder,attribute,1,0.0,0.0,semantic,"[{""token"": ""attribute"", ""index"": 1, ""distance"": 0, ""direction"": ""self""}]",n/a,"Say ""X""",,1.0,False,,Say (Steve),"[{""tk"": ""is"", ""act"": 21.694923400878906}, {""tk"": ""the"", ""act"": 0.0}, {""tk"": ""iPhone"", ""act"": 0.0}, {""tk"": ""technology"", ""act"": 0.0}, {""tk"": ""company"", ""act"": 0.0}, {""tk"": ""Apple"", ""act"": 0.0}, {""tk"": ""founder"", ""act"": 0.0}, {""tk"": ""of"", ""act"": 0.0}, {""tk"": ""Steve"", ""act"": 0.0}, {""tk"": ""Jobs"", ""act"": 0.0}, {""tk"": ""who"", ""act"": 0.0}, {""tk"": ""started"", ""act"": 0.0}, {""tk"": ""called"", ""act"": 0.0}, {""tk"": ""established"", ""act"": 0.0}]"
17_26364,17,26364,attribute: The person who started and created a company is called the founder,attribute,1,0.0,0.0,semantic,"[{""token"": ""attribute"", ""index"": 1, ""distance"": 0, ""direction"": ""self""}]",n/a,"Say ""X""",,1.0,False,,Say (Steve),"[{""tk"": ""is"", ""act"": 17.194828033447266}, {""tk"": ""Apple"", ""act"": 6.905239105224609}, {""tk"": ""the"", ""act"": 0.0}, {""tk"": ""iPhone"", ""act"": 0.0}, {""tk"": ""technology"", ""act"": 0.0}, {""tk"": ""company"", ""act"": 0.0}, {""tk"": ""founder"", ""act"": 0.0}, {""tk"": ""of"", ""act"": 0.0}, {""tk"": ""Steve"", ""act"": 0.0}, {""tk"": ""Jobs"", ""act"": 0.0}, {""tk"": ""who"", ""act"": 0.0}, {""tk"": ""started"", ""act"": 0.0}, {""tk"": ""called"", ""act"": 0.0}, {""tk"": ""established"", ""act"": 0.0}]"
17_63557,17,63557,attribute: The person who started and created a company is called the founder,attribute,1,0.0,0.0,semantic,"[{""token"": ""attribute"", ""index"": 1, ""distance"": 0, ""direction"": ""self""}]",n/a,"Say ""X""",,1.0,False,,Say (Steve),"[{""tk"": ""is"", ""act"": 31.50575828552246}, {""tk"": ""Apple"", ""act"": 6.035430908203125}, {""tk"": ""the"", ""act"": 0.0}, {""tk"": ""iPhone"", ""act"": 0.0}, {""tk"": ""technology"", ""act"": 0.0}, {""tk"": ""company"", ""act"": 0.0}, {""tk"": ""founder"", ""act"": 0.0}, {""tk"": ""of"", ""act"": 0.0}, {""tk"": ""Steve"", ""act"": 0.0}, {""tk"": ""Jobs"", ""act"": 0.0}, {""tk"": ""who"", ""act"": 0.0}, {""tk"": ""started"", ""act"": 0.0}, {""tk"": ""called"", ""act"": 0.0}, {""tk"": ""established"", ""act"": 0.0}]"
18_32240,18,32240,attribute: The person who started and created a company is called the founder, company,10,17.060588836669922,0.9285714285714286,semantic,"[{""token"": "" company"", ""index"": 10, ""distance"": 0, ""direction"": ""self""}]",n/a,Semantic,Concept,0.7,False,,company,"[{""tk"": ""company"", ""act"": 24.703628540039062}, {""tk"": ""is"", ""act"": 0.0}, {""tk"": ""the"", ""act"": 0.0}, {""tk"": ""iPhone"", ""act"": 0.0}, {""tk"": ""technology"", ""act"": 0.0}, {""tk"": ""Apple"", ""act"": 0.0}, {""tk"": ""founder"", ""act"": 0.0}, {""tk"": ""of"", ""act"": 0.0}, {""tk"": ""Steve"", ""act"": 0.0}, {""tk"": ""Jobs"", ""act"": 0.0}, {""tk"": ""who"", ""act"": 0.0}, {""tk"": ""started"", ""act"": 0.0}, {""tk"": ""called"", ""act"": 0.0}, {""tk"": ""established"", ""act"": 0.0}]"
18_8654,18,8654,attribute: The person who started and created a company is called the founder,attribute,1,0.0,0.0,semantic,"[{""token"": ""attribute"", ""index"": 1, ""distance"": 0, ""direction"": ""self""}]",n/a,Semantic,Concept,0.7,False,,iphone,"[{""tk"": ""iPhone"", ""act"": 33.774173736572266}, {""tk"": ""Apple"", ""act"": 24.499181747436523}, {""tk"": ""is"", ""act"": 22.238235473632812}, {""tk"": ""Steve"", ""act"": 15.52254867553711}, {""tk"": ""the"", ""act"": 0.0}, {""tk"": ""technology"", ""act"": 0.0}, {""tk"": ""company"", ""act"": 0.0}, {""tk"": ""founder"", ""act"": 0.0}, {""tk"": ""of"", ""act"": 0.0}, {""tk"": ""Jobs"", ""act"": 0.0}, {""tk"": ""who"", ""act"": 0.0}, {""tk"": ""started"", ""act"": 0.0}, {""tk"": ""called"", ""act"": 0.0}, {""tk"": ""established"", ""act"": 0.0}]"
18_12598,18,12598,attribute: The person who started and created a company is called the founder,attribute,1,0.0,0.0,semantic,"[{""token"": ""attribute"", ""index"": 1, ""distance"": 0, ""direction"": ""self""}]",n/a,Semantic,Concept,0.7258062960427178,False,,Apple,"[{""tk"": ""is"", ""act"": 48.25050354003906}, {""tk"": ""Apple"", ""act"": 41.0167236328125}, {""tk"": ""Steve"", ""act"": 38.064613342285156}, {""tk"": ""iPhone"", ""act"": 28.66970443725586}, {""tk"": ""Jobs"", ""act"": 11.661492347717285}, {""tk"": ""the"", ""act"": 0.0}, {""tk"": ""technology"", ""act"": 0.0}, {""tk"": ""company"", ""act"": 0.0}, {""tk"": ""founder"", ""act"": 0.0}, {""tk"": ""of"", ""act"": 0.0}, {""tk"": ""who"", ""act"": 0.0}, {""tk"": ""started"", ""act"": 0.0}, {""tk"": ""called"", ""act"": 0.0}, {""tk"": ""established"", ""act"": 0.0}]"
18_13087,18,13087,attribute: The person who started and created a company is called the founder,attribute,1,0.0,0.0,semantic,"[{""token"": ""attribute"", ""index"": 1, ""distance"": 0, ""direction"": ""self""}]",n/a,"Say ""X""",,1.0,False,,Say (Steve),"[{""tk"": ""is"", ""act"": 19.087020874023438}, {""tk"": ""Apple"", ""act"": 3.1269655227661133}, {""tk"": ""the"", ""act"": 0.0}, {""tk"": ""iPhone"", ""act"": 0.0}, {""tk"": ""technology"", ""act"": 0.0}, {""tk"": ""company"", ""act"": 0.0}, {""tk"": ""founder"", ""act"": 0.0}, {""tk"": ""of"", ""act"": 0.0}, {""tk"": ""Steve"", ""act"": 0.0}, {""tk"": ""Jobs"", ""act"": 0.0}, {""tk"": ""who"", ""act"": 0.0}, {""tk"": ""started"", ""act"": 0.0}, {""tk"": ""called"", ""act"": 0.0}, {""tk"": ""established"", ""act"": 0.0}]"
18_80625,18,80625,attribute: The person who started and created a company is called the founder,attribute,1,0.0,0.0,semantic,"[{""token"": ""attribute"", ""index"": 1, ""distance"": 0, ""direction"": ""self""}]",n/a,Relationship,,1.0,False,,(is) related,"[{""tk"": ""is"", ""act"": 0.0}, {""tk"": ""the"", ""act"": 0.0}, {""tk"": ""iPhone"", ""act"": 0.0}, {""tk"": ""technology"", ""act"": 0.0}, {""tk"": ""company"", ""act"": 0.0}, {""tk"": ""Apple"", ""act"": 0.0}, {""tk"": ""founder"", ""act"": 0.0}, {""tk"": ""of"", ""act"": 0.0}, {""tk"": ""Steve"", ""act"": 0.0}, {""tk"": ""Jobs"", ""act"": 0.0}, {""tk"": ""who"", ""act"": 0.0}, {""tk"": ""started"", ""act"": 0.0}, {""tk"": ""called"", ""act"": 0.0}, {""tk"": ""established"", ""act"": 0.0}]"
19_4971,19,4971,attribute: The person who started and created a company is called the founder, the,13,27.69141960144043,0.866684992538421,functional,"[{""token"": "" founder"", ""index"": 14, ""distance"": 1, ""direction"": ""forward""}]",json,"Say ""X""",,1.0,False,,Say (founder),"[{""tk"": ""the"", ""act"": 27.69141960144043}, {""tk"": ""called"", ""act"": 21.956043243408203}, {""tk"": ""is"", ""act"": 15.361166954040527}, {""tk"": ""founder"", ""act"": 13.689627647399902}, {""tk"": ""Jobs"", ""act"": 0.07552623748779297}, {""tk"": ""iPhone"", ""act"": 0.0}, {""tk"": ""technology"", ""act"": 0.0}, {""tk"": ""company"", ""act"": 0.0}, {""tk"": ""Apple"", ""act"": 0.0}, {""tk"": ""of"", ""act"": 0.0}, {""tk"": ""Steve"", ""act"": 0.0}, {""tk"": ""who"", ""act"": 0.0}, {""tk"": ""started"", ""act"": 0.0}, {""tk"": ""established"", ""act"": 0.0}]"
19_46054,19,46054,attribute: The person who started and created a company is called the founder,attribute,1,0.0,0.0,semantic,"[{""token"": ""attribute"", ""index"": 1, ""distance"": 0, ""direction"": ""self""}]",n/a,Relationship,,1.0,False,,(is) related,"[{""tk"": ""is"", ""act"": 0.0}, {""tk"": ""the"", ""act"": 0.0}, {""tk"": ""iPhone"", ""act"": 0.0}, {""tk"": ""technology"", ""act"": 0.0}, {""tk"": ""company"", ""act"": 0.0}, {""tk"": ""Apple"", ""act"": 0.0}, {""tk"": ""founder"", ""act"": 0.0}, {""tk"": ""of"", ""act"": 0.0}, {""tk"": ""Steve"", ""act"": 0.0}, {""tk"": ""Jobs"", ""act"": 0.0}, {""tk"": ""who"", ""act"": 0.0}, {""tk"": ""started"", ""act"": 0.0}, {""tk"": ""called"", ""act"": 0.0}, {""tk"": ""established"", ""act"": 0.0}]"
19_16402,19,16402,attribute: The person who started and created a company is called the founder, started,6,2.372182846069336,0.9231992973999732,semantic,"[{""token"": "" started"", ""index"": 6, ""distance"": 0, ""direction"": ""self""}]",n/a,Semantic,Concept,0.7,False,,Apple,"[{""tk"": ""Apple"", ""act"": 16.021486282348633}, {""tk"": ""is"", ""act"": 14.374685287475586}, {""tk"": ""Steve"", ""act"": 12.850915908813477}, {""tk"": ""technology"", ""act"": 4.547060966491699}, {""tk"": ""company"", ""act"": 2.788982391357422}, {""tk"": ""started"", ""act"": 2.372182846069336}, {""tk"": ""the"", ""act"": 0.0}, {""tk"": ""iPhone"", ""act"": 0.0}, {""tk"": ""founder"", ""act"": 0.0}, {""tk"": ""of"", ""act"": 0.0}, {""tk"": ""Jobs"", ""act"": 0.0}, {""tk"": ""who"", ""act"": 0.0}, {""tk"": ""called"", ""act"": 0.0}, {""tk"": ""established"", ""act"": 0.0}]"
19_9922,19,9922,attribute: The person who started and created a company is called the founder,attribute,1,0.0,0.0,semantic,"[{""token"": ""attribute"", ""index"": 1, ""distance"": 0, ""direction"": ""self""}]",n/a,Relationship,,1.0,False,,(is) related,"[{""tk"": ""is"", ""act"": 0.0}, {""tk"": ""the"", ""act"": 0.0}, {""tk"": ""iPhone"", ""act"": 0.0}, {""tk"": ""technology"", ""act"": 0.0}, {""tk"": ""company"", ""act"": 0.0}, {""tk"": ""Apple"", ""act"": 0.0}, {""tk"": ""founder"", ""act"": 0.0}, {""tk"": ""of"", ""act"": 0.0}, {""tk"": ""Steve"", ""act"": 0.0}, {""tk"": ""Jobs"", ""act"": 0.0}, {""tk"": ""who"", ""act"": 0.0}, {""tk"": ""started"", ""act"": 0.0}, {""tk"": ""called"", ""act"": 0.0}, {""tk"": ""established"", ""act"": 0.0}]"
19_72684,19,72684,attribute: The person who started and created a company is called the founder,attribute,1,0.0,0.0,semantic,"[{""token"": ""attribute"", ""index"": 1, ""distance"": 0, ""direction"": ""self""}]",n/a,Semantic,Dictionary,1.0,False,,Steve,"[{""tk"": ""Steve"", ""act"": 46.7109375}, {""tk"": ""is"", ""act"": 39.66258239746094}, {""tk"": ""Apple"", ""act"": 11.21017074584961}, {""tk"": ""Jobs"", ""act"": 2.215528964996338}, {""tk"": ""the"", ""act"": 0.0}, {""tk"": ""iPhone"", ""act"": 0.0}, {""tk"": ""technology"", ""act"": 0.0}, {""tk"": ""company"", ""act"": 0.0}, {""tk"": ""founder"", ""act"": 0.0}, {""tk"": ""of"", ""act"": 0.0}, {""tk"": ""who"", ""act"": 0.0}, {""tk"": ""started"", ""act"": 0.0}, {""tk"": ""called"", ""act"": 0.0}, {""tk"": ""established"", ""act"": 0.0}]"
19_80360,19,80360,attribute: The person who started and created a company is called the founder,attribute,1,0.0,0.0,semantic,"[{""token"": ""attribute"", ""index"": 1, ""distance"": 0, ""direction"": ""self""}]",n/a,Semantic,Dictionary,1.0,False,,iphone,"[{""tk"": ""iPhone"", ""act"": 36.54338455200195}, {""tk"": ""is"", ""act"": 0.0}, {""tk"": ""the"", ""act"": 0.0}, {""tk"": ""technology"", ""act"": 0.0}, {""tk"": ""company"", ""act"": 0.0}, {""tk"": ""Apple"", ""act"": 0.0}, {""tk"": ""founder"", ""act"": 0.0}, {""tk"": ""of"", ""act"": 0.0}, {""tk"": ""Steve"", ""act"": 0.0}, {""tk"": ""Jobs"", ""act"": 0.0}, {""tk"": ""who"", ""act"": 0.0}, {""tk"": ""started"", ""act"": 0.0}, {""tk"": ""called"", ""act"": 0.0}, {""tk"": ""established"", ""act"": 0.0}]"
19_93684,19,93684,attribute: The person who started and created a company is called the founder,attribute,1,0.0,0.0,semantic,"[{""token"": ""attribute"", ""index"": 1, ""distance"": 0, ""direction"": ""self""}]",n/a,"Say ""X""",,1.0,False,,Say (Steve),"[{""tk"": ""is"", ""act"": 9.75384521484375}, {""tk"": ""Apple"", ""act"": 8.901876449584961}, {""tk"": ""Jobs"", ""act"": 0.8906574249267578}, {""tk"": ""the"", ""act"": 0.0}, {""tk"": ""iPhone"", ""act"": 0.0}, {""tk"": ""technology"", ""act"": 0.0}, {""tk"": ""company"", ""act"": 0.0}, {""tk"": ""founder"", ""act"": 0.0}, {""tk"": ""of"", ""act"": 0.0}, {""tk"": ""Steve"", ""act"": 0.0}, {""tk"": ""who"", ""act"": 0.0}, {""tk"": ""started"", ""act"": 0.0}, {""tk"": ""called"", ""act"": 0.0}, {""tk"": ""established"", ""act"": 0.0}]"
20_23306,20,23306,attribute: The person who started and created a company is called the founder,attribute,1,0.0,0.0,semantic,"[{""token"": ""attribute"", ""index"": 1, ""distance"": 0, ""direction"": ""self""}]",n/a,"Say ""X""",,1.0,False,,Say (Steve),"[{""tk"": ""is"", ""act"": 19.553627014160156}, {""tk"": ""Apple"", ""act"": 1.0233337879180908}, {""tk"": ""the"", ""act"": 0.0}, {""tk"": ""iPhone"", ""act"": 0.0}, {""tk"": ""technology"", ""act"": 0.0}, {""tk"": ""company"", ""act"": 0.0}, {""tk"": ""founder"", ""act"": 0.0}, {""tk"": ""of"", ""act"": 0.0}, {""tk"": ""Steve"", ""act"": 0.0}, {""tk"": ""Jobs"", ""act"": 0.0}, {""tk"": ""who"", ""act"": 0.0}, {""tk"": ""started"", ""act"": 0.0}, {""tk"": ""called"", ""act"": 0.0}, {""tk"": ""established"", ""act"": 0.0}]"
20_51510,20,51510,attribute: The person who started and created a company is called the founder,attribute,1,0.0,0.0,semantic,"[{""token"": ""attribute"", ""index"": 1, ""distance"": 0, ""direction"": ""self""}]",n/a,"Say ""X""",,1.0,False,,Say (Steve),"[{""tk"": ""is"", ""act"": 14.046775817871094}, {""tk"": ""Steve"", ""act"": 1.7046761512756348}, {""tk"": ""the"", ""act"": 0.0}, {""tk"": ""iPhone"", ""act"": 0.0}, {""tk"": ""technology"", ""act"": 0.0}, {""tk"": ""company"", ""act"": 0.0}, {""tk"": ""Apple"", ""act"": 0.0}, {""tk"": ""founder"", ""act"": 0.0}, {""tk"": ""of"", ""act"": 0.0}, {""tk"": ""Jobs"", ""act"": 0.0}, {""tk"": ""who"", ""act"": 0.0}, {""tk"": ""started"", ""act"": 0.0}, {""tk"": ""called"", ""act"": 0.0}, {""tk"": ""established"", ""act"": 0.0}]"
20_13074,20,13074,attribute: The person who started and created a company is called the founder,attribute,1,0.0,0.0,semantic,"[{""token"": ""attribute"", ""index"": 1, ""distance"": 0, ""direction"": ""self""}]",n/a,Semantic,Concept,0.7949928930285114,False,,iphone,"[{""tk"": ""iPhone"", ""act"": 4.699283599853516}, {""tk"": ""is"", ""act"": 3.7358970642089844}, {""tk"": ""the"", ""act"": 0.0}, {""tk"": ""technology"", ""act"": 0.0}, {""tk"": ""company"", ""act"": 0.0}, {""tk"": ""Apple"", ""act"": 0.0}, {""tk"": ""founder"", ""act"": 0.0}, {""tk"": ""of"", ""act"": 0.0}, {""tk"": ""Steve"", ""act"": 0.0}, {""tk"": ""Jobs"", ""act"": 0.0}, {""tk"": ""who"", ""act"": 0.0}, {""tk"": ""started"", ""act"": 0.0}, {""tk"": ""called"", ""act"": 0.0}, {""tk"": ""established"", ""act"": 0.0}]"
20_31449,20,31449,attribute: The person who started and created a company is called the founder,attribute,1,0.0,0.0,semantic,"[{""token"": ""attribute"", ""index"": 1, ""distance"": 0, ""direction"": ""self""}]",n/a,"Say ""X""",,1.0,False,,Say (Steve),"[{""tk"": ""is"", ""act"": 4.13261604309082}, {""tk"": ""the"", ""act"": 0.0}, {""tk"": ""iPhone"", ""act"": 0.0}, {""tk"": ""technology"", ""act"": 0.0}, {""tk"": ""company"", ""act"": 0.0}, {""tk"": ""Apple"", ""act"": 0.0}, {""tk"": ""founder"", ""act"": 0.0}, {""tk"": ""of"", ""act"": 0.0}, {""tk"": ""Steve"", ""act"": 0.0}, {""tk"": ""Jobs"", ""act"": 0.0}, {""tk"": ""who"", ""act"": 0.0}, {""tk"": ""started"", ""act"": 0.0}, {""tk"": ""called"", ""act"": 0.0}, {""tk"": ""established"", ""act"": 0.0}]"
20_42046,20,42046,attribute: The person who started and created a company is called the founder,attribute,1,0.0,0.0,semantic,"[{""token"": ""attribute"", ""index"": 1, ""distance"": 0, ""direction"": ""self""}]",n/a,Semantic,Dictionary,1.0,False,,Steve,"[{""tk"": ""Steve"", ""act"": 23.987308502197266}, {""tk"": ""is"", ""act"": 11.391357421875}, {""tk"": ""Apple"", ""act"": 7.007885932922363}, {""tk"": ""the"", ""act"": 0.0}, {""tk"": ""iPhone"", ""act"": 0.0}, {""tk"": ""technology"", ""act"": 0.0}, {""tk"": ""company"", ""act"": 0.0}, {""tk"": ""founder"", ""act"": 0.0}, {""tk"": ""of"", ""act"": 0.0}, {""tk"": ""Jobs"", ""act"": 0.0}, {""tk"": ""who"", ""act"": 0.0}, {""tk"": ""started"", ""act"": 0.0}, {""tk"": ""called"", ""act"": 0.0}, {""tk"": ""established"", ""act"": 0.0}]"
20_43021,20,43021,attribute: The person who started and created a company is called the founder,attribute,1,0.0,0.0,semantic,"[{""token"": ""attribute"", ""index"": 1, ""distance"": 0, ""direction"": ""self""}]",n/a,"Say ""X""",,1.0,False,,Say (Steve),"[{""tk"": ""is"", ""act"": 17.233726501464844}, {""tk"": ""Apple"", ""act"": 3.005618095397949}, {""tk"": ""the"", ""act"": 0.0}, {""tk"": ""iPhone"", ""act"": 0.0}, {""tk"": ""technology"", ""act"": 0.0}, {""tk"": ""company"", ""act"": 0.0}, {""tk"": ""founder"", ""act"": 0.0}, {""tk"": ""of"", ""act"": 0.0}, {""tk"": ""Steve"", ""act"": 0.0}, {""tk"": ""Jobs"", ""act"": 0.0}, {""tk"": ""who"", ""act"": 0.0}, {""tk"": ""started"", ""act"": 0.0}, {""tk"": ""called"", ""act"": 0.0}, {""tk"": ""established"", ""act"": 0.0}]"
20_47716,20,47716,attribute: The person who started and created a company is called the founder,attribute,1,0.0,0.0,semantic,"[{""token"": ""attribute"", ""index"": 1, ""distance"": 0, ""direction"": ""self""}]",n/a,Relationship,,1.0,False,,(is) related,"[{""tk"": ""is"", ""act"": 0.0}, {""tk"": ""the"", ""act"": 0.0}, {""tk"": ""iPhone"", ""act"": 0.0}, {""tk"": ""technology"", ""act"": 0.0}, {""tk"": ""company"", ""act"": 0.0}, {""tk"": ""Apple"", ""act"": 0.0}, {""tk"": ""founder"", ""act"": 0.0}, {""tk"": ""of"", ""act"": 0.0}, {""tk"": ""Steve"", ""act"": 0.0}, {""tk"": ""Jobs"", ""act"": 0.0}, {""tk"": ""who"", ""act"": 0.0}, {""tk"": ""started"", ""act"": 0.0}, {""tk"": ""called"", ""act"": 0.0}, {""tk"": ""established"", ""act"": 0.0}]"
20_57602,20,57602,attribute: The person who started and created a company is called the founder,attribute,1,0.0,0.0,semantic,"[{""token"": ""attribute"", ""index"": 1, ""distance"": 0, ""direction"": ""self""}]",n/a,Semantic,Dictionary,1.0,False,,Steve,"[{""tk"": ""Steve"", ""act"": 19.095165252685547}, {""tk"": ""is"", ""act"": 15.213094711303711}, {""tk"": ""Apple"", ""act"": 3.0712602138519287}, {""tk"": ""the"", ""act"": 0.0}, {""tk"": ""iPhone"", ""act"": 0.0}, {""tk"": ""technology"", ""act"": 0.0}, {""tk"": ""company"", ""act"": 0.0}, {""tk"": ""founder"", ""act"": 0.0}, {""tk"": ""of"", ""act"": 0.0}, {""tk"": ""Jobs"", ""act"": 0.0}, {""tk"": ""who"", ""act"": 0.0}, {""tk"": ""started"", ""act"": 0.0}, {""tk"": ""called"", ""act"": 0.0}, {""tk"": ""established"", ""act"": 0.0}]"
20_63285,20,63285,attribute: The person who started and created a company is called the founder,attribute,1,0.0,0.0,semantic,"[{""token"": ""attribute"", ""index"": 1, ""distance"": 0, ""direction"": ""self""}]",n/a,Semantic,Dictionary,1.0,False,,Apple,"[{""tk"": ""Apple"", ""act"": 41.258174896240234}, {""tk"": ""is"", ""act"": 35.194068908691406}, {""tk"": ""Steve"", ""act"": 31.91263198852539}, {""tk"": ""the"", ""act"": 0.0}, {""tk"": ""iPhone"", ""act"": 0.0}, {""tk"": ""technology"", ""act"": 0.0}, {""tk"": ""company"", ""act"": 0.0}, {""tk"": ""founder"", ""act"": 0.0}, {""tk"": ""of"", ""act"": 0.0}, {""tk"": ""Jobs"", ""act"": 0.0}, {""tk"": ""who"", ""act"": 0.0}, {""tk"": ""started"", ""act"": 0.0}, {""tk"": ""called"", ""act"": 0.0}, {""tk"": ""established"", ""act"": 0.0}]"
20_74716,20,74716,attribute: The person who started and created a company is called the founder,attribute,1,0.0,0.0,semantic,"[{""token"": ""attribute"", ""index"": 1, ""distance"": 0, ""direction"": ""self""}]",n/a,"Say ""X""",,1.0,False,,Say (Steve),"[{""tk"": ""is"", ""act"": 25.283451080322266}, {""tk"": ""Apple"", ""act"": 17.071884155273438}, {""tk"": ""Steve"", ""act"": 16.503746032714844}, {""tk"": ""the"", ""act"": 0.0}, {""tk"": ""iPhone"", ""act"": 0.0}, {""tk"": ""technology"", ""act"": 0.0}, {""tk"": ""company"", ""act"": 0.0}, {""tk"": ""founder"", ""act"": 0.0}, {""tk"": ""of"", ""act"": 0.0}, {""tk"": ""Jobs"", ""act"": 0.0}, {""tk"": ""who"", ""act"": 0.0}, {""tk"": ""started"", ""act"": 0.0}, {""tk"": ""called"", ""act"": 0.0}, {""tk"": ""established"", ""act"": 0.0}]"
21_13776,21,13776,attribute: The person who started and created a company is called the founder, created,8,3.5917367935180664,0.9285714285714286,semantic,"[{""token"": "" created"", ""index"": 8, ""distance"": 0, ""direction"": ""self""}]",n/a,Semantic,Concept,0.8517820074216358,False,,Apple,"[{""tk"": ""Apple"", ""act"": 15.109707832336426}, {""tk"": ""is"", ""act"": 12.870177268981934}, {""tk"": ""company"", ""act"": 10.632230758666992}, {""tk"": ""the"", ""act"": 0.0}, {""tk"": ""iPhone"", ""act"": 0.0}, {""tk"": ""technology"", ""act"": 0.0}, {""tk"": ""founder"", ""act"": 0.0}, {""tk"": ""of"", ""act"": 0.0}, {""tk"": ""Steve"", ""act"": 0.0}, {""tk"": ""Jobs"", ""act"": 0.0}, {""tk"": ""who"", ""act"": 0.0}, {""tk"": ""started"", ""act"": 0.0}, {""tk"": ""called"", ""act"": 0.0}, {""tk"": ""established"", ""act"": 0.0}]"
21_32828,21,32828,attribute: The person who started and created a company is called the founder,attribute,1,0.0,0.0,semantic,"[{""token"": ""attribute"", ""index"": 1, ""distance"": 0, ""direction"": ""self""}]",n/a,"Say ""X""",,1.0,False,,Say (Steve),"[{""tk"": ""is"", ""act"": 21.2418155670166}, {""tk"": ""the"", ""act"": 0.0}, {""tk"": ""iPhone"", ""act"": 0.0}, {""tk"": ""technology"", ""act"": 0.0}, {""tk"": ""company"", ""act"": 0.0}, {""tk"": ""Apple"", ""act"": 0.0}, {""tk"": ""founder"", ""act"": 0.0}, {""tk"": ""of"", ""act"": 0.0}, {""tk"": ""Steve"", ""act"": 0.0}, {""tk"": ""Jobs"", ""act"": 0.0}, {""tk"": ""who"", ""act"": 0.0}, {""tk"": ""started"", ""act"": 0.0}, {""tk"": ""called"", ""act"": 0.0}, {""tk"": ""established"", ""act"": 0.0}]"
21_19215,21,19215,attribute: The person who started and created a company is called the founder,attribute,1,0.0,0.0,semantic,"[{""token"": ""attribute"", ""index"": 1, ""distance"": 0, ""direction"": ""self""}]",n/a,Relationship,,1.0,False,,(is) related,"[{""tk"": ""is"", ""act"": 0.0}, {""tk"": ""the"", ""act"": 0.0}, {""tk"": ""iPhone"", ""act"": 0.0}, {""tk"": ""technology"", ""act"": 0.0}, {""tk"": ""company"", ""act"": 0.0}, {""tk"": ""Apple"", ""act"": 0.0}, {""tk"": ""founder"", ""act"": 0.0}, {""tk"": ""of"", ""act"": 0.0}, {""tk"": ""Steve"", ""act"": 0.0}, {""tk"": ""Jobs"", ""act"": 0.0}, {""tk"": ""who"", ""act"": 0.0}, {""tk"": ""started"", ""act"": 0.0}, {""tk"": ""called"", ""act"": 0.0}, {""tk"": ""established"", ""act"": 0.0}]"
21_39908,21,39908,attribute: The person who started and created a company is called the founder,attribute,1,0.0,0.0,semantic,"[{""token"": ""attribute"", ""index"": 1, ""distance"": 0, ""direction"": ""self""}]",n/a,"Say ""X""",,1.0,False,,Say (Steve),"[{""tk"": ""is"", ""act"": 33.599021911621094}, {""tk"": ""Steve"", ""act"": 1.5713090896606445}, {""tk"": ""the"", ""act"": 0.0}, {""tk"": ""iPhone"", ""act"": 0.0}, {""tk"": ""technology"", ""act"": 0.0}, {""tk"": ""company"", ""act"": 0.0}, {""tk"": ""Apple"", ""act"": 0.0}, {""tk"": ""founder"", ""act"": 0.0}, {""tk"": ""of"", ""act"": 0.0}, {""tk"": ""Jobs"", ""act"": 0.0}, {""tk"": ""who"", ""act"": 0.0}, {""tk"": ""started"", ""act"": 0.0}, {""tk"": ""called"", ""act"": 0.0}, {""tk"": ""established"", ""act"": 0.0}]"
21_49378,21,49378,attribute: The person who started and created a company is called the founder,attribute,1,0.0,0.0,semantic,"[{""token"": ""attribute"", ""index"": 1, ""distance"": 0, ""direction"": ""self""}]",n/a,"Say ""X""",,1.0,False,,Say (Steve),"[{""tk"": ""is"", ""act"": 15.311559677124023}, {""tk"": ""the"", ""act"": 0.0}, {""tk"": ""iPhone"", ""act"": 0.0}, {""tk"": ""technology"", ""act"": 0.0}, {""tk"": ""company"", ""act"": 0.0}, {""tk"": ""Apple"", ""act"": 0.0}, {""tk"": ""founder"", ""act"": 0.0}, {""tk"": ""of"", ""act"": 0.0}, {""tk"": ""Steve"", ""act"": 0.0}, {""tk"": ""Jobs"", ""act"": 0.0}, {""tk"": ""who"", ""act"": 0.0}, {""tk"": ""started"", ""act"": 0.0}, {""tk"": ""called"", ""act"": 0.0}, {""tk"": ""established"", ""act"": 0.0}]"
21_64230,21,64230,attribute: The person who started and created a company is called the founder,attribute,1,0.0,0.0,semantic,"[{""token"": ""attribute"", ""index"": 1, ""distance"": 0, ""direction"": ""self""}]",n/a,Relationship,,1.0,False,,(is) related,"[{""tk"": ""is"", ""act"": 0.0}, {""tk"": ""the"", ""act"": 0.0}, {""tk"": ""iPhone"", ""act"": 0.0}, {""tk"": ""technology"", ""act"": 0.0}, {""tk"": ""company"", ""act"": 0.0}, {""tk"": ""Apple"", ""act"": 0.0}, {""tk"": ""founder"", ""act"": 0.0}, {""tk"": ""of"", ""act"": 0.0}, {""tk"": ""Steve"", ""act"": 0.0}, {""tk"": ""Jobs"", ""act"": 0.0}, {""tk"": ""who"", ""act"": 0.0}, {""tk"": ""started"", ""act"": 0.0}, {""tk"": ""called"", ""act"": 0.0}, {""tk"": ""established"", ""act"": 0.0}]"
21_71862,21,71862,attribute: The person who started and created a company is called the founder,attribute,1,0.0,0.0,semantic,"[{""token"": ""attribute"", ""index"": 1, ""distance"": 0, ""direction"": ""self""}]",n/a,"Say ""X""",,1.0,False,,Say (Steve),"[{""tk"": ""is"", ""act"": 3.673218250274658}, {""tk"": ""the"", ""act"": 0.0}, {""tk"": ""iPhone"", ""act"": 0.0}, {""tk"": ""technology"", ""act"": 0.0}, {""tk"": ""company"", ""act"": 0.0}, {""tk"": ""Apple"", ""act"": 0.0}, {""tk"": ""founder"", ""act"": 0.0}, {""tk"": ""of"", ""act"": 0.0}, {""tk"": ""Steve"", ""act"": 0.0}, {""tk"": ""Jobs"", ""act"": 0.0}, {""tk"": ""who"", ""act"": 0.0}, {""tk"": ""started"", ""act"": 0.0}, {""tk"": ""called"", ""act"": 0.0}, {""tk"": ""established"", ""act"": 0.0}]"
21_85860,21,85860,attribute: The person who started and created a company is called the founder,attribute,1,0.0,0.0,semantic,"[{""token"": ""attribute"", ""index"": 1, ""distance"": 0, ""direction"": ""self""}]",n/a,Semantic,Concept,0.7,False,,Apple,"[{""tk"": ""Apple"", ""act"": 14.669970512390137}, {""tk"": ""iPhone"", ""act"": 7.410037040710449}, {""tk"": ""is"", ""act"": 0.0}, {""tk"": ""the"", ""act"": 0.0}, {""tk"": ""technology"", ""act"": 0.0}, {""tk"": ""company"", ""act"": 0.0}, {""tk"": ""founder"", ""act"": 0.0}, {""tk"": ""of"", ""act"": 0.0}, {""tk"": ""Steve"", ""act"": 0.0}, {""tk"": ""Jobs"", ""act"": 0.0}, {""tk"": ""who"", ""act"": 0.0}, {""tk"": ""started"", ""act"": 0.0}, {""tk"": ""called"", ""act"": 0.0}, {""tk"": ""established"", ""act"": 0.0}]"
21_86750,21,86750,attribute: The person who started and created a company is called the founder,attribute,1,0.0,0.0,semantic,"[{""token"": ""attribute"", ""index"": 1, ""distance"": 0, ""direction"": ""self""}]",n/a,Relationship,,1.0,False,,(is) related,"[{""tk"": ""is"", ""act"": 0.0}, {""tk"": ""the"", ""act"": 0.0}, {""tk"": ""iPhone"", ""act"": 0.0}, {""tk"": ""technology"", ""act"": 0.0}, {""tk"": ""company"", ""act"": 0.0}, {""tk"": ""Apple"", ""act"": 0.0}, {""tk"": ""founder"", ""act"": 0.0}, {""tk"": ""of"", ""act"": 0.0}, {""tk"": ""Steve"", ""act"": 0.0}, {""tk"": ""Jobs"", ""act"": 0.0}, {""tk"": ""who"", ""act"": 0.0}, {""tk"": ""started"", ""act"": 0.0}, {""tk"": ""called"", ""act"": 0.0}, {""tk"": ""established"", ""act"": 0.0}]"
22_94412,22,94412,attribute: The person who started and created a company is called the founder,attribute,1,0.0,0.0,semantic,"[{""token"": ""attribute"", ""index"": 1, ""distance"": 0, ""direction"": ""self""}]",n/a,Semantic,Concept,0.5,False,,Apple,"[{""tk"": ""is"", ""act"": 24.150474548339844}, {""tk"": ""Apple"", ""act"": 12.276620864868164}, {""tk"": ""Steve"", ""act"": 5.13266134262085}, {""tk"": ""the"", ""act"": 0.0}, {""tk"": ""iPhone"", ""act"": 0.0}, {""tk"": ""technology"", ""act"": 0.0}, {""tk"": ""company"", ""act"": 0.0}, {""tk"": ""founder"", ""act"": 0.0}, {""tk"": ""of"", ""act"": 0.0}, {""tk"": ""Jobs"", ""act"": 0.0}, {""tk"": ""who"", ""act"": 0.0}, {""tk"": ""started"", ""act"": 0.0}, {""tk"": ""called"", ""act"": 0.0}, {""tk"": ""established"", ""act"": 0.0}]"
22_24121,22,24121,attribute: The person who started and created a company is called the founder,attribute,1,0.0,0.0,semantic,"[{""token"": ""attribute"", ""index"": 1, ""distance"": 0, ""direction"": ""self""}]",n/a,Semantic,Dictionary,1.0,False,,Steve,"[{""tk"": ""Steve"", ""act"": 17.731365203857422}, {""tk"": ""is"", ""act"": 11.471420288085938}, {""tk"": ""the"", ""act"": 0.0}, {""tk"": ""iPhone"", ""act"": 0.0}, {""tk"": ""technology"", ""act"": 0.0}, {""tk"": ""company"", ""act"": 0.0}, {""tk"": ""Apple"", ""act"": 0.0}, {""tk"": ""founder"", ""act"": 0.0}, {""tk"": ""of"", ""act"": 0.0}, {""tk"": ""Jobs"", ""act"": 0.0}, {""tk"": ""who"", ""act"": 0.0}, {""tk"": ""started"", ""act"": 0.0}, {""tk"": ""called"", ""act"": 0.0}, {""tk"": ""established"", ""act"": 0.0}]"
22_7261,22,7261,attribute: The person who started and created a company is called the founder,attribute,1,0.0,0.0,semantic,"[{""token"": ""attribute"", ""index"": 1, ""distance"": 0, ""direction"": ""self""}]",n/a,"Say ""X""",,1.0,False,,Say (Steve),"[{""tk"": ""is"", ""act"": 9.73313045501709}, {""tk"": ""the"", ""act"": 0.0}, {""tk"": ""iPhone"", ""act"": 0.0}, {""tk"": ""technology"", ""act"": 0.0}, {""tk"": ""company"", ""act"": 0.0}, {""tk"": ""Apple"", ""act"": 0.0}, {""tk"": ""founder"", ""act"": 0.0}, {""tk"": ""of"", ""act"": 0.0}, {""tk"": ""Steve"", ""act"": 0.0}, {""tk"": ""Jobs"", ""act"": 0.0}, {""tk"": ""who"", ""act"": 0.0}, {""tk"": ""started"", ""act"": 0.0}, {""tk"": ""called"", ""act"": 0.0}, {""tk"": ""established"", ""act"": 0.0}]"
22_1063,22,1063,attribute: The person who started and created a company is called the founder,attribute,1,0.0,0.0,semantic,"[{""token"": ""attribute"", ""index"": 1, ""distance"": 0, ""direction"": ""self""}]",n/a,"Say ""X""",,1.0,False,,Say (Steve),"[{""tk"": ""is"", ""act"": 8.293167114257812}, {""tk"": ""the"", ""act"": 0.0}, {""tk"": ""iPhone"", ""act"": 0.0}, {""tk"": ""technology"", ""act"": 0.0}, {""tk"": ""company"", ""act"": 0.0}, {""tk"": ""Apple"", ""act"": 0.0}, {""tk"": ""founder"", ""act"": 0.0}, {""tk"": ""of"", ""act"": 0.0}, {""tk"": ""Steve"", ""act"": 0.0}, {""tk"": ""Jobs"", ""act"": 0.0}, {""tk"": ""who"", ""act"": 0.0}, {""tk"": ""started"", ""act"": 0.0}, {""tk"": ""called"", ""act"": 0.0}, {""tk"": ""established"", ""act"": 0.0}]"
22_10942,22,10942,attribute: The person who started and created a company is called the founder,attribute,1,0.0,0.0,semantic,"[{""token"": ""attribute"", ""index"": 1, ""distance"": 0, ""direction"": ""self""}]",n/a,"Say ""X""",,1.0,False,,Say (Steve),"[{""tk"": ""is"", ""act"": 9.650199890136719}, {""tk"": ""the"", ""act"": 0.0}, {""tk"": ""iPhone"", ""act"": 0.0}, {""tk"": ""technology"", ""act"": 0.0}, {""tk"": ""company"", ""act"": 0.0}, {""tk"": ""Apple"", ""act"": 0.0}, {""tk"": ""founder"", ""act"": 0.0}, {""tk"": ""of"", ""act"": 0.0}, {""tk"": ""Steve"", ""act"": 0.0}, {""tk"": ""Jobs"", ""act"": 0.0}, {""tk"": ""who"", ""act"": 0.0}, {""tk"": ""started"", ""act"": 0.0}, {""tk"": ""called"", ""act"": 0.0}, {""tk"": ""established"", ""act"": 0.0}]"
22_85005,22,85005,attribute: The person who started and created a company is called the founder,attribute,1,0.0,0.0,semantic,"[{""token"": ""attribute"", ""index"": 1, ""distance"": 0, ""direction"": ""self""}]",n/a,"Say ""X""",,1.0,False,,Say (Steve),"[{""tk"": ""is"", ""act"": 31.72748374938965}, {""tk"": ""Steve"", ""act"": 11.590015411376953}, {""tk"": ""Apple"", ""act"": 6.004422664642334}, {""tk"": ""Jobs"", ""act"": 1.5522236824035645}, {""tk"": ""the"", ""act"": 0.0}, {""tk"": ""iPhone"", ""act"": 0.0}, {""tk"": ""technology"", ""act"": 0.0}, {""tk"": ""company"", ""act"": 0.0}, {""tk"": ""founder"", ""act"": 0.0}, {""tk"": ""of"", ""act"": 0.0}, {""tk"": ""who"", ""act"": 0.0}, {""tk"": ""started"", ""act"": 0.0}, {""tk"": ""called"", ""act"": 0.0}, {""tk"": ""established"", ""act"": 0.0}]"
23_1666,23,1666,attribute: The person who started and created a company is called the founder,attribute,1,0.0,0.0,semantic,"[{""token"": ""attribute"", ""index"": 1, ""distance"": 0, ""direction"": ""self""}]",n/a,"Say ""X""",,1.0,False,,Say (Steve),"[{""tk"": ""is"", ""act"": 5.953601360321045}, {""tk"": ""the"", ""act"": 0.0}, {""tk"": ""iPhone"", ""act"": 0.0}, {""tk"": ""technology"", ""act"": 0.0}, {""tk"": ""company"", ""act"": 0.0}, {""tk"": ""Apple"", ""act"": 0.0}, {""tk"": ""founder"", ""act"": 0.0}, {""tk"": ""of"", ""act"": 0.0}, {""tk"": ""Steve"", ""act"": 0.0}, {""tk"": ""Jobs"", ""act"": 0.0}, {""tk"": ""who"", ""act"": 0.0}, {""tk"": ""started"", ""act"": 0.0}, {""tk"": ""called"", ""act"": 0.0}, {""tk"": ""established"", ""act"": 0.0}]"
23_16389,23,16389,attribute: The person who started and created a company is called the founder,attribute,1,0.0,0.0,semantic,"[{""token"": ""attribute"", ""index"": 1, ""distance"": 0, ""direction"": ""self""}]",n/a,Relationship,,1.0,False,,(is) related,"[{""tk"": ""is"", ""act"": 0.0}, {""tk"": ""the"", ""act"": 0.0}, {""tk"": ""iPhone"", ""act"": 0.0}, {""tk"": ""technology"", ""act"": 0.0}, {""tk"": ""company"", ""act"": 0.0}, {""tk"": ""Apple"", ""act"": 0.0}, {""tk"": ""founder"", ""act"": 0.0}, {""tk"": ""of"", ""act"": 0.0}, {""tk"": ""Steve"", ""act"": 0.0}, {""tk"": ""Jobs"", ""act"": 0.0}, {""tk"": ""who"", ""act"": 0.0}, {""tk"": ""started"", ""act"": 0.0}, {""tk"": ""called"", ""act"": 0.0}, {""tk"": ""established"", ""act"": 0.0}]"
23_87989,23,87989,attribute: The person who started and created a company is called the founder,attribute,1,0.0,0.0,semantic,"[{""token"": ""attribute"", ""index"": 1, ""distance"": 0, ""direction"": ""self""}]",n/a,Relationship,,1.0,False,,(is) related,"[{""tk"": ""is"", ""act"": 0.0}, {""tk"": ""the"", ""act"": 0.0}, {""tk"": ""iPhone"", ""act"": 0.0}, {""tk"": ""technology"", ""act"": 0.0}, {""tk"": ""company"", ""act"": 0.0}, {""tk"": ""Apple"", ""act"": 0.0}, {""tk"": ""founder"", ""act"": 0.0}, {""tk"": ""of"", ""act"": 0.0}, {""tk"": ""Steve"", ""act"": 0.0}, {""tk"": ""Jobs"", ""act"": 0.0}, {""tk"": ""who"", ""act"": 0.0}, {""tk"": ""started"", ""act"": 0.0}, {""tk"": ""called"", ""act"": 0.0}, {""tk"": ""established"", ""act"": 0.0}]"
23_44742,23,44742,attribute: The person who started and created a company is called the founder,attribute,1,0.0,0.0,semantic,"[{""token"": ""attribute"", ""index"": 1, ""distance"": 0, ""direction"": ""self""}]",n/a,Semantic,Concept,0.8564568621180703,False,,iphone,"[{""tk"": ""is"", ""act"": 16.861608505249023}, {""tk"": ""Apple"", ""act"": 16.3062686920166}, {""tk"": ""iPhone"", ""act"": 14.441240310668945}, {""tk"": ""the"", ""act"": 0.0}, {""tk"": ""technology"", ""act"": 0.0}, {""tk"": ""company"", ""act"": 0.0}, {""tk"": ""founder"", ""act"": 0.0}, {""tk"": ""of"", ""act"": 0.0}, {""tk"": ""Steve"", ""act"": 0.0}, {""tk"": ""Jobs"", ""act"": 0.0}, {""tk"": ""who"", ""act"": 0.0}, {""tk"": ""started"", ""act"": 0.0}, {""tk"": ""called"", ""act"": 0.0}, {""tk"": ""established"", ""act"": 0.0}]"
24_79427,24,79427,attribute: The person who started and created a company is called the founder, is,11,71.5973892211914,0.8551683377608625,functional,"[{""token"": "" called"", ""index"": 12, ""distance"": 1, ""direction"": ""forward""}]",json,Semantic,Concept,0.7,False,,Steve,"[{""tk"": ""Steve"", ""act"": 138.78564453125}, {""tk"": ""is"", ""act"": 71.5973892211914}, {""tk"": ""the"", ""act"": 62.97042465209961}, {""tk"": ""of"", ""act"": 43.29286193847656}, {""tk"": ""Apple"", ""act"": 20.790451049804688}, {""tk"": ""founder"", ""act"": 13.590836524963379}, {""tk"": ""established"", ""act"": 8.82997989654541}, {""tk"": ""iPhone"", ""act"": 0.0}, {""tk"": ""technology"", ""act"": 0.0}, {""tk"": ""company"", ""act"": 0.0}, {""tk"": ""Jobs"", ""act"": 0.0}, {""tk"": ""who"", ""act"": 0.0}, {""tk"": ""started"", ""act"": 0.0}, {""tk"": ""called"", ""act"": 0.0}]"
24_2574,24,2574,attribute: The person who started and created a company is called the founder,attribute,1,0.0,0.0,semantic,"[{""token"": ""attribute"", ""index"": 1, ""distance"": 0, ""direction"": ""self""}]",n/a,Semantic,Dictionary,1.0,False,,Steve,"[{""tk"": ""Steve"", ""act"": 43.48797607421875}, {""tk"": ""is"", ""act"": 34.782955169677734}, {""tk"": ""the"", ""act"": 0.0}, {""tk"": ""iPhone"", ""act"": 0.0}, {""tk"": ""technology"", ""act"": 0.0}, {""tk"": ""company"", ""act"": 0.0}, {""tk"": ""Apple"", ""act"": 0.0}, {""tk"": ""founder"", ""act"": 0.0}, {""tk"": ""of"", ""act"": 0.0}, {""tk"": ""Jobs"", ""act"": 0.0}, {""tk"": ""who"", ""act"": 0.0}, {""tk"": ""started"", ""act"": 0.0}, {""tk"": ""called"", ""act"": 0.0}, {""tk"": ""established"", ""act"": 0.0}]"
24_66779,24,66779,attribute: The person who started and created a company is called the founder,attribute,1,0.0,0.0,semantic,"[{""token"": ""attribute"", ""index"": 1, ""distance"": 0, ""direction"": ""self""}]",n/a,Relationship,,1.0,False,,(is) related,"[{""tk"": ""is"", ""act"": 0.0}, {""tk"": ""the"", ""act"": 0.0}, {""tk"": ""iPhone"", ""act"": 0.0}, {""tk"": ""technology"", ""act"": 0.0}, {""tk"": ""company"", ""act"": 0.0}, {""tk"": ""Apple"", ""act"": 0.0}, {""tk"": ""founder"", ""act"": 0.0}, {""tk"": ""of"", ""act"": 0.0}, {""tk"": ""Steve"", ""act"": 0.0}, {""tk"": ""Jobs"", ""act"": 0.0}, {""tk"": ""who"", ""act"": 0.0}, {""tk"": ""started"", ""act"": 0.0}, {""tk"": ""called"", ""act"": 0.0}, {""tk"": ""established"", ""act"": 0.0}]"
25_288,25,288,attribute: The person who started and created a company is called the founder,attribute,1,282.0166015625,0.8902447505493304,semantic,"[{""token"": ""attribute"", ""index"": 1, ""distance"": 0, ""direction"": ""self""}]",n/a,Semantic,Concept,0.7,False,,Steve,"[{""tk"": ""Steve"", ""act"": 176.8882293701172}, {""tk"": ""the"", ""act"": 135.9422607421875}, {""tk"": ""is"", ""act"": 15.380372047424316}, {""tk"": ""Apple"", ""act"": 9.173041343688965}, {""tk"": ""iPhone"", ""act"": 0.0}, {""tk"": ""technology"", ""act"": 0.0}, {""tk"": ""company"", ""act"": 0.0}, {""tk"": ""founder"", ""act"": 0.0}, {""tk"": ""of"", ""act"": 0.0}, {""tk"": ""Jobs"", ""act"": 0.0}, {""tk"": ""who"", ""act"": 0.0}, {""tk"": ""started"", ""act"": 0.0}, {""tk"": ""called"", ""act"": 0.0}, {""tk"": ""established"", ""act"": 0.0}]"
0_51434,0,51434,relationship: the person who established a company is its founder, the,3,79.9813003540039,0.9090909090909092,functional,"[{""token"": "" person"", ""index"": 4, ""distance"": 1, ""direction"": ""forward""}]",json,Semantic,Dictionary,0.8,False,,The,"[{""tk"": ""the"", ""act"": 85.57115936279297}, {""tk"": ""is"", ""act"": 0.0}, {""tk"": ""iPhone"", ""act"": 0.0}, {""tk"": ""technology"", ""act"": 0.0}, {""tk"": ""company"", ""act"": 0.0}, {""tk"": ""Apple"", ""act"": 0.0}, {""tk"": ""founder"", ""act"": 0.0}, {""tk"": ""of"", ""act"": 0.0}, {""tk"": ""Steve"", ""act"": 0.0}, {""tk"": ""Jobs"", ""act"": 0.0}, {""tk"": ""who"", ""act"": 0.0}, {""tk"": ""started"", ""act"": 0.0}, {""tk"": ""called"", ""act"": 0.0}, {""tk"": ""established"", ""act"": 0.0}]"
0_95475,0,95475,relationship: the person who established a company is its founder, founder,11,76.4715347290039,0.6236074199177484,semantic,"[{""token"": "" founder"", ""index"": 11, ""distance"": 0, ""direction"": ""self""}]",n/a,Semantic,Dictionary (fallback),0.9,False,,technology,"[{""tk"": ""technology"", ""act"": 93.322021484375}, {""tk"": ""founder"", ""act"": 81.49853515625}, {""tk"": ""company"", ""act"": 69.5289535522461}, {""tk"": ""iPhone"", ""act"": 67.94441986083984}, {""tk"": ""Apple"", ""act"": 61.332576751708984}, {""tk"": ""established"", ""act"": 57.30805969238281}, {""tk"": ""Steve"", ""act"": 43.965614318847656}, {""tk"": ""Jobs"", ""act"": 43.11543655395508}, {""tk"": ""started"", ""act"": 30.94107437133789}, {""tk"": ""called"", ""act"": 26.789133071899414}, {""tk"": ""is"", ""act"": 0.0}, {""tk"": ""the"", ""act"": 0.0}, {""tk"": ""of"", ""act"": 0.0}, {""tk"": ""who"", ""act"": 0.0}]"
0_18753,0,18753,relationship: the person who established a company is its founder,:,2,57.81657791137695,0.6554799595407742,functional,"[{""token"": "" person"", ""index"": 4, ""distance"": 2, ""direction"": ""forward""}, {""token"": ""relationship"", ""index"": 1, ""distance"": 1, ""direction"": ""backward""}]",json,Semantic,Dictionary (fallback),0.9,False,,punctuation,"[{""tk"": ""is"", ""act"": 47.909812927246094}, {""tk"": ""the"", ""act"": 45.05503845214844}, {""tk"": ""of"", ""act"": 43.002586364746094}, {""tk"": ""iPhone"", ""act"": 0.0}, {""tk"": ""technology"", ""act"": 0.0}, {""tk"": ""company"", ""act"": 0.0}, {""tk"": ""Apple"", ""act"": 0.0}, {""tk"": ""founder"", ""act"": 0.0}, {""tk"": ""Steve"", ""act"": 0.0}, {""tk"": ""Jobs"", ""act"": 0.0}, {""tk"": ""who"", ""act"": 0.0}, {""tk"": ""started"", ""act"": 0.0}, {""tk"": ""called"", ""act"": 0.0}, {""tk"": ""established"", ""act"": 0.0}]"
0_40780,0,40780,relationship: the person who established a company is its founder, the,3,57.46990203857422,0.547880412714778,functional,"[{""token"": "" person"", ""index"": 4, ""distance"": 1, ""direction"": ""forward""}]",json,Semantic,Dictionary (fallback),0.9,False,,the,"[{""tk"": ""the"", ""act"": 57.46990203857422}, {""tk"": ""who"", ""act"": 54.23466110229492}, {""tk"": ""is"", ""act"": 53.85965347290039}, {""tk"": ""of"", ""act"": 40.54933166503906}, {""tk"": ""iPhone"", ""act"": 0.0}, {""tk"": ""technology"", ""act"": 0.0}, {""tk"": ""company"", ""act"": 0.0}, {""tk"": ""Apple"", ""act"": 0.0}, {""tk"": ""founder"", ""act"": 0.0}, {""tk"": ""Steve"", ""act"": 0.0}, {""tk"": ""Jobs"", ""act"": 0.0}, {""tk"": ""started"", ""act"": 0.0}, {""tk"": ""called"", ""act"": 0.0}, {""tk"": ""established"", ""act"": 0.0}]"
0_49560,0,49560,relationship: the person who established a company is its founder, is,9,48.33206558227539,0.9090909090909092,functional,"[{""token"": "" founder"", ""index"": 11, ""distance"": 2, ""direction"": ""forward""}]",json,Semantic,Dictionary,1.0,False,,is,"[{""tk"": ""is"", ""act"": 50.08353042602539}, {""tk"": ""the"", ""act"": 0.0}, {""tk"": ""iPhone"", ""act"": 0.0}, {""tk"": ""technology"", ""act"": 0.0}, {""tk"": ""company"", ""act"": 0.0}, {""tk"": ""Apple"", ""act"": 0.0}, {""tk"": ""founder"", ""act"": 0.0}, {""tk"": ""of"", ""act"": 0.0}, {""tk"": ""Steve"", ""act"": 0.0}, {""tk"": ""Jobs"", ""act"": 0.0}, {""tk"": ""who"", ""act"": 0.0}, {""tk"": ""started"", ""act"": 0.0}, {""tk"": ""called"", ""act"": 0.0}, {""tk"": ""established"", ""act"": 0.0}]"
0_39122,0,39122,relationship: the person who established a company is its founder,:,2,46.0805549621582,0.7838531848112849,functional,"[{""token"": "" person"", ""index"": 4, ""distance"": 2, ""direction"": ""forward""}, {""token"": ""relationship"", ""index"": 1, ""distance"": 1, ""direction"": ""backward""}]",json,Semantic,Dictionary (fallback),0.9,False,,punctuation,"[{""tk"": ""of"", ""act"": 38.268653869628906}, {""tk"": ""the"", ""act"": 36.712432861328125}, {""tk"": ""is"", ""act"": 0.0}, {""tk"": ""iPhone"", ""act"": 0.0}, {""tk"": ""technology"", ""act"": 0.0}, {""tk"": ""company"", ""act"": 0.0}, {""tk"": ""Apple"", ""act"": 0.0}, {""tk"": ""founder"", ""act"": 0.0}, {""tk"": ""Steve"", ""act"": 0.0}, {""tk"": ""Jobs"", ""act"": 0.0}, {""tk"": ""who"", ""act"": 0.0}, {""tk"": ""started"", ""act"": 0.0}, {""tk"": ""called"", ""act"": 0.0}, {""tk"": ""established"", ""act"": 0.0}]"
0_69528,0,69528,relationship: the person who established a company is its founder, company,8,42.14494705200195,0.9090909090909092,semantic,"[{""token"": "" company"", ""index"": 8, ""distance"": 0, ""direction"": ""self""}]",n/a,Semantic,Dictionary,1.0,False,,company,"[{""tk"": ""company"", ""act"": 42.14494705200195}, {""tk"": ""is"", ""act"": 0.0}, {""tk"": ""the"", ""act"": 0.0}, {""tk"": ""iPhone"", ""act"": 0.0}, {""tk"": ""technology"", ""act"": 0.0}, {""tk"": ""Apple"", ""act"": 0.0}, {""tk"": ""founder"", ""act"": 0.0}, {""tk"": ""of"", ""act"": 0.0}, {""tk"": ""Steve"", ""act"": 0.0}, {""tk"": ""Jobs"", ""act"": 0.0}, {""tk"": ""who"", ""act"": 0.0}, {""tk"": ""started"", ""act"": 0.0}, {""tk"": ""called"", ""act"": 0.0}, {""tk"": ""established"", ""act"": 0.0}]"
0_95057,0,95057,relationship: the person who established a company is its founder,:,2,39.09490966796875,0.7175811278242016,functional,"[{""token"": "" person"", ""index"": 4, ""distance"": 2, ""direction"": ""forward""}, {""token"": ""relationship"", ""index"": 1, ""distance"": 1, ""direction"": ""backward""}]",json,Semantic,Dictionary (fallback),0.9,False,,punctuation,"[{""tk"": ""The"", ""act"": 34.374595642089844}, {""tk"": ""is"", ""act"": 30.81856346130371}, {""tk"": ""iPhone"", ""act"": 0.0}, {""tk"": ""technology"", ""act"": 0.0}, {""tk"": ""company"", ""act"": 0.0}, {""tk"": ""Apple"", ""act"": 0.0}, {""tk"": ""founder"", ""act"": 0.0}, {""tk"": ""of"", ""act"": 0.0}, {""tk"": ""Steve"", ""act"": 0.0}, {""tk"": ""Jobs"", ""act"": 0.0}, {""tk"": ""who"", ""act"": 0.0}, {""tk"": ""started"", ""act"": 0.0}, {""tk"": ""called"", ""act"": 0.0}, {""tk"": ""established"", ""act"": 0.0}]"
0_5200,0,5200,relationship: the person who established a company is its founder, is,9,32.289039611816406,0.9090909090909092,functional,"[{""token"": "" founder"", ""index"": 11, ""distance"": 2, ""direction"": ""forward""}]",json,Semantic,Dictionary,1.0,False,,is,"[{""tk"": ""is"", ""act"": 46.00471878051758}, {""tk"": ""the"", ""act"": 0.0}, {""tk"": ""iPhone"", ""act"": 0.0}, {""tk"": ""technology"", ""act"": 0.0}, {""tk"": ""company"", ""act"": 0.0}, {""tk"": ""Apple"", ""act"": 0.0}, {""tk"": ""founder"", ""act"": 0.0}, {""tk"": ""of"", ""act"": 0.0}, {""tk"": ""Steve"", ""act"": 0.0}, {""tk"": ""Jobs"", ""act"": 0.0}, {""tk"": ""who"", ""act"": 0.0}, {""tk"": ""started"", ""act"": 0.0}, {""tk"": ""called"", ""act"": 0.0}, {""tk"": ""established"", ""act"": 0.0}]"
0_86119,0,86119,relationship: the person who established a company is its founder, founder,11,31.241363525390625,0.9090909090909092,semantic,"[{""token"": "" founder"", ""index"": 11, ""distance"": 0, ""direction"": ""self""}]",n/a,Semantic,Dictionary,1.0,False,,founder,"[{""tk"": ""founder"", ""act"": 31.241363525390625}, {""tk"": ""is"", ""act"": 0.0}, {""tk"": ""the"", ""act"": 0.0}, {""tk"": ""iPhone"", ""act"": 0.0}, {""tk"": ""technology"", ""act"": 0.0}, {""tk"": ""company"", ""act"": 0.0}, {""tk"": ""Apple"", ""act"": 0.0}, {""tk"": ""of"", ""act"": 0.0}, {""tk"": ""Steve"", ""act"": 0.0}, {""tk"": ""Jobs"", ""act"": 0.0}, {""tk"": ""who"", ""act"": 0.0}, {""tk"": ""started"", ""act"": 0.0}, {""tk"": ""called"", ""act"": 0.0}, {""tk"": ""established"", ""act"": 0.0}]"
0_32732,0,32732,relationship: the person who established a company is its founder, established,6,28.430463790893555,0.6843775745287232,semantic,"[{""token"": "" established"", ""index"": 6, ""distance"": 0, ""direction"": ""self""}]",n/a,Semantic,Dictionary (fallback),0.9,False,,established,"[{""tk"": ""established"", ""act"": 28.430463790893555}, {""tk"": ""started"", ""act"": 25.020212173461914}, {""tk"": ""who"", ""act"": 20.396818161010742}, {""tk"": ""called"", ""act"": 9.311948776245117}, {""tk"": ""is"", ""act"": 8.960206985473633}, {""tk"": ""founder"", ""act"": 5.750412940979004}, {""tk"": ""technology"", ""act"": 3.8221561908721924}, {""tk"": ""company"", ""act"": 0.25118565559387207}, {""tk"": ""the"", ""act"": 0.0}, {""tk"": ""iPhone"", ""act"": 0.0}, {""tk"": ""Apple"", ""act"": 0.0}, {""tk"": ""of"", ""act"": 0.0}, {""tk"": ""Steve"", ""act"": 0.0}, {""tk"": ""Jobs"", ""act"": 0.0}]"
0_44634,0,44634,relationship: the person who established a company is its founder,relationship,1,23.548389434814453,0.9090909090909092,semantic,"[{""token"": ""relationship"", ""index"": 1, ""distance"": 0, ""direction"": ""self""}]",n/a,Semantic,Dictionary (fallback),0.9,False,,Semantic (unknown),"[{""tk"": ""is"", ""act"": 0.0}, {""tk"": ""the"", ""act"": 0.0}, {""tk"": ""iPhone"", ""act"": 0.0}, {""tk"": ""technology"", ""act"": 0.0}, {""tk"": ""company"", ""act"": 0.0}, {""tk"": ""Apple"", ""act"": 0.0}, {""tk"": ""founder"", ""act"": 0.0}, {""tk"": ""of"", ""act"": 0.0}, {""tk"": ""Steve"", ""act"": 0.0}, {""tk"": ""Jobs"", ""act"": 0.0}, {""tk"": ""who"", ""act"": 0.0}, {""tk"": ""started"", ""act"": 0.0}, {""tk"": ""called"", ""act"": 0.0}, {""tk"": ""established"", ""act"": 0.0}]"
0_97077,0,97077,relationship: the person who established a company is its founder,relationship,1,0.0,0.0,semantic,"[{""token"": ""relationship"", ""index"": 1, ""distance"": 0, ""direction"": ""self""}]",n/a,Relationship,,1.0,False,,(is) related,"[{""tk"": ""is"", ""act"": 0.0}, {""tk"": ""the"", ""act"": 0.0}, {""tk"": ""iPhone"", ""act"": 0.0}, {""tk"": ""technology"", ""act"": 0.0}, {""tk"": ""company"", ""act"": 0.0}, {""tk"": ""Apple"", ""act"": 0.0}, {""tk"": ""founder"", ""act"": 0.0}, {""tk"": ""of"", ""act"": 0.0}, {""tk"": ""Steve"", ""act"": 0.0}, {""tk"": ""Jobs"", ""act"": 0.0}, {""tk"": ""who"", ""act"": 0.0}, {""tk"": ""started"", ""act"": 0.0}, {""tk"": ""called"", ""act"": 0.0}, {""tk"": ""established"", ""act"": 0.0}]"
0_98149,0,98149,relationship: the person who established a company is its founder,relationship,1,23.11505889892578,0.7463468434081303,semantic,"[{""token"": ""relationship"", ""index"": 1, ""distance"": 0, ""direction"": ""self""}]",n/a,Semantic,Dictionary (fallback),0.9,False,,Semantic (unknown),"[{""tk"": ""technology"", ""act"": 16.84918785095215}, {""tk"": ""company"", ""act"": 15.803342819213867}, {""tk"": ""founder"", ""act"": 14.010324478149414}, {""tk"": ""established"", ""act"": 8.117849349975586}, {""tk"": ""Apple"", ""act"": 6.845046520233154}, {""tk"": ""started"", ""act"": 1.926740288734436}, {""tk"": ""called"", ""act"": 0.5325685739517212}, {""tk"": ""is"", ""act"": 0.0}, {""tk"": ""the"", ""act"": 0.0}, {""tk"": ""iPhone"", ""act"": 0.0}, {""tk"": ""of"", ""act"": 0.0}, {""tk"": ""Steve"", ""act"": 0.0}, {""tk"": ""Jobs"", ""act"": 0.0}, {""tk"": ""who"", ""act"": 0.0}]"
0_19204,0,19204,relationship: the person who established a company is its founder,relationship,1,0.0,0.0,semantic,"[{""token"": ""relationship"", ""index"": 1, ""distance"": 0, ""direction"": ""self""}]",n/a,Relationship,,1.0,False,,(is) related,"[{""tk"": ""is"", ""act"": 0.0}, {""tk"": ""the"", ""act"": 0.0}, {""tk"": ""iPhone"", ""act"": 0.0}, {""tk"": ""technology"", ""act"": 0.0}, {""tk"": ""company"", ""act"": 0.0}, {""tk"": ""Apple"", ""act"": 0.0}, {""tk"": ""founder"", ""act"": 0.0}, {""tk"": ""of"", ""act"": 0.0}, {""tk"": ""Steve"", ""act"": 0.0}, {""tk"": ""Jobs"", ""act"": 0.0}, {""tk"": ""who"", ""act"": 0.0}, {""tk"": ""started"", ""act"": 0.0}, {""tk"": ""called"", ""act"": 0.0}, {""tk"": ""established"", ""act"": 0.0}]"
0_20171,0,20171,relationship: the person who established a company is its founder,relationship,1,0.0,0.0,semantic,"[{""token"": ""relationship"", ""index"": 1, ""distance"": 0, ""direction"": ""self""}]",n/a,Relationship,,1.0,False,,(is) related,"[{""tk"": ""is"", ""act"": 0.0}, {""tk"": ""the"", ""act"": 0.0}, {""tk"": ""iPhone"", ""act"": 0.0}, {""tk"": ""technology"", ""act"": 0.0}, {""tk"": ""company"", ""act"": 0.0}, {""tk"": ""Apple"", ""act"": 0.0}, {""tk"": ""founder"", ""act"": 0.0}, {""tk"": ""of"", ""act"": 0.0}, {""tk"": ""Steve"", ""act"": 0.0}, {""tk"": ""Jobs"", ""act"": 0.0}, {""tk"": ""who"", ""act"": 0.0}, {""tk"": ""started"", ""act"": 0.0}, {""tk"": ""called"", ""act"": 0.0}, {""tk"": ""established"", ""act"": 0.0}]"
0_44217,0,44217,relationship: the person who established a company is its founder,relationship,1,0.0,0.0,semantic,"[{""token"": ""relationship"", ""index"": 1, ""distance"": 0, ""direction"": ""self""}]",n/a,Relationship,,1.0,False,,(is) related,"[{""tk"": ""is"", ""act"": 0.0}, {""tk"": ""the"", ""act"": 0.0}, {""tk"": ""iPhone"", ""act"": 0.0}, {""tk"": ""technology"", ""act"": 0.0}, {""tk"": ""company"", ""act"": 0.0}, {""tk"": ""Apple"", ""act"": 0.0}, {""tk"": ""founder"", ""act"": 0.0}, {""tk"": ""of"", ""act"": 0.0}, {""tk"": ""Steve"", ""act"": 0.0}, {""tk"": ""Jobs"", ""act"": 0.0}, {""tk"": ""who"", ""act"": 0.0}, {""tk"": ""started"", ""act"": 0.0}, {""tk"": ""called"", ""act"": 0.0}, {""tk"": ""established"", ""act"": 0.0}]"
0_78128,0,78128,relationship: the person who established a company is its founder, company,8,17.328067779541016,0.9090909090909092,semantic,"[{""token"": "" company"", ""index"": 8, ""distance"": 0, ""direction"": ""self""}]",n/a,Semantic,Dictionary,1.0,False,,company,"[{""tk"": ""company"", ""act"": 17.328067779541016}, {""tk"": ""is"", ""act"": 0.0}, {""tk"": ""the"", ""act"": 0.0}, {""tk"": ""iPhone"", ""act"": 0.0}, {""tk"": ""technology"", ""act"": 0.0}, {""tk"": ""Apple"", ""act"": 0.0}, {""tk"": ""founder"", ""act"": 0.0}, {""tk"": ""of"", ""act"": 0.0}, {""tk"": ""Steve"", ""act"": 0.0}, {""tk"": ""Jobs"", ""act"": 0.0}, {""tk"": ""who"", ""act"": 0.0}, {""tk"": ""started"", ""act"": 0.0}, {""tk"": ""called"", ""act"": 0.0}, {""tk"": ""established"", ""act"": 0.0}]"
0_91570,0,91570,relationship: the person who established a company is its founder,relationship,1,14.953421592712402,0.9090909090909092,semantic,"[{""token"": ""relationship"", ""index"": 1, ""distance"": 0, ""direction"": ""self""}]",n/a,Semantic,Dictionary (fallback),0.9,False,,Semantic (unknown),"[{""tk"": ""is"", ""act"": 0.0}, {""tk"": ""the"", ""act"": 0.0}, {""tk"": ""iPhone"", ""act"": 0.0}, {""tk"": ""technology"", ""act"": 0.0}, {""tk"": ""company"", ""act"": 0.0}, {""tk"": ""Apple"", ""act"": 0.0}, {""tk"": ""founder"", ""act"": 0.0}, {""tk"": ""of"", ""act"": 0.0}, {""tk"": ""Steve"", ""act"": 0.0}, {""tk"": ""Jobs"", ""act"": 0.0}, {""tk"": ""who"", ""act"": 0.0}, {""tk"": ""started"", ""act"": 0.0}, {""tk"": ""called"", ""act"": 0.0}, {""tk"": ""established"", ""act"": 0.0}]"
0_15001,0,15001,relationship: the person who established a company is its founder, who,5,14.920398712158203,0.9090909090909092,functional,"[{""token"": "" established"", ""index"": 6, ""distance"": 1, ""direction"": ""forward""}]",json,Semantic,Dictionary,1.0,False,,who,"[{""tk"": ""who"", ""act"": 14.920398712158203}, {""tk"": ""is"", ""act"": 0.0}, {""tk"": ""the"", ""act"": 0.0}, {""tk"": ""iPhone"", ""act"": 0.0}, {""tk"": ""technology"", ""act"": 0.0}, {""tk"": ""company"", ""act"": 0.0}, {""tk"": ""Apple"", ""act"": 0.0}, {""tk"": ""founder"", ""act"": 0.0}, {""tk"": ""of"", ""act"": 0.0}, {""tk"": ""Steve"", ""act"": 0.0}, {""tk"": ""Jobs"", ""act"": 0.0}, {""tk"": ""started"", ""act"": 0.0}, {""tk"": ""called"", ""act"": 0.0}, {""tk"": ""established"", ""act"": 0.0}]"
0_1285,0,1285,relationship: the person who established a company is its founder,relationship,1,14.300312042236328,0.9090909090909092,semantic,"[{""token"": ""relationship"", ""index"": 1, ""distance"": 0, ""direction"": ""self""}]",n/a,Semantic,Dictionary,1.0,False,,iphone,"[{""tk"": ""iPhone"", ""act"": 8.839632034301758}, {""tk"": ""Apple"", ""act"": 0.6157822608947754}, {""tk"": ""is"", ""act"": 0.0}, {""tk"": ""the"", ""act"": 0.0}, {""tk"": ""technology"", ""act"": 0.0}, {""tk"": ""company"", ""act"": 0.0}, {""tk"": ""founder"", ""act"": 0.0}, {""tk"": ""of"", ""act"": 0.0}, {""tk"": ""Steve"", ""act"": 0.0}, {""tk"": ""Jobs"", ""act"": 0.0}, {""tk"": ""who"", ""act"": 0.0}, {""tk"": ""started"", ""act"": 0.0}, {""tk"": ""called"", ""act"": 0.0}, {""tk"": ""established"", ""act"": 0.0}]"
0_62012,0,62012,relationship: the person who established a company is its founder, company,8,14.2219820022583,0.9090909090909092,semantic,"[{""token"": "" company"", ""index"": 8, ""distance"": 0, ""direction"": ""self""}]",n/a,Semantic,Dictionary,1.0,False,,company,"[{""tk"": ""company"", ""act"": 20.670909881591797}, {""tk"": ""is"", ""act"": 0.0}, {""tk"": ""the"", ""act"": 0.0}, {""tk"": ""iPhone"", ""act"": 0.0}, {""tk"": ""technology"", ""act"": 0.0}, {""tk"": ""Apple"", ""act"": 0.0}, {""tk"": ""founder"", ""act"": 0.0}, {""tk"": ""of"", ""act"": 0.0}, {""tk"": ""Steve"", ""act"": 0.0}, {""tk"": ""Jobs"", ""act"": 0.0}, {""tk"": ""who"", ""act"": 0.0}, {""tk"": ""started"", ""act"": 0.0}, {""tk"": ""called"", ""act"": 0.0}, {""tk"": ""established"", ""act"": 0.0}]"
0_4591,0,4591,relationship: the person who established a company is its founder, established,6,11.716001510620115,0.9090909090909092,semantic,"[{""token"": "" established"", ""index"": 6, ""distance"": 0, ""direction"": ""self""}]",n/a,Semantic,Dictionary,1.0,False,,established,"[{""tk"": ""established"", ""act"": 11.716001510620117}, {""tk"": ""is"", ""act"": 0.0}, {""tk"": ""the"", ""act"": 0.0}, {""tk"": ""iPhone"", ""act"": 0.0}, {""tk"": ""technology"", ""act"": 0.0}, {""tk"": ""company"", ""act"": 0.0}, {""tk"": ""Apple"", ""act"": 0.0}, {""tk"": ""founder"", ""act"": 0.0}, {""tk"": ""of"", ""act"": 0.0}, {""tk"": ""Steve"", ""act"": 0.0}, {""tk"": ""Jobs"", ""act"": 0.0}, {""tk"": ""who"", ""act"": 0.0}, {""tk"": ""started"", ""act"": 0.0}, {""tk"": ""called"", ""act"": 0.0}]"
0_6596,0,6596,relationship: the person who established a company is its founder,relationship,1,0.0,0.0,semantic,"[{""token"": ""relationship"", ""index"": 1, ""distance"": 0, ""direction"": ""self""}]",n/a,Semantic,Dictionary,1.0,False,,called,"[{""tk"": ""called"", ""act"": 28.27146339416504}, {""tk"": ""is"", ""act"": 0.0}, {""tk"": ""the"", ""act"": 0.0}, {""tk"": ""iPhone"", ""act"": 0.0}, {""tk"": ""technology"", ""act"": 0.0}, {""tk"": ""company"", ""act"": 0.0}, {""tk"": ""Apple"", ""act"": 0.0}, {""tk"": ""founder"", ""act"": 0.0}, {""tk"": ""of"", ""act"": 0.0}, {""tk"": ""Steve"", ""act"": 0.0}, {""tk"": ""Jobs"", ""act"": 0.0}, {""tk"": ""who"", ""act"": 0.0}, {""tk"": ""started"", ""act"": 0.0}, {""tk"": ""established"", ""act"": 0.0}]"
0_82862,0,82862,relationship: the person who established a company is its founder, company,8,8.054851531982422,0.8930019422357092,semantic,"[{""token"": "" company"", ""index"": 8, ""distance"": 0, ""direction"": ""self""}]",n/a,Semantic,Dictionary (fallback),0.9,False,,company,"[{""tk"": ""company"", ""act"": 8.054851531982422}, {""tk"": ""founder"", ""act"": 7.564595699310303}, {""tk"": ""is"", ""act"": 0.0}, {""tk"": ""the"", ""act"": 0.0}, {""tk"": ""iPhone"", ""act"": 0.0}, {""tk"": ""technology"", ""act"": 0.0}, {""tk"": ""Apple"", ""act"": 0.0}, {""tk"": ""of"", ""act"": 0.0}, {""tk"": ""Steve"", ""act"": 0.0}, {""tk"": ""Jobs"", ""act"": 0.0}, {""tk"": ""who"", ""act"": 0.0}, {""tk"": ""started"", ""act"": 0.0}, {""tk"": ""called"", ""act"": 0.0}, {""tk"": ""established"", ""act"": 0.0}]"
0_46235,0,46235,relationship: the person who established a company is its founder, person,4,5.838510513305664,0.9090909090909092,semantic,"[{""token"": "" person"", ""index"": 4, ""distance"": 0, ""direction"": ""self""}]",n/a,Semantic,Dictionary (fallback),0.9,False,,founder,"[{""tk"": ""founder"", ""act"": 13.413398742675781}, {""tk"": ""is"", ""act"": 0.0}, {""tk"": ""the"", ""act"": 0.0}, {""tk"": ""iPhone"", ""act"": 0.0}, {""tk"": ""technology"", ""act"": 0.0}, {""tk"": ""company"", ""act"": 0.0}, {""tk"": ""Apple"", ""act"": 0.0}, {""tk"": ""of"", ""act"": 0.0}, {""tk"": ""Steve"", ""act"": 0.0}, {""tk"": ""Jobs"", ""act"": 0.0}, {""tk"": ""who"", ""act"": 0.0}, {""tk"": ""started"", ""act"": 0.0}, {""tk"": ""called"", ""act"": 0.0}, {""tk"": ""established"", ""act"": 0.0}]"
0_55411,0,55411,relationship: the person who established a company is its founder, company,8,5.949974060058594,0.9090909090909092,semantic,"[{""token"": "" company"", ""index"": 8, ""distance"": 0, ""direction"": ""self""}]",n/a,Semantic,Dictionary (fallback),0.9,False,,company,"[{""tk"": ""company"", ""act"": 7.441006660461426}, {""tk"": ""is"", ""act"": 0.0}, {""tk"": ""the"", ""act"": 0.0}, {""tk"": ""iPhone"", ""act"": 0.0}, {""tk"": ""technology"", ""act"": 0.0}, {""tk"": ""Apple"", ""act"": 0.0}, {""tk"": ""founder"", ""act"": 0.0}, {""tk"": ""of"", ""act"": 0.0}, {""tk"": ""Steve"", ""act"": 0.0}, {""tk"": ""Jobs"", ""act"": 0.0}, {""tk"": ""who"", ""act"": 0.0}, {""tk"": ""started"", ""act"": 0.0}, {""tk"": ""called"", ""act"": 0.0}, {""tk"": ""established"", ""act"": 0.0}]"
0_81124,0,81124,relationship: the person who established a company is its founder,relationship,1,0.0,0.0,semantic,"[{""token"": ""relationship"", ""index"": 1, ""distance"": 0, ""direction"": ""self""}]",n/a,Relationship,,1.0,False,,(is) related,"[{""tk"": ""is"", ""act"": 0.0}, {""tk"": ""the"", ""act"": 0.0}, {""tk"": ""iPhone"", ""act"": 0.0}, {""tk"": ""technology"", ""act"": 0.0}, {""tk"": ""company"", ""act"": 0.0}, {""tk"": ""Apple"", ""act"": 0.0}, {""tk"": ""founder"", ""act"": 0.0}, {""tk"": ""of"", ""act"": 0.0}, {""tk"": ""Steve"", ""act"": 0.0}, {""tk"": ""Jobs"", ""act"": 0.0}, {""tk"": ""who"", ""act"": 0.0}, {""tk"": ""started"", ""act"": 0.0}, {""tk"": ""called"", ""act"": 0.0}, {""tk"": ""established"", ""act"": 0.0}]"
0_86458,0,86458,relationship: the person who established a company is its founder,relationship,1,0.0,0.0,semantic,"[{""token"": ""relationship"", ""index"": 1, ""distance"": 0, ""direction"": ""self""}]",n/a,Relationship,,1.0,False,,(is) related,"[{""tk"": ""is"", ""act"": 0.0}, {""tk"": ""the"", ""act"": 0.0}, {""tk"": ""iPhone"", ""act"": 0.0}, {""tk"": ""technology"", ""act"": 0.0}, {""tk"": ""company"", ""act"": 0.0}, {""tk"": ""Apple"", ""act"": 0.0}, {""tk"": ""founder"", ""act"": 0.0}, {""tk"": ""of"", ""act"": 0.0}, {""tk"": ""Steve"", ""act"": 0.0}, {""tk"": ""Jobs"", ""act"": 0.0}, {""tk"": ""who"", ""act"": 0.0}, {""tk"": ""started"", ""act"": 0.0}, {""tk"": ""called"", ""act"": 0.0}, {""tk"": ""established"", ""act"": 0.0}]"
0_80932,0,80932,relationship: the person who established a company is its founder, company,8,3.929795265197754,0.9090909090909092,semantic,"[{""token"": "" company"", ""index"": 8, ""distance"": 0, ""direction"": ""self""}]",n/a,Semantic,Dictionary,1.0,False,,company,"[{""tk"": ""company"", ""act"": 12.409629821777344}, {""tk"": ""is"", ""act"": 0.0}, {""tk"": ""the"", ""act"": 0.0}, {""tk"": ""iPhone"", ""act"": 0.0}, {""tk"": ""technology"", ""act"": 0.0}, {""tk"": ""Apple"", ""act"": 0.0}, {""tk"": ""founder"", ""act"": 0.0}, {""tk"": ""of"", ""act"": 0.0}, {""tk"": ""Steve"", ""act"": 0.0}, {""tk"": ""Jobs"", ""act"": 0.0}, {""tk"": ""who"", ""act"": 0.0}, {""tk"": ""started"", ""act"": 0.0}, {""tk"": ""called"", ""act"": 0.0}, {""tk"": ""established"", ""act"": 0.0}]"
0_97435,0,97435,relationship: the person who established a company is its founder,relationship,1,0.0,0.0,semantic,"[{""token"": ""relationship"", ""index"": 1, ""distance"": 0, ""direction"": ""self""}]",n/a,Relationship,,1.0,False,,(is) related,"[{""tk"": ""is"", ""act"": 0.0}, {""tk"": ""the"", ""act"": 0.0}, {""tk"": ""iPhone"", ""act"": 0.0}, {""tk"": ""technology"", ""act"": 0.0}, {""tk"": ""company"", ""act"": 0.0}, {""tk"": ""Apple"", ""act"": 0.0}, {""tk"": ""founder"", ""act"": 0.0}, {""tk"": ""of"", ""act"": 0.0}, {""tk"": ""Steve"", ""act"": 0.0}, {""tk"": ""Jobs"", ""act"": 0.0}, {""tk"": ""who"", ""act"": 0.0}, {""tk"": ""started"", ""act"": 0.0}, {""tk"": ""called"", ""act"": 0.0}, {""tk"": ""established"", ""act"": 0.0}]"
0_13453,0,13453,relationship: the person who established a company is its founder,relationship,1,0.0,0.0,semantic,"[{""token"": ""relationship"", ""index"": 1, ""distance"": 0, ""direction"": ""self""}]",n/a,Relationship,,1.0,False,,(is) related,"[{""tk"": ""is"", ""act"": 0.0}, {""tk"": ""the"", ""act"": 0.0}, {""tk"": ""iPhone"", ""act"": 0.0}, {""tk"": ""technology"", ""act"": 0.0}, {""tk"": ""company"", ""act"": 0.0}, {""tk"": ""Apple"", ""act"": 0.0}, {""tk"": ""founder"", ""act"": 0.0}, {""tk"": ""of"", ""act"": 0.0}, {""tk"": ""Steve"", ""act"": 0.0}, {""tk"": ""Jobs"", ""act"": 0.0}, {""tk"": ""who"", ""act"": 0.0}, {""tk"": ""started"", ""act"": 0.0}, {""tk"": ""called"", ""act"": 0.0}, {""tk"": ""established"", ""act"": 0.0}]"
0_57857,0,57857,relationship: the person who established a company is its founder,relationship,1,0.0,0.0,semantic,"[{""token"": ""relationship"", ""index"": 1, ""distance"": 0, ""direction"": ""self""}]",n/a,Relationship,,1.0,False,,(is) related,"[{""tk"": ""is"", ""act"": 0.0}, {""tk"": ""the"", ""act"": 0.0}, {""tk"": ""iPhone"", ""act"": 0.0}, {""tk"": ""technology"", ""act"": 0.0}, {""tk"": ""company"", ""act"": 0.0}, {""tk"": ""Apple"", ""act"": 0.0}, {""tk"": ""founder"", ""act"": 0.0}, {""tk"": ""of"", ""act"": 0.0}, {""tk"": ""Steve"", ""act"": 0.0}, {""tk"": ""Jobs"", ""act"": 0.0}, {""tk"": ""who"", ""act"": 0.0}, {""tk"": ""started"", ""act"": 0.0}, {""tk"": ""called"", ""act"": 0.0}, {""tk"": ""established"", ""act"": 0.0}]"
0_95264,0,95264,relationship: the person who established a company is its founder,relationship,1,1.6708722114562988,0.9090909090909092,semantic,"[{""token"": ""relationship"", ""index"": 1, ""distance"": 0, ""direction"": ""self""}]",n/a,Semantic,Dictionary (fallback),0.9,False,,Semantic (unknown),"[{""tk"": ""is"", ""act"": 0.0}, {""tk"": ""the"", ""act"": 0.0}, {""tk"": ""iPhone"", ""act"": 0.0}, {""tk"": ""technology"", ""act"": 0.0}, {""tk"": ""company"", ""act"": 0.0}, {""tk"": ""Apple"", ""act"": 0.0}, {""tk"": ""founder"", ""act"": 0.0}, {""tk"": ""of"", ""act"": 0.0}, {""tk"": ""Steve"", ""act"": 0.0}, {""tk"": ""Jobs"", ""act"": 0.0}, {""tk"": ""who"", ""act"": 0.0}, {""tk"": ""started"", ""act"": 0.0}, {""tk"": ""called"", ""act"": 0.0}, {""tk"": ""established"", ""act"": 0.0}]"
0_1003,0,1003,relationship: the person who established a company is its founder,relationship,1,0.0,0.0,semantic,"[{""token"": ""relationship"", ""index"": 1, ""distance"": 0, ""direction"": ""self""}]",n/a,Relationship,,1.0,False,,(is) related,"[{""tk"": ""is"", ""act"": 0.0}, {""tk"": ""the"", ""act"": 0.0}, {""tk"": ""iPhone"", ""act"": 0.0}, {""tk"": ""technology"", ""act"": 0.0}, {""tk"": ""company"", ""act"": 0.0}, {""tk"": ""Apple"", ""act"": 0.0}, {""tk"": ""founder"", ""act"": 0.0}, {""tk"": ""of"", ""act"": 0.0}, {""tk"": ""Steve"", ""act"": 0.0}, {""tk"": ""Jobs"", ""act"": 0.0}, {""tk"": ""who"", ""act"": 0.0}, {""tk"": ""started"", ""act"": 0.0}, {""tk"": ""called"", ""act"": 0.0}, {""tk"": ""established"", ""act"": 0.0}]"
0_1170,0,1170,relationship: the person who established a company is its founder,relationship,1,0.0,0.0,semantic,"[{""token"": ""relationship"", ""index"": 1, ""distance"": 0, ""direction"": ""self""}]",n/a,Semantic,Dictionary (fallback),0.9,False,,iphone,"[{""tk"": ""iPhone"", ""act"": 17.711040496826172}, {""tk"": ""Apple"", ""act"": 10.955910682678223}, {""tk"": ""is"", ""act"": 0.0}, {""tk"": ""the"", ""act"": 0.0}, {""tk"": ""technology"", ""act"": 0.0}, {""tk"": ""company"", ""act"": 0.0}, {""tk"": ""founder"", ""act"": 0.0}, {""tk"": ""of"", ""act"": 0.0}, {""tk"": ""Steve"", ""act"": 0.0}, {""tk"": ""Jobs"", ""act"": 0.0}, {""tk"": ""who"", ""act"": 0.0}, {""tk"": ""started"", ""act"": 0.0}, {""tk"": ""called"", ""act"": 0.0}, {""tk"": ""established"", ""act"": 0.0}]"
0_7410,0,7410,relationship: the person who established a company is its founder,relationship,1,0.0,0.0,semantic,"[{""token"": ""relationship"", ""index"": 1, ""distance"": 0, ""direction"": ""self""}]",n/a,Semantic,Dictionary,1.0,False,,iphone,"[{""tk"": ""iPhone"", ""act"": 13.22584056854248}, {""tk"": ""is"", ""act"": 0.0}, {""tk"": ""the"", ""act"": 0.0}, {""tk"": ""technology"", ""act"": 0.0}, {""tk"": ""company"", ""act"": 0.0}, {""tk"": ""Apple"", ""act"": 0.0}, {""tk"": ""founder"", ""act"": 0.0}, {""tk"": ""of"", ""act"": 0.0}, {""tk"": ""Steve"", ""act"": 0.0}, {""tk"": ""Jobs"", ""act"": 0.0}, {""tk"": ""who"", ""act"": 0.0}, {""tk"": ""started"", ""act"": 0.0}, {""tk"": ""called"", ""act"": 0.0}, {""tk"": ""established"", ""act"": 0.0}]"
0_11318,0,11318,relationship: the person who established a company is its founder,relationship,1,0.0,0.0,semantic,"[{""token"": ""relationship"", ""index"": 1, ""distance"": 0, ""direction"": ""self""}]",n/a,Semantic,Dictionary,1.0,False,,iphone,"[{""tk"": ""iPhone"", ""act"": 14.332988739013672}, {""tk"": ""is"", ""act"": 0.0}, {""tk"": ""the"", ""act"": 0.0}, {""tk"": ""technology"", ""act"": 0.0}, {""tk"": ""company"", ""act"": 0.0}, {""tk"": ""Apple"", ""act"": 0.0}, {""tk"": ""founder"", ""act"": 0.0}, {""tk"": ""of"", ""act"": 0.0}, {""tk"": ""Steve"", ""act"": 0.0}, {""tk"": ""Jobs"", ""act"": 0.0}, {""tk"": ""who"", ""act"": 0.0}, {""tk"": ""started"", ""act"": 0.0}, {""tk"": ""called"", ""act"": 0.0}, {""tk"": ""established"", ""act"": 0.0}]"
0_18535,0,18535,relationship: the person who established a company is its founder,relationship,1,0.0,0.0,semantic,"[{""token"": ""relationship"", ""index"": 1, ""distance"": 0, ""direction"": ""self""}]",n/a,Relationship,,1.0,False,,(is) related,"[{""tk"": ""is"", ""act"": 0.0}, {""tk"": ""the"", ""act"": 0.0}, {""tk"": ""iPhone"", ""act"": 0.0}, {""tk"": ""technology"", ""act"": 0.0}, {""tk"": ""company"", ""act"": 0.0}, {""tk"": ""Apple"", ""act"": 0.0}, {""tk"": ""founder"", ""act"": 0.0}, {""tk"": ""of"", ""act"": 0.0}, {""tk"": ""Steve"", ""act"": 0.0}, {""tk"": ""Jobs"", ""act"": 0.0}, {""tk"": ""who"", ""act"": 0.0}, {""tk"": ""started"", ""act"": 0.0}, {""tk"": ""called"", ""act"": 0.0}, {""tk"": ""established"", ""act"": 0.0}]"
0_22730,0,22730,relationship: the person who established a company is its founder,relationship,1,0.0,0.0,semantic,"[{""token"": ""relationship"", ""index"": 1, ""distance"": 0, ""direction"": ""self""}]",n/a,Semantic,Dictionary,1.0,False,,iphone,"[{""tk"": ""iPhone"", ""act"": 12.510161399841309}, {""tk"": ""is"", ""act"": 0.0}, {""tk"": ""the"", ""act"": 0.0}, {""tk"": ""technology"", ""act"": 0.0}, {""tk"": ""company"", ""act"": 0.0}, {""tk"": ""Apple"", ""act"": 0.0}, {""tk"": ""founder"", ""act"": 0.0}, {""tk"": ""of"", ""act"": 0.0}, {""tk"": ""Steve"", ""act"": 0.0}, {""tk"": ""Jobs"", ""act"": 0.0}, {""tk"": ""who"", ""act"": 0.0}, {""tk"": ""started"", ""act"": 0.0}, {""tk"": ""called"", ""act"": 0.0}, {""tk"": ""established"", ""act"": 0.0}]"
0_23477,0,23477,relationship: the person who established a company is its founder,relationship,1,0.0,0.0,semantic,"[{""token"": ""relationship"", ""index"": 1, ""distance"": 0, ""direction"": ""self""}]",n/a,Relationship,,1.0,False,,(is) related,"[{""tk"": ""is"", ""act"": 0.0}, {""tk"": ""the"", ""act"": 0.0}, {""tk"": ""iPhone"", ""act"": 0.0}, {""tk"": ""technology"", ""act"": 0.0}, {""tk"": ""company"", ""act"": 0.0}, {""tk"": ""Apple"", ""act"": 0.0}, {""tk"": ""founder"", ""act"": 0.0}, {""tk"": ""of"", ""act"": 0.0}, {""tk"": ""Steve"", ""act"": 0.0}, {""tk"": ""Jobs"", ""act"": 0.0}, {""tk"": ""who"", ""act"": 0.0}, {""tk"": ""started"", ""act"": 0.0}, {""tk"": ""called"", ""act"": 0.0}, {""tk"": ""established"", ""act"": 0.0}]"
0_24039,0,24039,relationship: the person who established a company is its founder,relationship,1,0.0,0.0,semantic,"[{""token"": ""relationship"", ""index"": 1, ""distance"": 0, ""direction"": ""self""}]",n/a,Semantic,Dictionary,1.0,False,,iphone,"[{""tk"": ""iPhone"", ""act"": 10.376995086669922}, {""tk"": ""is"", ""act"": 0.0}, {""tk"": ""the"", ""act"": 0.0}, {""tk"": ""technology"", ""act"": 0.0}, {""tk"": ""company"", ""act"": 0.0}, {""tk"": ""Apple"", ""act"": 0.0}, {""tk"": ""founder"", ""act"": 0.0}, {""tk"": ""of"", ""act"": 0.0}, {""tk"": ""Steve"", ""act"": 0.0}, {""tk"": ""Jobs"", ""act"": 0.0}, {""tk"": ""who"", ""act"": 0.0}, {""tk"": ""started"", ""act"": 0.0}, {""tk"": ""called"", ""act"": 0.0}, {""tk"": ""established"", ""act"": 0.0}]"
0_25156,0,25156,relationship: the person who established a company is its founder,relationship,1,0.0,0.0,semantic,"[{""token"": ""relationship"", ""index"": 1, ""distance"": 0, ""direction"": ""self""}]",n/a,Relationship,,1.0,False,,(is) related,"[{""tk"": ""is"", ""act"": 0.0}, {""tk"": ""the"", ""act"": 0.0}, {""tk"": ""iPhone"", ""act"": 0.0}, {""tk"": ""technology"", ""act"": 0.0}, {""tk"": ""company"", ""act"": 0.0}, {""tk"": ""Apple"", ""act"": 0.0}, {""tk"": ""founder"", ""act"": 0.0}, {""tk"": ""of"", ""act"": 0.0}, {""tk"": ""Steve"", ""act"": 0.0}, {""tk"": ""Jobs"", ""act"": 0.0}, {""tk"": ""who"", ""act"": 0.0}, {""tk"": ""started"", ""act"": 0.0}, {""tk"": ""called"", ""act"": 0.0}, {""tk"": ""established"", ""act"": 0.0}]"
0_28229,0,28229,relationship: the person who established a company is its founder,relationship,1,0.0,0.0,semantic,"[{""token"": ""relationship"", ""index"": 1, ""distance"": 0, ""direction"": ""self""}]",n/a,Relationship,,1.0,False,,(is) related,"[{""tk"": ""is"", ""act"": 0.0}, {""tk"": ""the"", ""act"": 0.0}, {""tk"": ""iPhone"", ""act"": 0.0}, {""tk"": ""technology"", ""act"": 0.0}, {""tk"": ""company"", ""act"": 0.0}, {""tk"": ""Apple"", ""act"": 0.0}, {""tk"": ""founder"", ""act"": 0.0}, {""tk"": ""of"", ""act"": 0.0}, {""tk"": ""Steve"", ""act"": 0.0}, {""tk"": ""Jobs"", ""act"": 0.0}, {""tk"": ""who"", ""act"": 0.0}, {""tk"": ""started"", ""act"": 0.0}, {""tk"": ""called"", ""act"": 0.0}, {""tk"": ""established"", ""act"": 0.0}]"
0_31731,0,31731,relationship: the person who established a company is its founder,relationship,1,0.0,0.0,semantic,"[{""token"": ""relationship"", ""index"": 1, ""distance"": 0, ""direction"": ""self""}]",n/a,Relationship,,1.0,False,,(is) related,"[{""tk"": ""is"", ""act"": 0.0}, {""tk"": ""the"", ""act"": 0.0}, {""tk"": ""iPhone"", ""act"": 0.0}, {""tk"": ""technology"", ""act"": 0.0}, {""tk"": ""company"", ""act"": 0.0}, {""tk"": ""Apple"", ""act"": 0.0}, {""tk"": ""founder"", ""act"": 0.0}, {""tk"": ""of"", ""act"": 0.0}, {""tk"": ""Steve"", ""act"": 0.0}, {""tk"": ""Jobs"", ""act"": 0.0}, {""tk"": ""who"", ""act"": 0.0}, {""tk"": ""started"", ""act"": 0.0}, {""tk"": ""called"", ""act"": 0.0}, {""tk"": ""established"", ""act"": 0.0}]"
0_33674,0,33674,relationship: the person who established a company is its founder,relationship,1,0.0,0.0,semantic,"[{""token"": ""relationship"", ""index"": 1, ""distance"": 0, ""direction"": ""self""}]",n/a,Semantic,Dictionary,1.0,False,,iphone,"[{""tk"": ""iPhone"", ""act"": 9.818336486816406}, {""tk"": ""is"", ""act"": 0.0}, {""tk"": ""the"", ""act"": 0.0}, {""tk"": ""technology"", ""act"": 0.0}, {""tk"": ""company"", ""act"": 0.0}, {""tk"": ""Apple"", ""act"": 0.0}, {""tk"": ""founder"", ""act"": 0.0}, {""tk"": ""of"", ""act"": 0.0}, {""tk"": ""Steve"", ""act"": 0.0}, {""tk"": ""Jobs"", ""act"": 0.0}, {""tk"": ""who"", ""act"": 0.0}, {""tk"": ""started"", ""act"": 0.0}, {""tk"": ""called"", ""act"": 0.0}, {""tk"": ""established"", ""act"": 0.0}]"
0_35288,0,35288,relationship: the person who established a company is its founder,relationship,1,0.0,0.0,semantic,"[{""token"": ""relationship"", ""index"": 1, ""distance"": 0, ""direction"": ""self""}]",n/a,Relationship,,1.0,False,,(is) related,"[{""tk"": ""is"", ""act"": 0.0}, {""tk"": ""the"", ""act"": 0.0}, {""tk"": ""iPhone"", ""act"": 0.0}, {""tk"": ""technology"", ""act"": 0.0}, {""tk"": ""company"", ""act"": 0.0}, {""tk"": ""Apple"", ""act"": 0.0}, {""tk"": ""founder"", ""act"": 0.0}, {""tk"": ""of"", ""act"": 0.0}, {""tk"": ""Steve"", ""act"": 0.0}, {""tk"": ""Jobs"", ""act"": 0.0}, {""tk"": ""who"", ""act"": 0.0}, {""tk"": ""started"", ""act"": 0.0}, {""tk"": ""called"", ""act"": 0.0}, {""tk"": ""established"", ""act"": 0.0}]"
0_35860,0,35860,relationship: the person who established a company is its founder,relationship,1,0.0,0.0,semantic,"[{""token"": ""relationship"", ""index"": 1, ""distance"": 0, ""direction"": ""self""}]",n/a,Semantic,Dictionary,1.0,False,,iphone,"[{""tk"": ""iPhone"", ""act"": 13.610601425170898}, {""tk"": ""is"", ""act"": 0.0}, {""tk"": ""the"", ""act"": 0.0}, {""tk"": ""technology"", ""act"": 0.0}, {""tk"": ""company"", ""act"": 0.0}, {""tk"": ""Apple"", ""act"": 0.0}, {""tk"": ""founder"", ""act"": 0.0}, {""tk"": ""of"", ""act"": 0.0}, {""tk"": ""Steve"", ""act"": 0.0}, {""tk"": ""Jobs"", ""act"": 0.0}, {""tk"": ""who"", ""act"": 0.0}, {""tk"": ""started"", ""act"": 0.0}, {""tk"": ""called"", ""act"": 0.0}, {""tk"": ""established"", ""act"": 0.0}]"
0_35945,0,35945,relationship: the person who established a company is its founder,relationship,1,0.0,0.0,semantic,"[{""token"": ""relationship"", ""index"": 1, ""distance"": 0, ""direction"": ""self""}]",n/a,Semantic,Dictionary (fallback),0.9,False,,The,"[{""tk"": ""The"", ""act"": 47.75575637817383}, {""tk"": ""is"", ""act"": 0.0}, {""tk"": ""iPhone"", ""act"": 0.0}, {""tk"": ""technology"", ""act"": 0.0}, {""tk"": ""company"", ""act"": 0.0}, {""tk"": ""Apple"", ""act"": 0.0}, {""tk"": ""founder"", ""act"": 0.0}, {""tk"": ""of"", ""act"": 0.0}, {""tk"": ""Steve"", ""act"": 0.0}, {""tk"": ""Jobs"", ""act"": 0.0}, {""tk"": ""who"", ""act"": 0.0}, {""tk"": ""started"", ""act"": 0.0}, {""tk"": ""called"", ""act"": 0.0}, {""tk"": ""established"", ""act"": 0.0}]"
0_36289,0,36289,relationship: the person who established a company is its founder,relationship,1,0.0,0.0,semantic,"[{""token"": ""relationship"", ""index"": 1, ""distance"": 0, ""direction"": ""self""}]",n/a,Semantic,Dictionary,1.0,False,,iphone,"[{""tk"": ""iPhone"", ""act"": 20.29351806640625}, {""tk"": ""is"", ""act"": 0.0}, {""tk"": ""the"", ""act"": 0.0}, {""tk"": ""technology"", ""act"": 0.0}, {""tk"": ""company"", ""act"": 0.0}, {""tk"": ""Apple"", ""act"": 0.0}, {""tk"": ""founder"", ""act"": 0.0}, {""tk"": ""of"", ""act"": 0.0}, {""tk"": ""Steve"", ""act"": 0.0}, {""tk"": ""Jobs"", ""act"": 0.0}, {""tk"": ""who"", ""act"": 0.0}, {""tk"": ""started"", ""act"": 0.0}, {""tk"": ""called"", ""act"": 0.0}, {""tk"": ""established"", ""act"": 0.0}]"
0_37403,0,37403,relationship: the person who established a company is its founder,relationship,1,0.0,0.0,semantic,"[{""token"": ""relationship"", ""index"": 1, ""distance"": 0, ""direction"": ""self""}]",n/a,Semantic,Dictionary,1.0,False,,iphone,"[{""tk"": ""iPhone"", ""act"": 8.71590805053711}, {""tk"": ""is"", ""act"": 0.0}, {""tk"": ""the"", ""act"": 0.0}, {""tk"": ""technology"", ""act"": 0.0}, {""tk"": ""company"", ""act"": 0.0}, {""tk"": ""Apple"", ""act"": 0.0}, {""tk"": ""founder"", ""act"": 0.0}, {""tk"": ""of"", ""act"": 0.0}, {""tk"": ""Steve"", ""act"": 0.0}, {""tk"": ""Jobs"", ""act"": 0.0}, {""tk"": ""who"", ""act"": 0.0}, {""tk"": ""started"", ""act"": 0.0}, {""tk"": ""called"", ""act"": 0.0}, {""tk"": ""established"", ""act"": 0.0}]"
0_42514,0,42514,relationship: the person who established a company is its founder,relationship,1,0.0,0.0,semantic,"[{""token"": ""relationship"", ""index"": 1, ""distance"": 0, ""direction"": ""self""}]",n/a,Relationship,,1.0,False,,(is) related,"[{""tk"": ""is"", ""act"": 0.0}, {""tk"": ""the"", ""act"": 0.0}, {""tk"": ""iPhone"", ""act"": 0.0}, {""tk"": ""technology"", ""act"": 0.0}, {""tk"": ""company"", ""act"": 0.0}, {""tk"": ""Apple"", ""act"": 0.0}, {""tk"": ""founder"", ""act"": 0.0}, {""tk"": ""of"", ""act"": 0.0}, {""tk"": ""Steve"", ""act"": 0.0}, {""tk"": ""Jobs"", ""act"": 0.0}, {""tk"": ""who"", ""act"": 0.0}, {""tk"": ""started"", ""act"": 0.0}, {""tk"": ""called"", ""act"": 0.0}, {""tk"": ""established"", ""act"": 0.0}]"
0_44489,0,44489,relationship: the person who established a company is its founder,relationship,1,0.0,0.0,semantic,"[{""token"": ""relationship"", ""index"": 1, ""distance"": 0, ""direction"": ""self""}]",n/a,Relationship,,1.0,False,,(is) related,"[{""tk"": ""is"", ""act"": 0.0}, {""tk"": ""the"", ""act"": 0.0}, {""tk"": ""iPhone"", ""act"": 0.0}, {""tk"": ""technology"", ""act"": 0.0}, {""tk"": ""company"", ""act"": 0.0}, {""tk"": ""Apple"", ""act"": 0.0}, {""tk"": ""founder"", ""act"": 0.0}, {""tk"": ""of"", ""act"": 0.0}, {""tk"": ""Steve"", ""act"": 0.0}, {""tk"": ""Jobs"", ""act"": 0.0}, {""tk"": ""who"", ""act"": 0.0}, {""tk"": ""started"", ""act"": 0.0}, {""tk"": ""called"", ""act"": 0.0}, {""tk"": ""established"", ""act"": 0.0}]"
0_46475,0,46475,relationship: the person who established a company is its founder,relationship,1,0.0,0.0,semantic,"[{""token"": ""relationship"", ""index"": 1, ""distance"": 0, ""direction"": ""self""}]",n/a,Relationship,,1.0,False,,(is) related,"[{""tk"": ""is"", ""act"": 0.0}, {""tk"": ""the"", ""act"": 0.0}, {""tk"": ""iPhone"", ""act"": 0.0}, {""tk"": ""technology"", ""act"": 0.0}, {""tk"": ""company"", ""act"": 0.0}, {""tk"": ""Apple"", ""act"": 0.0}, {""tk"": ""founder"", ""act"": 0.0}, {""tk"": ""of"", ""act"": 0.0}, {""tk"": ""Steve"", ""act"": 0.0}, {""tk"": ""Jobs"", ""act"": 0.0}, {""tk"": ""who"", ""act"": 0.0}, {""tk"": ""started"", ""act"": 0.0}, {""tk"": ""called"", ""act"": 0.0}, {""tk"": ""established"", ""act"": 0.0}]"
0_46816,0,46816,relationship: the person who established a company is its founder,relationship,1,0.0,0.0,semantic,"[{""token"": ""relationship"", ""index"": 1, ""distance"": 0, ""direction"": ""self""}]",n/a,Semantic,Dictionary,1.0,False,,iphone,"[{""tk"": ""iPhone"", ""act"": 12.007062911987305}, {""tk"": ""is"", ""act"": 0.0}, {""tk"": ""the"", ""act"": 0.0}, {""tk"": ""technology"", ""act"": 0.0}, {""tk"": ""company"", ""act"": 0.0}, {""tk"": ""Apple"", ""act"": 0.0}, {""tk"": ""founder"", ""act"": 0.0}, {""tk"": ""of"", ""act"": 0.0}, {""tk"": ""Steve"", ""act"": 0.0}, {""tk"": ""Jobs"", ""act"": 0.0}, {""tk"": ""who"", ""act"": 0.0}, {""tk"": ""started"", ""act"": 0.0}, {""tk"": ""called"", ""act"": 0.0}, {""tk"": ""established"", ""act"": 0.0}]"
0_47726,0,47726,relationship: the person who established a company is its founder,relationship,1,0.0,0.0,semantic,"[{""token"": ""relationship"", ""index"": 1, ""distance"": 0, ""direction"": ""self""}]",n/a,Semantic,Dictionary,1.0,False,,iphone,"[{""tk"": ""iPhone"", ""act"": 10.73161506652832}, {""tk"": ""is"", ""act"": 0.0}, {""tk"": ""the"", ""act"": 0.0}, {""tk"": ""technology"", ""act"": 0.0}, {""tk"": ""company"", ""act"": 0.0}, {""tk"": ""Apple"", ""act"": 0.0}, {""tk"": ""founder"", ""act"": 0.0}, {""tk"": ""of"", ""act"": 0.0}, {""tk"": ""Steve"", ""act"": 0.0}, {""tk"": ""Jobs"", ""act"": 0.0}, {""tk"": ""who"", ""act"": 0.0}, {""tk"": ""started"", ""act"": 0.0}, {""tk"": ""called"", ""act"": 0.0}, {""tk"": ""established"", ""act"": 0.0}]"
0_47894,0,47894,relationship: the person who established a company is its founder,relationship,1,0.0,0.0,semantic,"[{""token"": ""relationship"", ""index"": 1, ""distance"": 0, ""direction"": ""self""}]",n/a,Relationship,,1.0,False,,(is) related,"[{""tk"": ""is"", ""act"": 0.0}, {""tk"": ""the"", ""act"": 0.0}, {""tk"": ""iPhone"", ""act"": 0.0}, {""tk"": ""technology"", ""act"": 0.0}, {""tk"": ""company"", ""act"": 0.0}, {""tk"": ""Apple"", ""act"": 0.0}, {""tk"": ""founder"", ""act"": 0.0}, {""tk"": ""of"", ""act"": 0.0}, {""tk"": ""Steve"", ""act"": 0.0}, {""tk"": ""Jobs"", ""act"": 0.0}, {""tk"": ""who"", ""act"": 0.0}, {""tk"": ""started"", ""act"": 0.0}, {""tk"": ""called"", ""act"": 0.0}, {""tk"": ""established"", ""act"": 0.0}]"
0_54198,0,54198,relationship: the person who established a company is its founder,relationship,1,0.0,0.0,semantic,"[{""token"": ""relationship"", ""index"": 1, ""distance"": 0, ""direction"": ""self""}]",n/a,Semantic,Dictionary (fallback),0.9,False,,The,"[{""tk"": ""The"", ""act"": 58.90497970581055}, {""tk"": ""is"", ""act"": 0.0}, {""tk"": ""iPhone"", ""act"": 0.0}, {""tk"": ""technology"", ""act"": 0.0}, {""tk"": ""company"", ""act"": 0.0}, {""tk"": ""Apple"", ""act"": 0.0}, {""tk"": ""founder"", ""act"": 0.0}, {""tk"": ""of"", ""act"": 0.0}, {""tk"": ""Steve"", ""act"": 0.0}, {""tk"": ""Jobs"", ""act"": 0.0}, {""tk"": ""who"", ""act"": 0.0}, {""tk"": ""started"", ""act"": 0.0}, {""tk"": ""called"", ""act"": 0.0}, {""tk"": ""established"", ""act"": 0.0}]"
0_54572,0,54572,relationship: the person who established a company is its founder,relationship,1,0.0,0.0,semantic,"[{""token"": ""relationship"", ""index"": 1, ""distance"": 0, ""direction"": ""self""}]",n/a,Semantic,Dictionary (fallback),0.9,False,,The,"[{""tk"": ""The"", ""act"": 30.52366828918457}, {""tk"": ""is"", ""act"": 0.0}, {""tk"": ""iPhone"", ""act"": 0.0}, {""tk"": ""technology"", ""act"": 0.0}, {""tk"": ""company"", ""act"": 0.0}, {""tk"": ""Apple"", ""act"": 0.0}, {""tk"": ""founder"", ""act"": 0.0}, {""tk"": ""of"", ""act"": 0.0}, {""tk"": ""Steve"", ""act"": 0.0}, {""tk"": ""Jobs"", ""act"": 0.0}, {""tk"": ""who"", ""act"": 0.0}, {""tk"": ""started"", ""act"": 0.0}, {""tk"": ""called"", ""act"": 0.0}, {""tk"": ""established"", ""act"": 0.0}]"
0_56575,0,56575,relationship: the person who established a company is its founder,relationship,1,0.0,0.0,semantic,"[{""token"": ""relationship"", ""index"": 1, ""distance"": 0, ""direction"": ""self""}]",n/a,Semantic,Dictionary,1.0,False,,started,"[{""tk"": ""started"", ""act"": 11.946228981018066}, {""tk"": ""is"", ""act"": 0.0}, {""tk"": ""the"", ""act"": 0.0}, {""tk"": ""iPhone"", ""act"": 0.0}, {""tk"": ""technology"", ""act"": 0.0}, {""tk"": ""company"", ""act"": 0.0}, {""tk"": ""Apple"", ""act"": 0.0}, {""tk"": ""founder"", ""act"": 0.0}, {""tk"": ""of"", ""act"": 0.0}, {""tk"": ""Steve"", ""act"": 0.0}, {""tk"": ""Jobs"", ""act"": 0.0}, {""tk"": ""who"", ""act"": 0.0}, {""tk"": ""called"", ""act"": 0.0}, {""tk"": ""established"", ""act"": 0.0}]"
0_58439,0,58439,relationship: the person who established a company is its founder,relationship,1,0.0,0.0,semantic,"[{""token"": ""relationship"", ""index"": 1, ""distance"": 0, ""direction"": ""self""}]",n/a,Semantic,Dictionary,1.0,False,,iphone,"[{""tk"": ""iPhone"", ""act"": 7.56377649307251}, {""tk"": ""is"", ""act"": 0.0}, {""tk"": ""the"", ""act"": 0.0}, {""tk"": ""technology"", ""act"": 0.0}, {""tk"": ""company"", ""act"": 0.0}, {""tk"": ""Apple"", ""act"": 0.0}, {""tk"": ""founder"", ""act"": 0.0}, {""tk"": ""of"", ""act"": 0.0}, {""tk"": ""Steve"", ""act"": 0.0}, {""tk"": ""Jobs"", ""act"": 0.0}, {""tk"": ""who"", ""act"": 0.0}, {""tk"": ""started"", ""act"": 0.0}, {""tk"": ""called"", ""act"": 0.0}, {""tk"": ""established"", ""act"": 0.0}]"
0_58540,0,58540,relationship: the person who established a company is its founder,relationship,1,0.0,0.0,semantic,"[{""token"": ""relationship"", ""index"": 1, ""distance"": 0, ""direction"": ""self""}]",n/a,Relationship,,1.0,False,,(is) related,"[{""tk"": ""is"", ""act"": 0.0}, {""tk"": ""the"", ""act"": 0.0}, {""tk"": ""iPhone"", ""act"": 0.0}, {""tk"": ""technology"", ""act"": 0.0}, {""tk"": ""company"", ""act"": 0.0}, {""tk"": ""Apple"", ""act"": 0.0}, {""tk"": ""founder"", ""act"": 0.0}, {""tk"": ""of"", ""act"": 0.0}, {""tk"": ""Steve"", ""act"": 0.0}, {""tk"": ""Jobs"", ""act"": 0.0}, {""tk"": ""who"", ""act"": 0.0}, {""tk"": ""started"", ""act"": 0.0}, {""tk"": ""called"", ""act"": 0.0}, {""tk"": ""established"", ""act"": 0.0}]"
0_60856,0,60856,relationship: the person who established a company is its founder,relationship,1,0.0,0.0,semantic,"[{""token"": ""relationship"", ""index"": 1, ""distance"": 0, ""direction"": ""self""}]",n/a,Semantic,Dictionary,1.0,False,,iphone,"[{""tk"": ""iPhone"", ""act"": 11.922277450561523}, {""tk"": ""is"", ""act"": 0.0}, {""tk"": ""the"", ""act"": 0.0}, {""tk"": ""technology"", ""act"": 0.0}, {""tk"": ""company"", ""act"": 0.0}, {""tk"": ""Apple"", ""act"": 0.0}, {""tk"": ""founder"", ""act"": 0.0}, {""tk"": ""of"", ""act"": 0.0}, {""tk"": ""Steve"", ""act"": 0.0}, {""tk"": ""Jobs"", ""act"": 0.0}, {""tk"": ""who"", ""act"": 0.0}, {""tk"": ""started"", ""act"": 0.0}, {""tk"": ""called"", ""act"": 0.0}, {""tk"": ""established"", ""act"": 0.0}]"
0_65721,0,65721,relationship: the person who established a company is its founder,relationship,1,0.0,0.0,semantic,"[{""token"": ""relationship"", ""index"": 1, ""distance"": 0, ""direction"": ""self""}]",n/a,Relationship,,1.0,False,,(is) related,"[{""tk"": ""is"", ""act"": 0.0}, {""tk"": ""the"", ""act"": 0.0}, {""tk"": ""iPhone"", ""act"": 0.0}, {""tk"": ""technology"", ""act"": 0.0}, {""tk"": ""company"", ""act"": 0.0}, {""tk"": ""Apple"", ""act"": 0.0}, {""tk"": ""founder"", ""act"": 0.0}, {""tk"": ""of"", ""act"": 0.0}, {""tk"": ""Steve"", ""act"": 0.0}, {""tk"": ""Jobs"", ""act"": 0.0}, {""tk"": ""who"", ""act"": 0.0}, {""tk"": ""started"", ""act"": 0.0}, {""tk"": ""called"", ""act"": 0.0}, {""tk"": ""established"", ""act"": 0.0}]"
0_66850,0,66850,relationship: the person who established a company is its founder,relationship,1,0.0,0.0,semantic,"[{""token"": ""relationship"", ""index"": 1, ""distance"": 0, ""direction"": ""self""}]",n/a,Semantic,Dictionary,1.0,False,,iphone,"[{""tk"": ""iPhone"", ""act"": 9.210744857788086}, {""tk"": ""is"", ""act"": 0.0}, {""tk"": ""the"", ""act"": 0.0}, {""tk"": ""technology"", ""act"": 0.0}, {""tk"": ""company"", ""act"": 0.0}, {""tk"": ""Apple"", ""act"": 0.0}, {""tk"": ""founder"", ""act"": 0.0}, {""tk"": ""of"", ""act"": 0.0}, {""tk"": ""Steve"", ""act"": 0.0}, {""tk"": ""Jobs"", ""act"": 0.0}, {""tk"": ""who"", ""act"": 0.0}, {""tk"": ""started"", ""act"": 0.0}, {""tk"": ""called"", ""act"": 0.0}, {""tk"": ""established"", ""act"": 0.0}]"
0_67902,0,67902,relationship: the person who established a company is its founder,relationship,1,0.0,0.0,semantic,"[{""token"": ""relationship"", ""index"": 1, ""distance"": 0, ""direction"": ""self""}]",n/a,Relationship,,1.0,False,,(is) related,"[{""tk"": ""is"", ""act"": 0.0}, {""tk"": ""the"", ""act"": 0.0}, {""tk"": ""iPhone"", ""act"": 0.0}, {""tk"": ""technology"", ""act"": 0.0}, {""tk"": ""company"", ""act"": 0.0}, {""tk"": ""Apple"", ""act"": 0.0}, {""tk"": ""founder"", ""act"": 0.0}, {""tk"": ""of"", ""act"": 0.0}, {""tk"": ""Steve"", ""act"": 0.0}, {""tk"": ""Jobs"", ""act"": 0.0}, {""tk"": ""who"", ""act"": 0.0}, {""tk"": ""started"", ""act"": 0.0}, {""tk"": ""called"", ""act"": 0.0}, {""tk"": ""established"", ""act"": 0.0}]"
0_69165,0,69165,relationship: the person who established a company is its founder,relationship,1,0.0,0.0,semantic,"[{""token"": ""relationship"", ""index"": 1, ""distance"": 0, ""direction"": ""self""}]",n/a,Semantic,Dictionary (fallback),0.9,False,,iphone,"[{""tk"": ""iPhone"", ""act"": 11.86459732055664}, {""tk"": ""Apple"", ""act"": 11.209722518920898}, {""tk"": ""is"", ""act"": 0.0}, {""tk"": ""the"", ""act"": 0.0}, {""tk"": ""technology"", ""act"": 0.0}, {""tk"": ""company"", ""act"": 0.0}, {""tk"": ""founder"", ""act"": 0.0}, {""tk"": ""of"", ""act"": 0.0}, {""tk"": ""Steve"", ""act"": 0.0}, {""tk"": ""Jobs"", ""act"": 0.0}, {""tk"": ""who"", ""act"": 0.0}, {""tk"": ""started"", ""act"": 0.0}, {""tk"": ""called"", ""act"": 0.0}, {""tk"": ""established"", ""act"": 0.0}]"
0_71189,0,71189,relationship: the person who established a company is its founder,relationship,1,0.0,0.0,semantic,"[{""token"": ""relationship"", ""index"": 1, ""distance"": 0, ""direction"": ""self""}]",n/a,Relationship,,1.0,False,,(is) related,"[{""tk"": ""is"", ""act"": 0.0}, {""tk"": ""the"", ""act"": 0.0}, {""tk"": ""iPhone"", ""act"": 0.0}, {""tk"": ""technology"", ""act"": 0.0}, {""tk"": ""company"", ""act"": 0.0}, {""tk"": ""Apple"", ""act"": 0.0}, {""tk"": ""founder"", ""act"": 0.0}, {""tk"": ""of"", ""act"": 0.0}, {""tk"": ""Steve"", ""act"": 0.0}, {""tk"": ""Jobs"", ""act"": 0.0}, {""tk"": ""who"", ""act"": 0.0}, {""tk"": ""started"", ""act"": 0.0}, {""tk"": ""called"", ""act"": 0.0}, {""tk"": ""established"", ""act"": 0.0}]"
0_71287,0,71287,relationship: the person who established a company is its founder,relationship,1,0.0,0.0,semantic,"[{""token"": ""relationship"", ""index"": 1, ""distance"": 0, ""direction"": ""self""}]",n/a,Relationship,,1.0,False,,(is) related,"[{""tk"": ""is"", ""act"": 0.0}, {""tk"": ""the"", ""act"": 0.0}, {""tk"": ""iPhone"", ""act"": 0.0}, {""tk"": ""technology"", ""act"": 0.0}, {""tk"": ""company"", ""act"": 0.0}, {""tk"": ""Apple"", ""act"": 0.0}, {""tk"": ""founder"", ""act"": 0.0}, {""tk"": ""of"", ""act"": 0.0}, {""tk"": ""Steve"", ""act"": 0.0}, {""tk"": ""Jobs"", ""act"": 0.0}, {""tk"": ""who"", ""act"": 0.0}, {""tk"": ""started"", ""act"": 0.0}, {""tk"": ""called"", ""act"": 0.0}, {""tk"": ""established"", ""act"": 0.0}]"
0_72628,0,72628,relationship: the person who established a company is its founder,relationship,1,0.0,0.0,semantic,"[{""token"": ""relationship"", ""index"": 1, ""distance"": 0, ""direction"": ""self""}]",n/a,Semantic,Dictionary,1.0,False,,iphone,"[{""tk"": ""iPhone"", ""act"": 13.571720123291016}, {""tk"": ""is"", ""act"": 0.0}, {""tk"": ""the"", ""act"": 0.0}, {""tk"": ""technology"", ""act"": 0.0}, {""tk"": ""company"", ""act"": 0.0}, {""tk"": ""Apple"", ""act"": 0.0}, {""tk"": ""founder"", ""act"": 0.0}, {""tk"": ""of"", ""act"": 0.0}, {""tk"": ""Steve"", ""act"": 0.0}, {""tk"": ""Jobs"", ""act"": 0.0}, {""tk"": ""who"", ""act"": 0.0}, {""tk"": ""started"", ""act"": 0.0}, {""tk"": ""called"", ""act"": 0.0}, {""tk"": ""established"", ""act"": 0.0}]"
0_79311,0,79311,relationship: the person who established a company is its founder,relationship,1,0.0,0.0,semantic,"[{""token"": ""relationship"", ""index"": 1, ""distance"": 0, ""direction"": ""self""}]",n/a,Relationship,,1.0,False,,(is) related,"[{""tk"": ""is"", ""act"": 0.0}, {""tk"": ""the"", ""act"": 0.0}, {""tk"": ""iPhone"", ""act"": 0.0}, {""tk"": ""technology"", ""act"": 0.0}, {""tk"": ""company"", ""act"": 0.0}, {""tk"": ""Apple"", ""act"": 0.0}, {""tk"": ""founder"", ""act"": 0.0}, {""tk"": ""of"", ""act"": 0.0}, {""tk"": ""Steve"", ""act"": 0.0}, {""tk"": ""Jobs"", ""act"": 0.0}, {""tk"": ""who"", ""act"": 0.0}, {""tk"": ""started"", ""act"": 0.0}, {""tk"": ""called"", ""act"": 0.0}, {""tk"": ""established"", ""act"": 0.0}]"
0_79557,0,79557,relationship: the person who established a company is its founder,relationship,1,0.0,0.0,semantic,"[{""token"": ""relationship"", ""index"": 1, ""distance"": 0, ""direction"": ""self""}]",n/a,Relationship,,1.0,False,,(is) related,"[{""tk"": ""is"", ""act"": 0.0}, {""tk"": ""the"", ""act"": 0.0}, {""tk"": ""iPhone"", ""act"": 0.0}, {""tk"": ""technology"", ""act"": 0.0}, {""tk"": ""company"", ""act"": 0.0}, {""tk"": ""Apple"", ""act"": 0.0}, {""tk"": ""founder"", ""act"": 0.0}, {""tk"": ""of"", ""act"": 0.0}, {""tk"": ""Steve"", ""act"": 0.0}, {""tk"": ""Jobs"", ""act"": 0.0}, {""tk"": ""who"", ""act"": 0.0}, {""tk"": ""started"", ""act"": 0.0}, {""tk"": ""called"", ""act"": 0.0}, {""tk"": ""established"", ""act"": 0.0}]"
0_80278,0,80278,relationship: the person who established a company is its founder,relationship,1,0.0,0.0,semantic,"[{""token"": ""relationship"", ""index"": 1, ""distance"": 0, ""direction"": ""self""}]",n/a,Relationship,,1.0,False,,(is) related,"[{""tk"": ""is"", ""act"": 0.0}, {""tk"": ""the"", ""act"": 0.0}, {""tk"": ""iPhone"", ""act"": 0.0}, {""tk"": ""technology"", ""act"": 0.0}, {""tk"": ""company"", ""act"": 0.0}, {""tk"": ""Apple"", ""act"": 0.0}, {""tk"": ""founder"", ""act"": 0.0}, {""tk"": ""of"", ""act"": 0.0}, {""tk"": ""Steve"", ""act"": 0.0}, {""tk"": ""Jobs"", ""act"": 0.0}, {""tk"": ""who"", ""act"": 0.0}, {""tk"": ""started"", ""act"": 0.0}, {""tk"": ""called"", ""act"": 0.0}, {""tk"": ""established"", ""act"": 0.0}]"
0_81040,0,81040,relationship: the person who established a company is its founder,relationship,1,0.0,0.0,semantic,"[{""token"": ""relationship"", ""index"": 1, ""distance"": 0, ""direction"": ""self""}]",n/a,Relationship,,1.0,False,,(is) related,"[{""tk"": ""is"", ""act"": 0.0}, {""tk"": ""the"", ""act"": 0.0}, {""tk"": ""iPhone"", ""act"": 0.0}, {""tk"": ""technology"", ""act"": 0.0}, {""tk"": ""company"", ""act"": 0.0}, {""tk"": ""Apple"", ""act"": 0.0}, {""tk"": ""founder"", ""act"": 0.0}, {""tk"": ""of"", ""act"": 0.0}, {""tk"": ""Steve"", ""act"": 0.0}, {""tk"": ""Jobs"", ""act"": 0.0}, {""tk"": ""who"", ""act"": 0.0}, {""tk"": ""started"", ""act"": 0.0}, {""tk"": ""called"", ""act"": 0.0}, {""tk"": ""established"", ""act"": 0.0}]"
0_81224,0,81224,relationship: the person who established a company is its founder,relationship,1,0.0,0.0,semantic,"[{""token"": ""relationship"", ""index"": 1, ""distance"": 0, ""direction"": ""self""}]",n/a,Semantic,Dictionary,1.0,False,,iphone,"[{""tk"": ""iPhone"", ""act"": 13.222972869873047}, {""tk"": ""is"", ""act"": 0.0}, {""tk"": ""the"", ""act"": 0.0}, {""tk"": ""technology"", ""act"": 0.0}, {""tk"": ""company"", ""act"": 0.0}, {""tk"": ""Apple"", ""act"": 0.0}, {""tk"": ""founder"", ""act"": 0.0}, {""tk"": ""of"", ""act"": 0.0}, {""tk"": ""Steve"", ""act"": 0.0}, {""tk"": ""Jobs"", ""act"": 0.0}, {""tk"": ""who"", ""act"": 0.0}, {""tk"": ""started"", ""act"": 0.0}, {""tk"": ""called"", ""act"": 0.0}, {""tk"": ""established"", ""act"": 0.0}]"
0_87647,0,87647,relationship: the person who established a company is its founder,relationship,1,0.0,0.0,semantic,"[{""token"": ""relationship"", ""index"": 1, ""distance"": 0, ""direction"": ""self""}]",n/a,Relationship,,1.0,False,,(is) related,"[{""tk"": ""is"", ""act"": 0.0}, {""tk"": ""the"", ""act"": 0.0}, {""tk"": ""iPhone"", ""act"": 0.0}, {""tk"": ""technology"", ""act"": 0.0}, {""tk"": ""company"", ""act"": 0.0}, {""tk"": ""Apple"", ""act"": 0.0}, {""tk"": ""founder"", ""act"": 0.0}, {""tk"": ""of"", ""act"": 0.0}, {""tk"": ""Steve"", ""act"": 0.0}, {""tk"": ""Jobs"", ""act"": 0.0}, {""tk"": ""who"", ""act"": 0.0}, {""tk"": ""started"", ""act"": 0.0}, {""tk"": ""called"", ""act"": 0.0}, {""tk"": ""established"", ""act"": 0.0}]"
0_89546,0,89546,relationship: the person who established a company is its founder,relationship,1,0.0,0.0,semantic,"[{""token"": ""relationship"", ""index"": 1, ""distance"": 0, ""direction"": ""self""}]",n/a,Relationship,,1.0,False,,(is) related,"[{""tk"": ""is"", ""act"": 0.0}, {""tk"": ""the"", ""act"": 0.0}, {""tk"": ""iPhone"", ""act"": 0.0}, {""tk"": ""technology"", ""act"": 0.0}, {""tk"": ""company"", ""act"": 0.0}, {""tk"": ""Apple"", ""act"": 0.0}, {""tk"": ""founder"", ""act"": 0.0}, {""tk"": ""of"", ""act"": 0.0}, {""tk"": ""Steve"", ""act"": 0.0}, {""tk"": ""Jobs"", ""act"": 0.0}, {""tk"": ""who"", ""act"": 0.0}, {""tk"": ""started"", ""act"": 0.0}, {""tk"": ""called"", ""act"": 0.0}, {""tk"": ""established"", ""act"": 0.0}]"
0_91637,0,91637,relationship: the person who established a company is its founder,relationship,1,0.0,0.0,semantic,"[{""token"": ""relationship"", ""index"": 1, ""distance"": 0, ""direction"": ""self""}]",n/a,Semantic,Dictionary (fallback),0.9,False,,Apple,"[{""tk"": ""Apple"", ""act"": 11.162574768066406}, {""tk"": ""iPhone"", ""act"": 10.118509292602539}, {""tk"": ""is"", ""act"": 0.0}, {""tk"": ""the"", ""act"": 0.0}, {""tk"": ""technology"", ""act"": 0.0}, {""tk"": ""company"", ""act"": 0.0}, {""tk"": ""founder"", ""act"": 0.0}, {""tk"": ""of"", ""act"": 0.0}, {""tk"": ""Steve"", ""act"": 0.0}, {""tk"": ""Jobs"", ""act"": 0.0}, {""tk"": ""who"", ""act"": 0.0}, {""tk"": ""started"", ""act"": 0.0}, {""tk"": ""called"", ""act"": 0.0}, {""tk"": ""established"", ""act"": 0.0}]"
0_92510,0,92510,relationship: the person who established a company is its founder,relationship,1,0.0,0.0,semantic,"[{""token"": ""relationship"", ""index"": 1, ""distance"": 0, ""direction"": ""self""}]",n/a,Semantic,Dictionary,1.0,False,,iphone,"[{""tk"": ""iPhone"", ""act"": 5.416934967041016}, {""tk"": ""is"", ""act"": 0.0}, {""tk"": ""the"", ""act"": 0.0}, {""tk"": ""technology"", ""act"": 0.0}, {""tk"": ""company"", ""act"": 0.0}, {""tk"": ""Apple"", ""act"": 0.0}, {""tk"": ""founder"", ""act"": 0.0}, {""tk"": ""of"", ""act"": 0.0}, {""tk"": ""Steve"", ""act"": 0.0}, {""tk"": ""Jobs"", ""act"": 0.0}, {""tk"": ""who"", ""act"": 0.0}, {""tk"": ""started"", ""act"": 0.0}, {""tk"": ""called"", ""act"": 0.0}, {""tk"": ""established"", ""act"": 0.0}]"
0_95082,0,95082,relationship: the person who established a company is its founder,relationship,1,0.0,0.0,semantic,"[{""token"": ""relationship"", ""index"": 1, ""distance"": 0, ""direction"": ""self""}]",n/a,Relationship,,1.0,False,,(is) related,"[{""tk"": ""is"", ""act"": 0.0}, {""tk"": ""the"", ""act"": 0.0}, {""tk"": ""iPhone"", ""act"": 0.0}, {""tk"": ""technology"", ""act"": 0.0}, {""tk"": ""company"", ""act"": 0.0}, {""tk"": ""Apple"", ""act"": 0.0}, {""tk"": ""founder"", ""act"": 0.0}, {""tk"": ""of"", ""act"": 0.0}, {""tk"": ""Steve"", ""act"": 0.0}, {""tk"": ""Jobs"", ""act"": 0.0}, {""tk"": ""who"", ""act"": 0.0}, {""tk"": ""started"", ""act"": 0.0}, {""tk"": ""called"", ""act"": 0.0}, {""tk"": ""established"", ""act"": 0.0}]"
0_95200,0,95200,relationship: the person who established a company is its founder,relationship,1,0.0,0.0,semantic,"[{""token"": ""relationship"", ""index"": 1, ""distance"": 0, ""direction"": ""self""}]",n/a,Relationship,,1.0,False,,(is) related,"[{""tk"": ""is"", ""act"": 0.0}, {""tk"": ""the"", ""act"": 0.0}, {""tk"": ""iPhone"", ""act"": 0.0}, {""tk"": ""technology"", ""act"": 0.0}, {""tk"": ""company"", ""act"": 0.0}, {""tk"": ""Apple"", ""act"": 0.0}, {""tk"": ""founder"", ""act"": 0.0}, {""tk"": ""of"", ""act"": 0.0}, {""tk"": ""Steve"", ""act"": 0.0}, {""tk"": ""Jobs"", ""act"": 0.0}, {""tk"": ""who"", ""act"": 0.0}, {""tk"": ""started"", ""act"": 0.0}, {""tk"": ""called"", ""act"": 0.0}, {""tk"": ""established"", ""act"": 0.0}]"
0_95889,0,95889,relationship: the person who established a company is its founder,relationship,1,0.0,0.0,semantic,"[{""token"": ""relationship"", ""index"": 1, ""distance"": 0, ""direction"": ""self""}]",n/a,Semantic,Dictionary,1.0,False,,iphone,"[{""tk"": ""iPhone"", ""act"": 19.28626251220703}, {""tk"": ""is"", ""act"": 0.0}, {""tk"": ""the"", ""act"": 0.0}, {""tk"": ""technology"", ""act"": 0.0}, {""tk"": ""company"", ""act"": 0.0}, {""tk"": ""Apple"", ""act"": 0.0}, {""tk"": ""founder"", ""act"": 0.0}, {""tk"": ""of"", ""act"": 0.0}, {""tk"": ""Steve"", ""act"": 0.0}, {""tk"": ""Jobs"", ""act"": 0.0}, {""tk"": ""who"", ""act"": 0.0}, {""tk"": ""started"", ""act"": 0.0}, {""tk"": ""called"", ""act"": 0.0}, {""tk"": ""established"", ""act"": 0.0}]"
1_12928,1,12928,relationship: the person who established a company is its founder,relationship,1,115.0808563232422,0.2229639366071389,semantic,"[{""token"": ""relationship"", ""index"": 1, ""distance"": 0, ""direction"": ""self""}]",n/a,Relationship,,1.0,False,,(company) related,"[{""tk"": ""company"", ""act"": 103.49964904785156}, {""tk"": ""established"", ""act"": 92.58650970458984}, {""tk"": ""iPhone"", ""act"": 90.49929809570312}, {""tk"": ""Steve"", ""act"": 86.70033264160156}, {""tk"": ""founder"", ""act"": 86.57603454589844}, {""tk"": ""the"", ""act"": 86.19105529785156}, {""tk"": ""is"", ""act"": 80.84886169433594}, {""tk"": ""who"", ""act"": 76.71305847167969}, {""tk"": ""Apple"", ""act"": 75.59980010986328}, {""tk"": ""started"", ""act"": 75.0350570678711}, {""tk"": ""technology"", ""act"": 74.70613098144531}, {""tk"": ""Jobs"", ""act"": 70.95344543457031}, {""tk"": ""called"", ""act"": 70.83543395996094}, {""tk"": ""of"", ""act"": 65.76375579833984}]"
1_57794,1,57794,relationship: the person who established a company is its founder,relationship,1,121.06204223632812,0.3076470593897031,semantic,"[{""token"": ""relationship"", ""index"": 1, ""distance"": 0, ""direction"": ""self""}]",n/a,Relationship,,1.0,False,,(founder) related,"[{""tk"": ""founder"", ""act"": 91.56708526611328}, {""tk"": ""The"", ""act"": 90.82074737548828}, {""tk"": ""company"", ""act"": 88.58515930175781}, {""tk"": ""is"", ""act"": 87.5733871459961}, {""tk"": ""iPhone"", ""act"": 87.30318450927734}, {""tk"": ""Steve"", ""act"": 84.86897277832031}, {""tk"": ""called"", ""act"": 83.69468688964844}, {""tk"": ""established"", ""act"": 81.81749725341797}, {""tk"": ""Apple"", ""act"": 81.7845230102539}, {""tk"": ""of"", ""act"": 76.51925659179688}, {""tk"": ""technology"", ""act"": 74.1735610961914}, {""tk"": ""started"", ""act"": 71.23902893066406}, {""tk"": ""who"", ""act"": 66.8528060913086}, {""tk"": ""Jobs"", ""act"": 57.128662109375}]"
1_52044,1,52044,relationship: the person who established a company is its founder, established,6,108.3988800048828,0.2152326933708387,semantic,"[{""token"": "" established"", ""index"": 6, ""distance"": 0, ""direction"": ""self""}]",n/a,Relationship,,1.0,False,,(started) related,"[{""tk"": ""started"", ""act"": 120.04768371582031}, {""tk"": ""called"", ""act"": 115.20313262939453}, {""tk"": ""founder"", ""act"": 114.00474548339844}, {""tk"": ""company"", ""act"": 113.04615020751953}, {""tk"": ""established"", ""act"": 108.39888000488281}, {""tk"": ""who"", ""act"": 107.64916229248047}, {""tk"": ""technology"", ""act"": 96.14112091064453}, {""tk"": ""is"", ""act"": 94.12593841552734}, {""tk"": ""Apple"", ""act"": 92.30553436279297}, {""tk"": ""Jobs"", ""act"": 90.52021789550781}, {""tk"": ""the"", ""act"": 87.14351654052734}, {""tk"": ""Steve"", ""act"": 81.05712127685547}, {""tk"": ""of"", ""act"": 76.76270294189453}, {""tk"": ""iPhone"", ""act"": 75.94082641601562}]"
1_72774,1,72774,relationship: the person who established a company is its founder, who,5,84.22003936767578,0.2380978449749953,functional,"[{""token"": "" established"", ""index"": 6, ""distance"": 1, ""direction"": ""forward""}]",json,Relationship,,1.0,False,,(company) related,"[{""tk"": ""company"", ""act"": 106.63935089111328}, {""tk"": ""started"", ""act"": 98.42762756347656}, {""tk"": ""founder"", ""act"": 94.7982177734375}, {""tk"": ""who"", ""act"": 93.58486938476562}, {""tk"": ""technology"", ""act"": 90.14810943603516}, {""tk"": ""called"", ""act"": 88.46238708496094}, {""tk"": ""Apple"", ""act"": 86.1917724609375}, {""tk"": ""is"", ""act"": 83.7561264038086}, {""tk"": ""Jobs"", ""act"": 83.56375122070312}, {""tk"": ""established"", ""act"": 77.50685119628906}, {""tk"": ""The"", ""act"": 74.08993530273438}, {""tk"": ""Steve"", ""act"": 72.27926635742188}, {""tk"": ""of"", ""act"": 68.65750885009766}, {""tk"": ""iPhone"", ""act"": 59.02979278564453}]"
1_1319,1,1319,relationship: the person who established a company is its founder,relationship,1,0.0,0.0,semantic,"[{""token"": ""relationship"", ""index"": 1, ""distance"": 0, ""direction"": ""self""}]",n/a,Semantic,Dictionary,1.0,False,,iphone,"[{""tk"": ""iPhone"", ""act"": 12.844186782836914}, {""tk"": ""is"", ""act"": 0.0}, {""tk"": ""the"", ""act"": 0.0}, {""tk"": ""technology"", ""act"": 0.0}, {""tk"": ""company"", ""act"": 0.0}, {""tk"": ""Apple"", ""act"": 0.0}, {""tk"": ""founder"", ""act"": 0.0}, {""tk"": ""of"", ""act"": 0.0}, {""tk"": ""Steve"", ""act"": 0.0}, {""tk"": ""Jobs"", ""act"": 0.0}, {""tk"": ""who"", ""act"": 0.0}, {""tk"": ""started"", ""act"": 0.0}, {""tk"": ""called"", ""act"": 0.0}, {""tk"": ""established"", ""act"": 0.0}]"
1_1693,1,1693,relationship: the person who established a company is its founder,relationship,1,0.0,0.0,semantic,"[{""token"": ""relationship"", ""index"": 1, ""distance"": 0, ""direction"": ""self""}]",n/a,Relationship,,1.0,False,,(is) related,"[{""tk"": ""is"", ""act"": 0.0}, {""tk"": ""the"", ""act"": 0.0}, {""tk"": ""iPhone"", ""act"": 0.0}, {""tk"": ""technology"", ""act"": 0.0}, {""tk"": ""company"", ""act"": 0.0}, {""tk"": ""Apple"", ""act"": 0.0}, {""tk"": ""founder"", ""act"": 0.0}, {""tk"": ""of"", ""act"": 0.0}, {""tk"": ""Steve"", ""act"": 0.0}, {""tk"": ""Jobs"", ""act"": 0.0}, {""tk"": ""who"", ""act"": 0.0}, {""tk"": ""started"", ""act"": 0.0}, {""tk"": ""called"", ""act"": 0.0}, {""tk"": ""established"", ""act"": 0.0}]"
1_31678,1,31678,relationship: the person who established a company is its founder,relationship,1,0.0,0.0,semantic,"[{""token"": ""relationship"", ""index"": 1, ""distance"": 0, ""direction"": ""self""}]",n/a,Semantic,Dictionary,1.0,False,,iphone,"[{""tk"": ""iPhone"", ""act"": 16.88176727294922}, {""tk"": ""is"", ""act"": 0.0}, {""tk"": ""the"", ""act"": 0.0}, {""tk"": ""technology"", ""act"": 0.0}, {""tk"": ""company"", ""act"": 0.0}, {""tk"": ""Apple"", ""act"": 0.0}, {""tk"": ""founder"", ""act"": 0.0}, {""tk"": ""of"", ""act"": 0.0}, {""tk"": ""Steve"", ""act"": 0.0}, {""tk"": ""Jobs"", ""act"": 0.0}, {""tk"": ""who"", ""act"": 0.0}, {""tk"": ""started"", ""act"": 0.0}, {""tk"": ""called"", ""act"": 0.0}, {""tk"": ""established"", ""act"": 0.0}]"
1_58469,1,58469,relationship: the person who established a company is its founder,relationship,1,0.0,0.0,semantic,"[{""token"": ""relationship"", ""index"": 1, ""distance"": 0, ""direction"": ""self""}]",n/a,Relationship,,1.0,False,,(is) related,"[{""tk"": ""is"", ""act"": 0.0}, {""tk"": ""the"", ""act"": 0.0}, {""tk"": ""iPhone"", ""act"": 0.0}, {""tk"": ""technology"", ""act"": 0.0}, {""tk"": ""company"", ""act"": 0.0}, {""tk"": ""Apple"", ""act"": 0.0}, {""tk"": ""founder"", ""act"": 0.0}, {""tk"": ""of"", ""act"": 0.0}, {""tk"": ""Steve"", ""act"": 0.0}, {""tk"": ""Jobs"", ""act"": 0.0}, {""tk"": ""who"", ""act"": 0.0}, {""tk"": ""started"", ""act"": 0.0}, {""tk"": ""called"", ""act"": 0.0}, {""tk"": ""established"", ""act"": 0.0}]"
1_66937,1,66937,relationship: the person who established a company is its founder,relationship,1,0.0,0.0,semantic,"[{""token"": ""relationship"", ""index"": 1, ""distance"": 0, ""direction"": ""self""}]",n/a,Semantic,Dictionary (fallback),0.9,False,,Apple,"[{""tk"": ""Apple"", ""act"": 27.83917999267578}, {""tk"": ""iPhone"", ""act"": 5.526341915130615}, {""tk"": ""is"", ""act"": 0.0}, {""tk"": ""the"", ""act"": 0.0}, {""tk"": ""technology"", ""act"": 0.0}, {""tk"": ""company"", ""act"": 0.0}, {""tk"": ""founder"", ""act"": 0.0}, {""tk"": ""of"", ""act"": 0.0}, {""tk"": ""Steve"", ""act"": 0.0}, {""tk"": ""Jobs"", ""act"": 0.0}, {""tk"": ""who"", ""act"": 0.0}, {""tk"": ""started"", ""act"": 0.0}, {""tk"": ""called"", ""act"": 0.0}, {""tk"": ""established"", ""act"": 0.0}]"
1_69838,1,69838,relationship: the person who established a company is its founder,relationship,1,0.0,0.0,semantic,"[{""token"": ""relationship"", ""index"": 1, ""distance"": 0, ""direction"": ""self""}]",n/a,Semantic,Dictionary,1.0,False,,of,"[{""tk"": ""of"", ""act"": 7.127059459686279}, {""tk"": ""is"", ""act"": 0.0}, {""tk"": ""the"", ""act"": 0.0}, {""tk"": ""iPhone"", ""act"": 0.0}, {""tk"": ""technology"", ""act"": 0.0}, {""tk"": ""company"", ""act"": 0.0}, {""tk"": ""Apple"", ""act"": 0.0}, {""tk"": ""founder"", ""act"": 0.0}, {""tk"": ""Steve"", ""act"": 0.0}, {""tk"": ""Jobs"", ""act"": 0.0}, {""tk"": ""who"", ""act"": 0.0}, {""tk"": ""started"", ""act"": 0.0}, {""tk"": ""called"", ""act"": 0.0}, {""tk"": ""established"", ""act"": 0.0}]"
1_94373,1,94373,relationship: the person who established a company is its founder,relationship,1,0.0,0.0,semantic,"[{""token"": ""relationship"", ""index"": 1, ""distance"": 0, ""direction"": ""self""}]",n/a,Semantic,Dictionary,1.0,False,,iphone,"[{""tk"": ""iPhone"", ""act"": 19.97370719909668}, {""tk"": ""is"", ""act"": 0.0}, {""tk"": ""the"", ""act"": 0.0}, {""tk"": ""technology"", ""act"": 0.0}, {""tk"": ""company"", ""act"": 0.0}, {""tk"": ""Apple"", ""act"": 0.0}, {""tk"": ""founder"", ""act"": 0.0}, {""tk"": ""of"", ""act"": 0.0}, {""tk"": ""Steve"", ""act"": 0.0}, {""tk"": ""Jobs"", ""act"": 0.0}, {""tk"": ""who"", ""act"": 0.0}, {""tk"": ""started"", ""act"": 0.0}, {""tk"": ""called"", ""act"": 0.0}, {""tk"": ""established"", ""act"": 0.0}]"
1_97938,1,97938,relationship: the person who established a company is its founder,relationship,1,0.0,0.0,semantic,"[{""token"": ""relationship"", ""index"": 1, ""distance"": 0, ""direction"": ""self""}]",n/a,Semantic,Dictionary,1.0,False,,iphone,"[{""tk"": ""iPhone"", ""act"": 22.150123596191406}, {""tk"": ""is"", ""act"": 0.0}, {""tk"": ""the"", ""act"": 0.0}, {""tk"": ""technology"", ""act"": 0.0}, {""tk"": ""company"", ""act"": 0.0}, {""tk"": ""Apple"", ""act"": 0.0}, {""tk"": ""founder"", ""act"": 0.0}, {""tk"": ""of"", ""act"": 0.0}, {""tk"": ""Steve"", ""act"": 0.0}, {""tk"": ""Jobs"", ""act"": 0.0}, {""tk"": ""who"", ""act"": 0.0}, {""tk"": ""started"", ""act"": 0.0}, {""tk"": ""called"", ""act"": 0.0}, {""tk"": ""established"", ""act"": 0.0}]"
1_98014,1,98014,relationship: the person who established a company is its founder,relationship,1,0.0,0.0,semantic,"[{""token"": ""relationship"", ""index"": 1, ""distance"": 0, ""direction"": ""self""}]",n/a,Semantic,Dictionary,1.0,False,,iphone,"[{""tk"": ""iPhone"", ""act"": 14.453958511352539}, {""tk"": ""is"", ""act"": 0.0}, {""tk"": ""the"", ""act"": 0.0}, {""tk"": ""technology"", ""act"": 0.0}, {""tk"": ""company"", ""act"": 0.0}, {""tk"": ""Apple"", ""act"": 0.0}, {""tk"": ""founder"", ""act"": 0.0}, {""tk"": ""of"", ""act"": 0.0}, {""tk"": ""Steve"", ""act"": 0.0}, {""tk"": ""Jobs"", ""act"": 0.0}, {""tk"": ""who"", ""act"": 0.0}, {""tk"": ""started"", ""act"": 0.0}, {""tk"": ""called"", ""act"": 0.0}, {""tk"": ""established"", ""act"": 0.0}]"
2_42519,2,42519,relationship: the person who established a company is its founder, who,5,15.062068939208984,0.9090909090909092,functional,"[{""token"": "" established"", ""index"": 6, ""distance"": 1, ""direction"": ""forward""}]",json,Semantic,Dictionary,1.0,False,,who,"[{""tk"": ""who"", ""act"": 15.062068939208984}, {""tk"": ""is"", ""act"": 0.0}, {""tk"": ""the"", ""act"": 0.0}, {""tk"": ""iPhone"", ""act"": 0.0}, {""tk"": ""technology"", ""act"": 0.0}, {""tk"": ""company"", ""act"": 0.0}, {""tk"": ""Apple"", ""act"": 0.0}, {""tk"": ""founder"", ""act"": 0.0}, {""tk"": ""of"", ""act"": 0.0}, {""tk"": ""Steve"", ""act"": 0.0}, {""tk"": ""Jobs"", ""act"": 0.0}, {""tk"": ""started"", ""act"": 0.0}, {""tk"": ""called"", ""act"": 0.0}, {""tk"": ""established"", ""act"": 0.0}]"
2_79904,2,79904,relationship: the person who established a company is its founder, established,6,8.485861778259277,0.9090909090909092,semantic,"[{""token"": "" established"", ""index"": 6, ""distance"": 0, ""direction"": ""self""}]",n/a,Semantic,Dictionary (fallback),0.9,False,,started,"[{""tk"": ""started"", ""act"": 11.334894180297852}, {""tk"": ""established"", ""act"": 8.485861778259277}, {""tk"": ""is"", ""act"": 0.0}, {""tk"": ""the"", ""act"": 0.0}, {""tk"": ""iPhone"", ""act"": 0.0}, {""tk"": ""technology"", ""act"": 0.0}, {""tk"": ""company"", ""act"": 0.0}, {""tk"": ""Apple"", ""act"": 0.0}, {""tk"": ""founder"", ""act"": 0.0}, {""tk"": ""of"", ""act"": 0.0}, {""tk"": ""Steve"", ""act"": 0.0}, {""tk"": ""Jobs"", ""act"": 0.0}, {""tk"": ""who"", ""act"": 0.0}, {""tk"": ""called"", ""act"": 0.0}]"
2_49383,2,49383,relationship: the person who established a company is its founder, founder,11,4.692783832550049,0.909090909090909,semantic,"[{""token"": "" founder"", ""index"": 11, ""distance"": 0, ""direction"": ""self""}]",n/a,Semantic,Dictionary,1.0,False,,founder,"[{""tk"": ""founder"", ""act"": 8.838245391845703}, {""tk"": ""is"", ""act"": 0.0}, {""tk"": ""the"", ""act"": 0.0}, {""tk"": ""iPhone"", ""act"": 0.0}, {""tk"": ""technology"", ""act"": 0.0}, {""tk"": ""company"", ""act"": 0.0}, {""tk"": ""Apple"", ""act"": 0.0}, {""tk"": ""of"", ""act"": 0.0}, {""tk"": ""Steve"", ""act"": 0.0}, {""tk"": ""Jobs"", ""act"": 0.0}, {""tk"": ""who"", ""act"": 0.0}, {""tk"": ""started"", ""act"": 0.0}, {""tk"": ""called"", ""act"": 0.0}, {""tk"": ""established"", ""act"": 0.0}]"
2_20615,2,20615,relationship: the person who established a company is its founder,relationship,1,0.0,0.0,semantic,"[{""token"": ""relationship"", ""index"": 1, ""distance"": 0, ""direction"": ""self""}]",n/a,Semantic,Dictionary (fallback),0.9,False,,iphone,"[{""tk"": ""iPhone"", ""act"": 34.026004791259766}, {""tk"": ""Apple"", ""act"": 21.881959915161133}, {""tk"": ""is"", ""act"": 0.0}, {""tk"": ""the"", ""act"": 0.0}, {""tk"": ""technology"", ""act"": 0.0}, {""tk"": ""company"", ""act"": 0.0}, {""tk"": ""founder"", ""act"": 0.0}, {""tk"": ""of"", ""act"": 0.0}, {""tk"": ""Steve"", ""act"": 0.0}, {""tk"": ""Jobs"", ""act"": 0.0}, {""tk"": ""who"", ""act"": 0.0}, {""tk"": ""started"", ""act"": 0.0}, {""tk"": ""called"", ""act"": 0.0}, {""tk"": ""established"", ""act"": 0.0}]"
2_35295,2,35295,relationship: the person who established a company is its founder,relationship,1,0.0,0.0,semantic,"[{""token"": ""relationship"", ""index"": 1, ""distance"": 0, ""direction"": ""self""}]",n/a,Relationship,,1.0,False,,(is) related,"[{""tk"": ""is"", ""act"": 0.0}, {""tk"": ""the"", ""act"": 0.0}, {""tk"": ""iPhone"", ""act"": 0.0}, {""tk"": ""technology"", ""act"": 0.0}, {""tk"": ""company"", ""act"": 0.0}, {""tk"": ""Apple"", ""act"": 0.0}, {""tk"": ""founder"", ""act"": 0.0}, {""tk"": ""of"", ""act"": 0.0}, {""tk"": ""Steve"", ""act"": 0.0}, {""tk"": ""Jobs"", ""act"": 0.0}, {""tk"": ""who"", ""act"": 0.0}, {""tk"": ""started"", ""act"": 0.0}, {""tk"": ""called"", ""act"": 0.0}, {""tk"": ""established"", ""act"": 0.0}]"
2_39335,2,39335,relationship: the person who established a company is its founder,relationship,1,0.0,0.0,semantic,"[{""token"": ""relationship"", ""index"": 1, ""distance"": 0, ""direction"": ""self""}]",n/a,Relationship,,1.0,False,,(is) related,"[{""tk"": ""is"", ""act"": 0.0}, {""tk"": ""the"", ""act"": 0.0}, {""tk"": ""iPhone"", ""act"": 0.0}, {""tk"": ""technology"", ""act"": 0.0}, {""tk"": ""company"", ""act"": 0.0}, {""tk"": ""Apple"", ""act"": 0.0}, {""tk"": ""founder"", ""act"": 0.0}, {""tk"": ""of"", ""act"": 0.0}, {""tk"": ""Steve"", ""act"": 0.0}, {""tk"": ""Jobs"", ""act"": 0.0}, {""tk"": ""who"", ""act"": 0.0}, {""tk"": ""started"", ""act"": 0.0}, {""tk"": ""called"", ""act"": 0.0}, {""tk"": ""established"", ""act"": 0.0}]"
2_79229,2,79229,relationship: the person who established a company is its founder,relationship,1,0.0,0.0,semantic,"[{""token"": ""relationship"", ""index"": 1, ""distance"": 0, ""direction"": ""self""}]",n/a,Relationship,,1.0,False,,(is) related,"[{""tk"": ""is"", ""act"": 0.0}, {""tk"": ""the"", ""act"": 0.0}, {""tk"": ""iPhone"", ""act"": 0.0}, {""tk"": ""technology"", ""act"": 0.0}, {""tk"": ""company"", ""act"": 0.0}, {""tk"": ""Apple"", ""act"": 0.0}, {""tk"": ""founder"", ""act"": 0.0}, {""tk"": ""of"", ""act"": 0.0}, {""tk"": ""Steve"", ""act"": 0.0}, {""tk"": ""Jobs"", ""act"": 0.0}, {""tk"": ""who"", ""act"": 0.0}, {""tk"": ""started"", ""act"": 0.0}, {""tk"": ""called"", ""act"": 0.0}, {""tk"": ""established"", ""act"": 0.0}]"
2_91572,2,91572,relationship: the person who established a company is its founder,relationship,1,0.0,0.0,semantic,"[{""token"": ""relationship"", ""index"": 1, ""distance"": 0, ""direction"": ""self""}]",n/a,Semantic,Dictionary,1.0,False,,iphone,"[{""tk"": ""iPhone"", ""act"": 11.315791130065918}, {""tk"": ""is"", ""act"": 0.0}, {""tk"": ""the"", ""act"": 0.0}, {""tk"": ""technology"", ""act"": 0.0}, {""tk"": ""company"", ""act"": 0.0}, {""tk"": ""Apple"", ""act"": 0.0}, {""tk"": ""founder"", ""act"": 0.0}, {""tk"": ""of"", ""act"": 0.0}, {""tk"": ""Steve"", ""act"": 0.0}, {""tk"": ""Jobs"", ""act"": 0.0}, {""tk"": ""who"", ""act"": 0.0}, {""tk"": ""started"", ""act"": 0.0}, {""tk"": ""called"", ""act"": 0.0}, {""tk"": ""established"", ""act"": 0.0}]"
3_66599,3,66599,relationship: the person who established a company is its founder,relationship,1,12.8191499710083,0.7580641124133974,semantic,"[{""token"": ""relationship"", ""index"": 1, ""distance"": 0, ""direction"": ""self""}]",n/a,Semantic,Dictionary (fallback),0.9,False,,Jobs,"[{""tk"": ""Jobs"", ""act"": 21.734445571899414}, {""tk"": ""Apple"", ""act"": 16.169097900390625}, {""tk"": ""iPhone"", ""act"": 15.3125}, {""tk"": ""founder"", ""act"": 13.962577819824219}, {""tk"": ""technology"", ""act"": 9.817445755004883}, {""tk"": ""company"", ""act"": 8.836379051208496}, {""tk"": ""Steve"", ""act"": 3.4961094856262207}, {""tk"": ""started"", ""act"": 1.8817652463912964}, {""tk"": ""of"", ""act"": 1.0519121885299683}, {""tk"": ""is"", ""act"": 0.0}, {""tk"": ""the"", ""act"": 0.0}, {""tk"": ""who"", ""act"": 0.0}, {""tk"": ""called"", ""act"": 0.0}, {""tk"": ""established"", ""act"": 0.0}]"
3_61203,3,61203,relationship: the person who established a company is its founder,relationship,1,0.0,0.0,semantic,"[{""token"": ""relationship"", ""index"": 1, ""distance"": 0, ""direction"": ""self""}]",n/a,Relationship,,1.0,False,,(is) related,"[{""tk"": ""is"", ""act"": 0.0}, {""tk"": ""the"", ""act"": 0.0}, {""tk"": ""iPhone"", ""act"": 0.0}, {""tk"": ""technology"", ""act"": 0.0}, {""tk"": ""company"", ""act"": 0.0}, {""tk"": ""Apple"", ""act"": 0.0}, {""tk"": ""founder"", ""act"": 0.0}, {""tk"": ""of"", ""act"": 0.0}, {""tk"": ""Steve"", ""act"": 0.0}, {""tk"": ""Jobs"", ""act"": 0.0}, {""tk"": ""who"", ""act"": 0.0}, {""tk"": ""started"", ""act"": 0.0}, {""tk"": ""called"", ""act"": 0.0}, {""tk"": ""established"", ""act"": 0.0}]"
3_36390,3,36390,relationship: the person who established a company is its founder,relationship,1,0.0,0.0,semantic,"[{""token"": ""relationship"", ""index"": 1, ""distance"": 0, ""direction"": ""self""}]",n/a,Relationship,,1.0,False,,(is) related,"[{""tk"": ""is"", ""act"": 0.0}, {""tk"": ""the"", ""act"": 0.0}, {""tk"": ""iPhone"", ""act"": 0.0}, {""tk"": ""technology"", ""act"": 0.0}, {""tk"": ""company"", ""act"": 0.0}, {""tk"": ""Apple"", ""act"": 0.0}, {""tk"": ""founder"", ""act"": 0.0}, {""tk"": ""of"", ""act"": 0.0}, {""tk"": ""Steve"", ""act"": 0.0}, {""tk"": ""Jobs"", ""act"": 0.0}, {""tk"": ""who"", ""act"": 0.0}, {""tk"": ""started"", ""act"": 0.0}, {""tk"": ""called"", ""act"": 0.0}, {""tk"": ""established"", ""act"": 0.0}]"
3_7789,3,7789,relationship: the person who established a company is its founder,relationship,1,0.0,0.0,semantic,"[{""token"": ""relationship"", ""index"": 1, ""distance"": 0, ""direction"": ""self""}]",n/a,Relationship,,1.0,False,,(is) related,"[{""tk"": ""is"", ""act"": 0.0}, {""tk"": ""the"", ""act"": 0.0}, {""tk"": ""iPhone"", ""act"": 0.0}, {""tk"": ""technology"", ""act"": 0.0}, {""tk"": ""company"", ""act"": 0.0}, {""tk"": ""Apple"", ""act"": 0.0}, {""tk"": ""founder"", ""act"": 0.0}, {""tk"": ""of"", ""act"": 0.0}, {""tk"": ""Steve"", ""act"": 0.0}, {""tk"": ""Jobs"", ""act"": 0.0}, {""tk"": ""who"", ""act"": 0.0}, {""tk"": ""started"", ""act"": 0.0}, {""tk"": ""called"", ""act"": 0.0}, {""tk"": ""established"", ""act"": 0.0}]"
3_12249,3,12249,relationship: the person who established a company is its founder,relationship,1,0.0,0.0,semantic,"[{""token"": ""relationship"", ""index"": 1, ""distance"": 0, ""direction"": ""self""}]",n/a,Semantic,Dictionary,1.0,False,,of,"[{""tk"": ""of"", ""act"": 13.55992603302002}, {""tk"": ""is"", ""act"": 6.075645446777344}, {""tk"": ""the"", ""act"": 0.0}, {""tk"": ""iPhone"", ""act"": 0.0}, {""tk"": ""technology"", ""act"": 0.0}, {""tk"": ""company"", ""act"": 0.0}, {""tk"": ""Apple"", ""act"": 0.0}, {""tk"": ""founder"", ""act"": 0.0}, {""tk"": ""Steve"", ""act"": 0.0}, {""tk"": ""Jobs"", ""act"": 0.0}, {""tk"": ""who"", ""act"": 0.0}, {""tk"": ""started"", ""act"": 0.0}, {""tk"": ""called"", ""act"": 0.0}, {""tk"": ""established"", ""act"": 0.0}]"
3_25991,3,25991,relationship: the person who established a company is its founder,relationship,1,0.0,0.0,semantic,"[{""token"": ""relationship"", ""index"": 1, ""distance"": 0, ""direction"": ""self""}]",n/a,Relationship,,1.0,False,,(is) related,"[{""tk"": ""is"", ""act"": 0.0}, {""tk"": ""the"", ""act"": 0.0}, {""tk"": ""iPhone"", ""act"": 0.0}, {""tk"": ""technology"", ""act"": 0.0}, {""tk"": ""company"", ""act"": 0.0}, {""tk"": ""Apple"", ""act"": 0.0}, {""tk"": ""founder"", ""act"": 0.0}, {""tk"": ""of"", ""act"": 0.0}, {""tk"": ""Steve"", ""act"": 0.0}, {""tk"": ""Jobs"", ""act"": 0.0}, {""tk"": ""who"", ""act"": 0.0}, {""tk"": ""started"", ""act"": 0.0}, {""tk"": ""called"", ""act"": 0.0}, {""tk"": ""established"", ""act"": 0.0}]"
3_52974,3,52974,relationship: the person who established a company is its founder,relationship,1,0.0,0.0,semantic,"[{""token"": ""relationship"", ""index"": 1, ""distance"": 0, ""direction"": ""self""}]",n/a,Relationship,,1.0,False,,(is) related,"[{""tk"": ""is"", ""act"": 0.0}, {""tk"": ""the"", ""act"": 0.0}, {""tk"": ""iPhone"", ""act"": 0.0}, {""tk"": ""technology"", ""act"": 0.0}, {""tk"": ""company"", ""act"": 0.0}, {""tk"": ""Apple"", ""act"": 0.0}, {""tk"": ""founder"", ""act"": 0.0}, {""tk"": ""of"", ""act"": 0.0}, {""tk"": ""Steve"", ""act"": 0.0}, {""tk"": ""Jobs"", ""act"": 0.0}, {""tk"": ""who"", ""act"": 0.0}, {""tk"": ""started"", ""act"": 0.0}, {""tk"": ""called"", ""act"": 0.0}, {""tk"": ""established"", ""act"": 0.0}]"
3_77354,3,77354,relationship: the person who established a company is its founder,relationship,1,0.0,0.0,semantic,"[{""token"": ""relationship"", ""index"": 1, ""distance"": 0, ""direction"": ""self""}]",n/a,Relationship,,1.0,False,,(is) related,"[{""tk"": ""is"", ""act"": 0.0}, {""tk"": ""the"", ""act"": 0.0}, {""tk"": ""iPhone"", ""act"": 0.0}, {""tk"": ""technology"", ""act"": 0.0}, {""tk"": ""company"", ""act"": 0.0}, {""tk"": ""Apple"", ""act"": 0.0}, {""tk"": ""founder"", ""act"": 0.0}, {""tk"": ""of"", ""act"": 0.0}, {""tk"": ""Steve"", ""act"": 0.0}, {""tk"": ""Jobs"", ""act"": 0.0}, {""tk"": ""who"", ""act"": 0.0}, {""tk"": ""started"", ""act"": 0.0}, {""tk"": ""called"", ""act"": 0.0}, {""tk"": ""established"", ""act"": 0.0}]"
3_89695,3,89695,relationship: the person who established a company is its founder,relationship,1,0.0,0.0,semantic,"[{""token"": ""relationship"", ""index"": 1, ""distance"": 0, ""direction"": ""self""}]",n/a,Relationship,,1.0,False,,(is) related,"[{""tk"": ""is"", ""act"": 0.0}, {""tk"": ""the"", ""act"": 0.0}, {""tk"": ""iPhone"", ""act"": 0.0}, {""tk"": ""technology"", ""act"": 0.0}, {""tk"": ""company"", ""act"": 0.0}, {""tk"": ""Apple"", ""act"": 0.0}, {""tk"": ""founder"", ""act"": 0.0}, {""tk"": ""of"", ""act"": 0.0}, {""tk"": ""Steve"", ""act"": 0.0}, {""tk"": ""Jobs"", ""act"": 0.0}, {""tk"": ""who"", ""act"": 0.0}, {""tk"": ""started"", ""act"": 0.0}, {""tk"": ""called"", ""act"": 0.0}, {""tk"": ""established"", ""act"": 0.0}]"
3_92640,3,92640,relationship: the person who established a company is its founder,relationship,1,0.0,0.0,semantic,"[{""token"": ""relationship"", ""index"": 1, ""distance"": 0, ""direction"": ""self""}]",n/a,Relationship,,1.0,False,,(is) related,"[{""tk"": ""is"", ""act"": 0.0}, {""tk"": ""the"", ""act"": 0.0}, {""tk"": ""iPhone"", ""act"": 0.0}, {""tk"": ""technology"", ""act"": 0.0}, {""tk"": ""company"", ""act"": 0.0}, {""tk"": ""Apple"", ""act"": 0.0}, {""tk"": ""founder"", ""act"": 0.0}, {""tk"": ""of"", ""act"": 0.0}, {""tk"": ""Steve"", ""act"": 0.0}, {""tk"": ""Jobs"", ""act"": 0.0}, {""tk"": ""who"", ""act"": 0.0}, {""tk"": ""started"", ""act"": 0.0}, {""tk"": ""called"", ""act"": 0.0}, {""tk"": ""established"", ""act"": 0.0}]"
4_83635,4,83635,relationship: the person who established a company is its founder, company,8,19.679771423339844,0.6864683805184982,semantic,"[{""token"": "" company"", ""index"": 8, ""distance"": 0, ""direction"": ""self""}]",n/a,Semantic,Concept,0.7,False,,Apple,"[{""tk"": ""Apple"", ""act"": 29.273523330688477}, {""tk"": ""iPhone"", ""act"": 26.749794006347656}, {""tk"": ""founder"", ""act"": 20.79131507873535}, {""tk"": ""company"", ""act"": 19.679771423339844}, {""tk"": ""technology"", ""act"": 15.477765083312988}, {""tk"": ""of"", ""act"": 6.801421165466309}, {""tk"": ""started"", ""act"": 5.415152549743652}, {""tk"": ""called"", ""act"": 4.690086364746094}, {""tk"": ""established"", ""act"": 4.53714656829834}, {""tk"": ""is"", ""act"": 3.837414026260376}, {""tk"": ""who"", ""act"": 3.641669511795044}, {""tk"": ""the"", ""act"": 1.723905086517334}, {""tk"": ""Steve"", ""act"": 0.0}, {""tk"": ""Jobs"", ""act"": 0.0}]"
4_61585,4,61585,relationship: the person who established a company is its founder,relationship,1,0.0,0.0,semantic,"[{""token"": ""relationship"", ""index"": 1, ""distance"": 0, ""direction"": ""self""}]",n/a,Relationship,,1.0,False,,(is) related,"[{""tk"": ""is"", ""act"": 0.0}, {""tk"": ""the"", ""act"": 0.0}, {""tk"": ""iPhone"", ""act"": 0.0}, {""tk"": ""technology"", ""act"": 0.0}, {""tk"": ""company"", ""act"": 0.0}, {""tk"": ""Apple"", ""act"": 0.0}, {""tk"": ""founder"", ""act"": 0.0}, {""tk"": ""of"", ""act"": 0.0}, {""tk"": ""Steve"", ""act"": 0.0}, {""tk"": ""Jobs"", ""act"": 0.0}, {""tk"": ""who"", ""act"": 0.0}, {""tk"": ""started"", ""act"": 0.0}, {""tk"": ""called"", ""act"": 0.0}, {""tk"": ""established"", ""act"": 0.0}]"
4_53843,4,53843,relationship: the person who established a company is its founder, founder,11,0.0884692668914794,0.9090909090909092,semantic,"[{""token"": "" founder"", ""index"": 11, ""distance"": 0, ""direction"": ""self""}]",n/a,Semantic,Concept,0.7,False,,founder,"[{""tk"": ""founder"", ""act"": 0.08846926689147949}, {""tk"": ""is"", ""act"": 0.0}, {""tk"": ""the"", ""act"": 0.0}, {""tk"": ""iPhone"", ""act"": 0.0}, {""tk"": ""technology"", ""act"": 0.0}, {""tk"": ""company"", ""act"": 0.0}, {""tk"": ""Apple"", ""act"": 0.0}, {""tk"": ""of"", ""act"": 0.0}, {""tk"": ""Steve"", ""act"": 0.0}, {""tk"": ""Jobs"", ""act"": 0.0}, {""tk"": ""who"", ""act"": 0.0}, {""tk"": ""started"", ""act"": 0.0}, {""tk"": ""called"", ""act"": 0.0}, {""tk"": ""established"", ""act"": 0.0}]"
4_25485,4,25485,relationship: the person who established a company is its founder,relationship,1,0.0,0.0,semantic,"[{""token"": ""relationship"", ""index"": 1, ""distance"": 0, ""direction"": ""self""}]",n/a,Relationship,,1.0,False,,(is) related,"[{""tk"": ""is"", ""act"": 0.0}, {""tk"": ""the"", ""act"": 0.0}, {""tk"": ""iPhone"", ""act"": 0.0}, {""tk"": ""technology"", ""act"": 0.0}, {""tk"": ""company"", ""act"": 0.0}, {""tk"": ""Apple"", ""act"": 0.0}, {""tk"": ""founder"", ""act"": 0.0}, {""tk"": ""of"", ""act"": 0.0}, {""tk"": ""Steve"", ""act"": 0.0}, {""tk"": ""Jobs"", ""act"": 0.0}, {""tk"": ""who"", ""act"": 0.0}, {""tk"": ""started"", ""act"": 0.0}, {""tk"": ""called"", ""act"": 0.0}, {""tk"": ""established"", ""act"": 0.0}]"
4_49272,4,49272,relationship: the person who established a company is its founder,relationship,1,0.0,0.0,semantic,"[{""token"": ""relationship"", ""index"": 1, ""distance"": 0, ""direction"": ""self""}]",n/a,Semantic,Concept,0.7,False,,iphone,"[{""tk"": ""iPhone"", ""act"": 2.735218048095703}, {""tk"": ""Apple"", ""act"": 0.2487431764602661}, {""tk"": ""is"", ""act"": 0.0}, {""tk"": ""the"", ""act"": 0.0}, {""tk"": ""technology"", ""act"": 0.0}, {""tk"": ""company"", ""act"": 0.0}, {""tk"": ""founder"", ""act"": 0.0}, {""tk"": ""of"", ""act"": 0.0}, {""tk"": ""Steve"", ""act"": 0.0}, {""tk"": ""Jobs"", ""act"": 0.0}, {""tk"": ""who"", ""act"": 0.0}, {""tk"": ""started"", ""act"": 0.0}, {""tk"": ""called"", ""act"": 0.0}, {""tk"": ""established"", ""act"": 0.0}]"
4_50389,4,50389,relationship: the person who established a company is its founder,relationship,1,0.0,0.0,semantic,"[{""token"": ""relationship"", ""index"": 1, ""distance"": 0, ""direction"": ""self""}]",n/a,Relationship,,1.0,False,,(is) related,"[{""tk"": ""is"", ""act"": 0.0}, {""tk"": ""the"", ""act"": 0.0}, {""tk"": ""iPhone"", ""act"": 0.0}, {""tk"": ""technology"", ""act"": 0.0}, {""tk"": ""company"", ""act"": 0.0}, {""tk"": ""Apple"", ""act"": 0.0}, {""tk"": ""founder"", ""act"": 0.0}, {""tk"": ""of"", ""act"": 0.0}, {""tk"": ""Steve"", ""act"": 0.0}, {""tk"": ""Jobs"", ""act"": 0.0}, {""tk"": ""who"", ""act"": 0.0}, {""tk"": ""started"", ""act"": 0.0}, {""tk"": ""called"", ""act"": 0.0}, {""tk"": ""established"", ""act"": 0.0}]"
4_65972,4,65972,relationship: the person who established a company is its founder,relationship,1,0.0,0.0,semantic,"[{""token"": ""relationship"", ""index"": 1, ""distance"": 0, ""direction"": ""self""}]",n/a,Semantic,Concept,0.7,False,,company,"[{""tk"": ""company"", ""act"": 0.7668347358703613}, {""tk"": ""is"", ""act"": 0.0}, {""tk"": ""the"", ""act"": 0.0}, {""tk"": ""iPhone"", ""act"": 0.0}, {""tk"": ""technology"", ""act"": 0.0}, {""tk"": ""Apple"", ""act"": 0.0}, {""tk"": ""founder"", ""act"": 0.0}, {""tk"": ""of"", ""act"": 0.0}, {""tk"": ""Steve"", ""act"": 0.0}, {""tk"": ""Jobs"", ""act"": 0.0}, {""tk"": ""who"", ""act"": 0.0}, {""tk"": ""started"", ""act"": 0.0}, {""tk"": ""called"", ""act"": 0.0}, {""tk"": ""established"", ""act"": 0.0}]"
5_1551,5,1551,relationship: the person who established a company is its founder,relationship,1,40.187744140625,0.9090909090909092,semantic,"[{""token"": ""relationship"", ""index"": 1, ""distance"": 0, ""direction"": ""self""}]",n/a,Semantic,Concept,0.7,False,,Semantic (unknown),"[{""tk"": ""is"", ""act"": 0.0}, {""tk"": ""the"", ""act"": 0.0}, {""tk"": ""iPhone"", ""act"": 0.0}, {""tk"": ""technology"", ""act"": 0.0}, {""tk"": ""company"", ""act"": 0.0}, {""tk"": ""Apple"", ""act"": 0.0}, {""tk"": ""founder"", ""act"": 0.0}, {""tk"": ""of"", ""act"": 0.0}, {""tk"": ""Steve"", ""act"": 0.0}, {""tk"": ""Jobs"", ""act"": 0.0}, {""tk"": ""who"", ""act"": 0.0}, {""tk"": ""started"", ""act"": 0.0}, {""tk"": ""called"", ""act"": 0.0}, {""tk"": ""established"", ""act"": 0.0}]"
5_95640,5,95640,relationship: the person who established a company is its founder,relationship,1,26.131275177001957,0.9090909090909092,semantic,"[{""token"": ""relationship"", ""index"": 1, ""distance"": 0, ""direction"": ""self""}]",n/a,Semantic,Concept,0.7,False,,Semantic (unknown),"[{""tk"": ""is"", ""act"": 0.0}, {""tk"": ""the"", ""act"": 0.0}, {""tk"": ""iPhone"", ""act"": 0.0}, {""tk"": ""technology"", ""act"": 0.0}, {""tk"": ""company"", ""act"": 0.0}, {""tk"": ""Apple"", ""act"": 0.0}, {""tk"": ""founder"", ""act"": 0.0}, {""tk"": ""of"", ""act"": 0.0}, {""tk"": ""Steve"", ""act"": 0.0}, {""tk"": ""Jobs"", ""act"": 0.0}, {""tk"": ""who"", ""act"": 0.0}, {""tk"": ""started"", ""act"": 0.0}, {""tk"": ""called"", ""act"": 0.0}, {""tk"": ""established"", ""act"": 0.0}]"
5_26299,5,26299,relationship: the person who established a company is its founder,relationship,1,0.0,0.0,semantic,"[{""token"": ""relationship"", ""index"": 1, ""distance"": 0, ""direction"": ""self""}]",n/a,Relationship,,1.0,False,,(is) related,"[{""tk"": ""is"", ""act"": 0.0}, {""tk"": ""the"", ""act"": 0.0}, {""tk"": ""iPhone"", ""act"": 0.0}, {""tk"": ""technology"", ""act"": 0.0}, {""tk"": ""company"", ""act"": 0.0}, {""tk"": ""Apple"", ""act"": 0.0}, {""tk"": ""founder"", ""act"": 0.0}, {""tk"": ""of"", ""act"": 0.0}, {""tk"": ""Steve"", ""act"": 0.0}, {""tk"": ""Jobs"", ""act"": 0.0}, {""tk"": ""who"", ""act"": 0.0}, {""tk"": ""started"", ""act"": 0.0}, {""tk"": ""called"", ""act"": 0.0}, {""tk"": ""established"", ""act"": 0.0}]"
5_42294,5,42294,relationship: the person who established a company is its founder,relationship,1,0.0,0.0,semantic,"[{""token"": ""relationship"", ""index"": 1, ""distance"": 0, ""direction"": ""self""}]",n/a,Relationship,,1.0,False,,(is) related,"[{""tk"": ""is"", ""act"": 0.0}, {""tk"": ""the"", ""act"": 0.0}, {""tk"": ""iPhone"", ""act"": 0.0}, {""tk"": ""technology"", ""act"": 0.0}, {""tk"": ""company"", ""act"": 0.0}, {""tk"": ""Apple"", ""act"": 0.0}, {""tk"": ""founder"", ""act"": 0.0}, {""tk"": ""of"", ""act"": 0.0}, {""tk"": ""Steve"", ""act"": 0.0}, {""tk"": ""Jobs"", ""act"": 0.0}, {""tk"": ""who"", ""act"": 0.0}, {""tk"": ""started"", ""act"": 0.0}, {""tk"": ""called"", ""act"": 0.0}, {""tk"": ""established"", ""act"": 0.0}]"
5_54263,5,54263,relationship: the person who established a company is its founder,relationship,1,0.0,0.0,semantic,"[{""token"": ""relationship"", ""index"": 1, ""distance"": 0, ""direction"": ""self""}]",n/a,Relationship,,1.0,False,,(is) related,"[{""tk"": ""is"", ""act"": 0.0}, {""tk"": ""the"", ""act"": 0.0}, {""tk"": ""iPhone"", ""act"": 0.0}, {""tk"": ""technology"", ""act"": 0.0}, {""tk"": ""company"", ""act"": 0.0}, {""tk"": ""Apple"", ""act"": 0.0}, {""tk"": ""founder"", ""act"": 0.0}, {""tk"": ""of"", ""act"": 0.0}, {""tk"": ""Steve"", ""act"": 0.0}, {""tk"": ""Jobs"", ""act"": 0.0}, {""tk"": ""who"", ""act"": 0.0}, {""tk"": ""started"", ""act"": 0.0}, {""tk"": ""called"", ""act"": 0.0}, {""tk"": ""established"", ""act"": 0.0}]"
5_97304,5,97304,relationship: the person who established a company is its founder,relationship,1,0.0,0.0,semantic,"[{""token"": ""relationship"", ""index"": 1, ""distance"": 0, ""direction"": ""self""}]",n/a,Semantic,Concept,0.7,False,,Apple,"[{""tk"": ""Apple"", ""act"": 10.507890701293945}, {""tk"": ""iPhone"", ""act"": 9.699518203735352}, {""tk"": ""Jobs"", ""act"": 9.227739334106445}, {""tk"": ""Steve"", ""act"": 0.9180450439453125}, {""tk"": ""is"", ""act"": 0.0}, {""tk"": ""the"", ""act"": 0.0}, {""tk"": ""technology"", ""act"": 0.0}, {""tk"": ""company"", ""act"": 0.0}, {""tk"": ""founder"", ""act"": 0.0}, {""tk"": ""of"", ""act"": 0.0}, {""tk"": ""who"", ""act"": 0.0}, {""tk"": ""started"", ""act"": 0.0}, {""tk"": ""called"", ""act"": 0.0}, {""tk"": ""established"", ""act"": 0.0}]"
6_22143,6,22143,relationship: the person who established a company is its founder, company,8,21.061681747436523,0.6622774897990806,semantic,"[{""token"": "" company"", ""index"": 8, ""distance"": 0, ""direction"": ""self""}]",n/a,Semantic,Concept,0.7,False,,company,"[{""tk"": ""Apple"", ""act"": 22.002117156982422}, {""tk"": ""company"", ""act"": 21.061681747436523}, {""tk"": ""called"", ""act"": 19.890174865722656}, {""tk"": ""is"", ""act"": 19.172073364257812}, {""tk"": ""technology"", ""act"": 15.491524696350098}, {""tk"": ""the"", ""act"": 15.198439598083496}, {""tk"": ""Jobs"", ""act"": 13.937668800354004}, {""tk"": ""founder"", ""act"": 12.949738502502441}, {""tk"": ""of"", ""act"": 8.630607604980469}, {""tk"": ""iPhone"", ""act"": 7.2083420753479}, {""tk"": ""started"", ""act"": 6.396762371063232}, {""tk"": ""who"", ""act"": 4.663736820220947}, {""tk"": ""established"", ""act"": 3.2520933151245117}, {""tk"": ""Steve"", ""act"": 0.0}]"
6_16539,6,16539,relationship: the person who established a company is its founder, established,6,5.883291244506836,0.8285281852490761,semantic,"[{""token"": "" established"", ""index"": 6, ""distance"": 0, ""direction"": ""self""}]",n/a,Semantic,Concept,0.7,False,,founder,"[{""tk"": ""founder"", ""act"": 7.115179061889648}, {""tk"": ""established"", ""act"": 5.883291244506836}, {""tk"": ""is"", ""act"": 5.590049743652344}, {""tk"": ""started"", ""act"": 4.993588447570801}, {""tk"": ""of"", ""act"": 4.755459785461426}, {""tk"": ""company"", ""act"": 3.195023775100708}, {""tk"": ""the"", ""act"": 0.0}, {""tk"": ""iPhone"", ""act"": 0.0}, {""tk"": ""technology"", ""act"": 0.0}, {""tk"": ""Apple"", ""act"": 0.0}, {""tk"": ""Steve"", ""act"": 0.0}, {""tk"": ""Jobs"", ""act"": 0.0}, {""tk"": ""who"", ""act"": 0.0}, {""tk"": ""called"", ""act"": 0.0}]"
6_5981,6,5981,relationship: the person who established a company is its founder,relationship,1,0.0,0.0,semantic,"[{""token"": ""relationship"", ""index"": 1, ""distance"": 0, ""direction"": ""self""}]",n/a,Relationship,,1.0,False,,(is) related,"[{""tk"": ""is"", ""act"": 0.0}, {""tk"": ""the"", ""act"": 0.0}, {""tk"": ""iPhone"", ""act"": 0.0}, {""tk"": ""technology"", ""act"": 0.0}, {""tk"": ""company"", ""act"": 0.0}, {""tk"": ""Apple"", ""act"": 0.0}, {""tk"": ""founder"", ""act"": 0.0}, {""tk"": ""of"", ""act"": 0.0}, {""tk"": ""Steve"", ""act"": 0.0}, {""tk"": ""Jobs"", ""act"": 0.0}, {""tk"": ""who"", ""act"": 0.0}, {""tk"": ""started"", ""act"": 0.0}, {""tk"": ""called"", ""act"": 0.0}, {""tk"": ""established"", ""act"": 0.0}]"
6_22808,6,22808,relationship: the person who established a company is its founder,relationship,1,0.0,0.0,semantic,"[{""token"": ""relationship"", ""index"": 1, ""distance"": 0, ""direction"": ""self""}]",n/a,Semantic,Dictionary,1.0,False,,iphone,"[{""tk"": ""iPhone"", ""act"": 48.54792785644531}, {""tk"": ""is"", ""act"": 0.0}, {""tk"": ""the"", ""act"": 0.0}, {""tk"": ""technology"", ""act"": 0.0}, {""tk"": ""company"", ""act"": 0.0}, {""tk"": ""Apple"", ""act"": 0.0}, {""tk"": ""founder"", ""act"": 0.0}, {""tk"": ""of"", ""act"": 0.0}, {""tk"": ""Steve"", ""act"": 0.0}, {""tk"": ""Jobs"", ""act"": 0.0}, {""tk"": ""who"", ""act"": 0.0}, {""tk"": ""started"", ""act"": 0.0}, {""tk"": ""called"", ""act"": 0.0}, {""tk"": ""established"", ""act"": 0.0}]"
6_24069,6,24069,relationship: the person who established a company is its founder,relationship,1,0.0,0.0,semantic,"[{""token"": ""relationship"", ""index"": 1, ""distance"": 0, ""direction"": ""self""}]",n/a,Relationship,,1.0,False,,(is) related,"[{""tk"": ""is"", ""act"": 0.0}, {""tk"": ""the"", ""act"": 0.0}, {""tk"": ""iPhone"", ""act"": 0.0}, {""tk"": ""technology"", ""act"": 0.0}, {""tk"": ""company"", ""act"": 0.0}, {""tk"": ""Apple"", ""act"": 0.0}, {""tk"": ""founder"", ""act"": 0.0}, {""tk"": ""of"", ""act"": 0.0}, {""tk"": ""Steve"", ""act"": 0.0}, {""tk"": ""Jobs"", ""act"": 0.0}, {""tk"": ""who"", ""act"": 0.0}, {""tk"": ""started"", ""act"": 0.0}, {""tk"": ""called"", ""act"": 0.0}, {""tk"": ""established"", ""act"": 0.0}]"
6_32160,6,32160,relationship: the person who established a company is its founder,relationship,1,0.0,0.0,semantic,"[{""token"": ""relationship"", ""index"": 1, ""distance"": 0, ""direction"": ""self""}]",n/a,Semantic,Concept,0.7,False,,iphone,"[{""tk"": ""iPhone"", ""act"": 9.09296989440918}, {""tk"": ""Apple"", ""act"": 8.404762268066406}, {""tk"": ""company"", ""act"": 3.5738229751586914}, {""tk"": ""technology"", ""act"": 2.721566677093506}, {""tk"": ""is"", ""act"": 0.0}, {""tk"": ""the"", ""act"": 0.0}, {""tk"": ""founder"", ""act"": 0.0}, {""tk"": ""of"", ""act"": 0.0}, {""tk"": ""Steve"", ""act"": 0.0}, {""tk"": ""Jobs"", ""act"": 0.0}, {""tk"": ""who"", ""act"": 0.0}, {""tk"": ""started"", ""act"": 0.0}, {""tk"": ""called"", ""act"": 0.0}, {""tk"": ""established"", ""act"": 0.0}]"
6_62464,6,62464,relationship: the person who established a company is its founder,relationship,1,0.0,0.0,semantic,"[{""token"": ""relationship"", ""index"": 1, ""distance"": 0, ""direction"": ""self""}]",n/a,Semantic,Ambiguous,0.3,True,"Ambiguous: peak_cons=0.20, n_peaks=1, func_vs_sem=100.0%, layer=6",is,"[{""tk"": ""is"", ""act"": 0.027451038360595703}, {""tk"": ""the"", ""act"": 0.0}, {""tk"": ""iPhone"", ""act"": 0.0}, {""tk"": ""technology"", ""act"": 0.0}, {""tk"": ""company"", ""act"": 0.0}, {""tk"": ""Apple"", ""act"": 0.0}, {""tk"": ""founder"", ""act"": 0.0}, {""tk"": ""of"", ""act"": 0.0}, {""tk"": ""Steve"", ""act"": 0.0}, {""tk"": ""Jobs"", ""act"": 0.0}, {""tk"": ""who"", ""act"": 0.0}, {""tk"": ""started"", ""act"": 0.0}, {""tk"": ""called"", ""act"": 0.0}, {""tk"": ""established"", ""act"": 0.0}]"
6_67161,6,67161,relationship: the person who established a company is its founder,relationship,1,0.0,0.0,semantic,"[{""token"": ""relationship"", ""index"": 1, ""distance"": 0, ""direction"": ""self""}]",n/a,Semantic,Concept,0.7,False,,iphone,"[{""tk"": ""iPhone"", ""act"": 16.878387451171875}, {""tk"": ""Apple"", ""act"": 14.257761001586914}, {""tk"": ""is"", ""act"": 0.0}, {""tk"": ""the"", ""act"": 0.0}, {""tk"": ""technology"", ""act"": 0.0}, {""tk"": ""company"", ""act"": 0.0}, {""tk"": ""founder"", ""act"": 0.0}, {""tk"": ""of"", ""act"": 0.0}, {""tk"": ""Steve"", ""act"": 0.0}, {""tk"": ""Jobs"", ""act"": 0.0}, {""tk"": ""who"", ""act"": 0.0}, {""tk"": ""started"", ""act"": 0.0}, {""tk"": ""called"", ""act"": 0.0}, {""tk"": ""established"", ""act"": 0.0}]"
7_66851,7,66851,relationship: the person who established a company is its founder,:,2,42.52840805053711,0.3322704409209966,functional,"[{""token"": "" person"", ""index"": 4, ""distance"": 2, ""direction"": ""forward""}, {""token"": ""relationship"", ""index"": 1, ""distance"": 1, ""direction"": ""backward""}]",json,Relationship,,1.0,False,,(The) related,"[{""tk"": ""The"", ""act"": 49.6574592590332}, {""tk"": ""technology"", ""act"": 42.79720687866211}, {""tk"": ""founder"", ""act"": 42.7050895690918}, {""tk"": ""started"", ""act"": 40.24308776855469}, {""tk"": ""of"", ""act"": 37.997066497802734}, {""tk"": ""Jobs"", ""act"": 36.86534118652344}, {""tk"": ""company"", ""act"": 32.645748138427734}, {""tk"": ""is"", ""act"": 32.06440353393555}, {""tk"": ""Apple"", ""act"": 31.23112678527832}, {""tk"": ""called"", ""act"": 31.141996383666992}, {""tk"": ""established"", ""act"": 29.129192352294922}, {""tk"": ""iPhone"", ""act"": 26.690139770507812}, {""tk"": ""who"", ""act"": 25.22102928161621}, {""tk"": ""Steve"", ""act"": 21.973251342773438}]"
7_2079,7,2079,relationship: the person who established a company is its founder, founder,11,8.768577575683594,0.8121943362113322,semantic,"[{""token"": "" founder"", ""index"": 11, ""distance"": 0, ""direction"": ""self""}]",n/a,Semantic,Concept,0.7021985009678795,False,,founder,"[{""tk"": ""founder"", ""act"": 16.959388732910156}, {""tk"": ""company"", ""act"": 13.919597625732422}, {""tk"": ""is"", ""act"": 11.908857345581055}, {""tk"": ""Steve"", ""act"": 8.737485885620117}, {""tk"": ""the"", ""act"": 8.54307746887207}, {""tk"": ""Apple"", ""act"": 4.928235054016113}, {""tk"": ""Jobs"", ""act"": 3.651355504989624}, {""tk"": ""called"", ""act"": 1.868877649307251}, {""tk"": ""of"", ""act"": 1.3174381256103516}, {""tk"": ""iPhone"", ""act"": 0.0}, {""tk"": ""technology"", ""act"": 0.0}, {""tk"": ""who"", ""act"": 0.0}, {""tk"": ""started"", ""act"": 0.0}, {""tk"": ""established"", ""act"": 0.0}]"
7_16578,7,16578,relationship: the person who established a company is its founder,relationship,1,0.0,0.0,semantic,"[{""token"": ""relationship"", ""index"": 1, ""distance"": 0, ""direction"": ""self""}]",n/a,"Say ""X""",,1.0,False,,Say (Steve),"[{""tk"": ""is"", ""act"": 0.22064924240112305}, {""tk"": ""the"", ""act"": 0.0}, {""tk"": ""iPhone"", ""act"": 0.0}, {""tk"": ""technology"", ""act"": 0.0}, {""tk"": ""company"", ""act"": 0.0}, {""tk"": ""Apple"", ""act"": 0.0}, {""tk"": ""founder"", ""act"": 0.0}, {""tk"": ""of"", ""act"": 0.0}, {""tk"": ""Steve"", ""act"": 0.0}, {""tk"": ""Jobs"", ""act"": 0.0}, {""tk"": ""who"", ""act"": 0.0}, {""tk"": ""started"", ""act"": 0.0}, {""tk"": ""called"", ""act"": 0.0}, {""tk"": ""established"", ""act"": 0.0}]"
7_33532,7,33532,relationship: the person who established a company is its founder, is,9,1.9440293312072756,0.9090909090909092,functional,"[{""token"": "" founder"", ""index"": 11, ""distance"": 2, ""direction"": ""forward""}]",json,"Say ""X""",,1.0,False,,Say (Steve),"[{""tk"": ""is"", ""act"": 11.828958511352539}, {""tk"": ""Steve"", ""act"": 1.8266286849975586}, {""tk"": ""company"", ""act"": 0.6913690567016602}, {""tk"": ""the"", ""act"": 0.0}, {""tk"": ""iPhone"", ""act"": 0.0}, {""tk"": ""technology"", ""act"": 0.0}, {""tk"": ""Apple"", ""act"": 0.0}, {""tk"": ""founder"", ""act"": 0.0}, {""tk"": ""of"", ""act"": 0.0}, {""tk"": ""Jobs"", ""act"": 0.0}, {""tk"": ""who"", ""act"": 0.0}, {""tk"": ""started"", ""act"": 0.0}, {""tk"": ""called"", ""act"": 0.0}, {""tk"": ""established"", ""act"": 0.0}]"
7_3975,7,3975,relationship: the person who established a company is its founder,relationship,1,0.0,0.0,semantic,"[{""token"": ""relationship"", ""index"": 1, ""distance"": 0, ""direction"": ""self""}]",n/a,"Say ""X""",,1.0,False,,Say (called),"[{""tk"": ""is"", ""act"": 0.6776852607727051}, {""tk"": ""the"", ""act"": 0.0}, {""tk"": ""iPhone"", ""act"": 0.0}, {""tk"": ""technology"", ""act"": 0.0}, {""tk"": ""company"", ""act"": 0.0}, {""tk"": ""Apple"", ""act"": 0.0}, {""tk"": ""founder"", ""act"": 0.0}, {""tk"": ""of"", ""act"": 0.0}, {""tk"": ""Steve"", ""act"": 0.0}, {""tk"": ""Jobs"", ""act"": 0.0}, {""tk"": ""who"", ""act"": 0.0}, {""tk"": ""started"", ""act"": 0.0}, {""tk"": ""called"", ""act"": 0.0}, {""tk"": ""established"", ""act"": 0.0}]"
7_11873,7,11873,relationship: the person who established a company is its founder,relationship,1,0.0,0.0,semantic,"[{""token"": ""relationship"", ""index"": 1, ""distance"": 0, ""direction"": ""self""}]",n/a,"Say ""X""",,1.0,False,,Say (Steve),"[{""tk"": ""is"", ""act"": 22.19942855834961}, {""tk"": ""Apple"", ""act"": 0.6409783363342285}, {""tk"": ""the"", ""act"": 0.0}, {""tk"": ""iPhone"", ""act"": 0.0}, {""tk"": ""technology"", ""act"": 0.0}, {""tk"": ""company"", ""act"": 0.0}, {""tk"": ""founder"", ""act"": 0.0}, {""tk"": ""of"", ""act"": 0.0}, {""tk"": ""Steve"", ""act"": 0.0}, {""tk"": ""Jobs"", ""act"": 0.0}, {""tk"": ""who"", ""act"": 0.0}, {""tk"": ""started"", ""act"": 0.0}, {""tk"": ""called"", ""act"": 0.0}, {""tk"": ""established"", ""act"": 0.0}]"
7_19995,7,19995,relationship: the person who established a company is its founder,relationship,1,0.0,0.0,semantic,"[{""token"": ""relationship"", ""index"": 1, ""distance"": 0, ""direction"": ""self""}]",n/a,Relationship,,1.0,False,,(is) related,"[{""tk"": ""is"", ""act"": 0.0}, {""tk"": ""the"", ""act"": 0.0}, {""tk"": ""iPhone"", ""act"": 0.0}, {""tk"": ""technology"", ""act"": 0.0}, {""tk"": ""company"", ""act"": 0.0}, {""tk"": ""Apple"", ""act"": 0.0}, {""tk"": ""founder"", ""act"": 0.0}, {""tk"": ""of"", ""act"": 0.0}, {""tk"": ""Steve"", ""act"": 0.0}, {""tk"": ""Jobs"", ""act"": 0.0}, {""tk"": ""who"", ""act"": 0.0}, {""tk"": ""started"", ""act"": 0.0}, {""tk"": ""called"", ""act"": 0.0}, {""tk"": ""established"", ""act"": 0.0}]"
7_70719,7,70719,relationship: the person who established a company is its founder,relationship,1,0.0,0.0,semantic,"[{""token"": ""relationship"", ""index"": 1, ""distance"": 0, ""direction"": ""self""}]",n/a,"Say ""X""",,1.0,False,,Say (Steve),"[{""tk"": ""is"", ""act"": 3.7739624977111816}, {""tk"": ""Steve"", ""act"": 2.748950481414795}, {""tk"": ""the"", ""act"": 0.0}, {""tk"": ""iPhone"", ""act"": 0.0}, {""tk"": ""technology"", ""act"": 0.0}, {""tk"": ""company"", ""act"": 0.0}, {""tk"": ""Apple"", ""act"": 0.0}, {""tk"": ""founder"", ""act"": 0.0}, {""tk"": ""of"", ""act"": 0.0}, {""tk"": ""Jobs"", ""act"": 0.0}, {""tk"": ""who"", ""act"": 0.0}, {""tk"": ""started"", ""act"": 0.0}, {""tk"": ""called"", ""act"": 0.0}, {""tk"": ""established"", ""act"": 0.0}]"
7_93139,7,93139,relationship: the person who established a company is its founder,relationship,1,0.0,0.0,semantic,"[{""token"": ""relationship"", ""index"": 1, ""distance"": 0, ""direction"": ""self""}]",n/a,Semantic,Concept,0.7,False,,Apple,"[{""tk"": ""Apple"", ""act"": 46.836097717285156}, {""tk"": ""iPhone"", ""act"": 18.840980529785156}, {""tk"": ""Jobs"", ""act"": 16.64583396911621}, {""tk"": ""is"", ""act"": 0.43924927711486816}, {""tk"": ""the"", ""act"": 0.0}, {""tk"": ""technology"", ""act"": 0.0}, {""tk"": ""company"", ""act"": 0.0}, {""tk"": ""founder"", ""act"": 0.0}, {""tk"": ""of"", ""act"": 0.0}, {""tk"": ""Steve"", ""act"": 0.0}, {""tk"": ""who"", ""act"": 0.0}, {""tk"": ""started"", ""act"": 0.0}, {""tk"": ""called"", ""act"": 0.0}, {""tk"": ""established"", ""act"": 0.0}]"
8_37691,8,37691,relationship: the person who established a company is its founder, company,8,29.09471893310547,0.575817820092183,semantic,"[{""token"": "" company"", ""index"": 8, ""distance"": 0, ""direction"": ""self""}]",n/a,Semantic,Concept,0.7,False,,Apple,"[{""tk"": ""Apple"", ""act"": 50.39360809326172}, {""tk"": ""technology"", ""act"": 42.32038497924805}, {""tk"": ""iPhone"", ""act"": 40.64215850830078}, {""tk"": ""Jobs"", ""act"": 39.74195861816406}, {""tk"": ""company"", ""act"": 29.09471893310547}, {""tk"": ""is"", ""act"": 24.91400718688965}, {""tk"": ""of"", ""act"": 20.2155818939209}, {""tk"": ""founder"", ""act"": 19.808534622192383}, {""tk"": ""The"", ""act"": 17.78764533996582}, {""tk"": ""started"", ""act"": 15.96922492980957}, {""tk"": ""Steve"", ""act"": 14.52833366394043}, {""tk"": ""who"", ""act"": 13.755594253540039}, {""tk"": ""called"", ""act"": 2.6217615604400635}, {""tk"": ""established"", ""act"": 1.7261515855789185}]"
8_91305,8,91305,relationship: the person who established a company is its founder,relationship,1,0.0,0.0,semantic,"[{""token"": ""relationship"", ""index"": 1, ""distance"": 0, ""direction"": ""self""}]",n/a,Semantic,Dictionary,1.0,False,,iphone,"[{""tk"": ""iPhone"", ""act"": 2.5748400688171387}, {""tk"": ""is"", ""act"": 0.0}, {""tk"": ""the"", ""act"": 0.0}, {""tk"": ""technology"", ""act"": 0.0}, {""tk"": ""company"", ""act"": 0.0}, {""tk"": ""Apple"", ""act"": 0.0}, {""tk"": ""founder"", ""act"": 0.0}, {""tk"": ""of"", ""act"": 0.0}, {""tk"": ""Steve"", ""act"": 0.0}, {""tk"": ""Jobs"", ""act"": 0.0}, {""tk"": ""who"", ""act"": 0.0}, {""tk"": ""started"", ""act"": 0.0}, {""tk"": ""called"", ""act"": 0.0}, {""tk"": ""established"", ""act"": 0.0}]"
8_6898,8,6898,relationship: the person who established a company is its founder,relationship,1,0.0,0.0,semantic,"[{""token"": ""relationship"", ""index"": 1, ""distance"": 0, ""direction"": ""self""}]",n/a,Semantic,Dictionary,1.0,False,,Jobs,"[{""tk"": ""Jobs"", ""act"": 31.87445068359375}, {""tk"": ""is"", ""act"": 19.704254150390625}, {""tk"": ""Steve"", ""act"": 19.04952621459961}, {""tk"": ""the"", ""act"": 0.0}, {""tk"": ""iPhone"", ""act"": 0.0}, {""tk"": ""technology"", ""act"": 0.0}, {""tk"": ""company"", ""act"": 0.0}, {""tk"": ""Apple"", ""act"": 0.0}, {""tk"": ""founder"", ""act"": 0.0}, {""tk"": ""of"", ""act"": 0.0}, {""tk"": ""who"", ""act"": 0.0}, {""tk"": ""started"", ""act"": 0.0}, {""tk"": ""called"", ""act"": 0.0}, {""tk"": ""established"", ""act"": 0.0}]"
8_14420,8,14420,relationship: the person who established a company is its founder,relationship,1,0.0,0.0,semantic,"[{""token"": ""relationship"", ""index"": 1, ""distance"": 0, ""direction"": ""self""}]",n/a,"Say ""X""",,1.0,False,,Say (called),"[{""tk"": ""is"", ""act"": 0.29546642303466797}, {""tk"": ""the"", ""act"": 0.0}, {""tk"": ""iPhone"", ""act"": 0.0}, {""tk"": ""technology"", ""act"": 0.0}, {""tk"": ""company"", ""act"": 0.0}, {""tk"": ""Apple"", ""act"": 0.0}, {""tk"": ""founder"", ""act"": 0.0}, {""tk"": ""of"", ""act"": 0.0}, {""tk"": ""Steve"", ""act"": 0.0}, {""tk"": ""Jobs"", ""act"": 0.0}, {""tk"": ""who"", ""act"": 0.0}, {""tk"": ""started"", ""act"": 0.0}, {""tk"": ""called"", ""act"": 0.0}, {""tk"": ""established"", ""act"": 0.0}]"
8_25440,8,25440,relationship: the person who established a company is its founder,relationship,1,0.0,0.0,semantic,"[{""token"": ""relationship"", ""index"": 1, ""distance"": 0, ""direction"": ""self""}]",n/a,"Say ""X""",,1.0,False,,Say (Steve),"[{""tk"": ""is"", ""act"": 11.09250545501709}, {""tk"": ""the"", ""act"": 0.0}, {""tk"": ""iPhone"", ""act"": 0.0}, {""tk"": ""technology"", ""act"": 0.0}, {""tk"": ""company"", ""act"": 0.0}, {""tk"": ""Apple"", ""act"": 0.0}, {""tk"": ""founder"", ""act"": 0.0}, {""tk"": ""of"", ""act"": 0.0}, {""tk"": ""Steve"", ""act"": 0.0}, {""tk"": ""Jobs"", ""act"": 0.0}, {""tk"": ""who"", ""act"": 0.0}, {""tk"": ""started"", ""act"": 0.0}, {""tk"": ""called"", ""act"": 0.0}, {""tk"": ""established"", ""act"": 0.0}]"
8_27661,8,27661,relationship: the person who established a company is its founder,relationship,1,0.0,0.0,semantic,"[{""token"": ""relationship"", ""index"": 1, ""distance"": 0, ""direction"": ""self""}]",n/a,"Say ""X""",,1.0,False,,Say (Steve),"[{""tk"": ""is"", ""act"": 6.962493419647217}, {""tk"": ""the"", ""act"": 0.0}, {""tk"": ""iPhone"", ""act"": 0.0}, {""tk"": ""technology"", ""act"": 0.0}, {""tk"": ""company"", ""act"": 0.0}, {""tk"": ""Apple"", ""act"": 0.0}, {""tk"": ""founder"", ""act"": 0.0}, {""tk"": ""of"", ""act"": 0.0}, {""tk"": ""Steve"", ""act"": 0.0}, {""tk"": ""Jobs"", ""act"": 0.0}, {""tk"": ""who"", ""act"": 0.0}, {""tk"": ""started"", ""act"": 0.0}, {""tk"": ""called"", ""act"": 0.0}, {""tk"": ""established"", ""act"": 0.0}]"
8_45733,8,45733,relationship: the person who established a company is its founder,relationship,1,0.0,0.0,semantic,"[{""token"": ""relationship"", ""index"": 1, ""distance"": 0, ""direction"": ""self""}]",n/a,Semantic,Concept,0.7,False,,iphone,"[{""tk"": ""iPhone"", ""act"": 16.869352340698242}, {""tk"": ""Apple"", ""act"": 3.071747064590454}, {""tk"": ""is"", ""act"": 0.5286533832550049}, {""tk"": ""the"", ""act"": 0.0}, {""tk"": ""technology"", ""act"": 0.0}, {""tk"": ""company"", ""act"": 0.0}, {""tk"": ""founder"", ""act"": 0.0}, {""tk"": ""of"", ""act"": 0.0}, {""tk"": ""Steve"", ""act"": 0.0}, {""tk"": ""Jobs"", ""act"": 0.0}, {""tk"": ""who"", ""act"": 0.0}, {""tk"": ""started"", ""act"": 0.0}, {""tk"": ""called"", ""act"": 0.0}, {""tk"": ""established"", ""act"": 0.0}]"
8_60437,8,60437,relationship: the person who established a company is its founder,relationship,1,0.0,0.0,semantic,"[{""token"": ""relationship"", ""index"": 1, ""distance"": 0, ""direction"": ""self""}]",n/a,"Say ""X""",,1.0,False,,Say (Steve),"[{""tk"": ""is"", ""act"": 3.4731979370117188}, {""tk"": ""the"", ""act"": 0.0}, {""tk"": ""iPhone"", ""act"": 0.0}, {""tk"": ""technology"", ""act"": 0.0}, {""tk"": ""company"", ""act"": 0.0}, {""tk"": ""Apple"", ""act"": 0.0}, {""tk"": ""founder"", ""act"": 0.0}, {""tk"": ""of"", ""act"": 0.0}, {""tk"": ""Steve"", ""act"": 0.0}, {""tk"": ""Jobs"", ""act"": 0.0}, {""tk"": ""who"", ""act"": 0.0}, {""tk"": ""started"", ""act"": 0.0}, {""tk"": ""called"", ""act"": 0.0}, {""tk"": ""established"", ""act"": 0.0}]"
9_12344,9,12344,relationship: the person who established a company is its founder, is,9,11.906264305114746,0.8222713416773142,functional,"[{""token"": "" founder"", ""index"": 11, ""distance"": 2, ""direction"": ""forward""}]",json,"Say ""X""",,1.0,False,,Say (Steve),"[{""tk"": ""is"", ""act"": 13.435708045959473}, {""tk"": ""founder"", ""act"": 9.268843650817871}, {""tk"": ""of"", ""act"": 8.137393951416016}, {""tk"": ""the"", ""act"": 3.502883195877075}, {""tk"": ""started"", ""act"": 2.638355016708374}, {""tk"": ""Steve"", ""act"": 1.7567155361175537}, {""tk"": ""company"", ""act"": 0.9922618865966797}, {""tk"": ""iPhone"", ""act"": 0.0}, {""tk"": ""technology"", ""act"": 0.0}, {""tk"": ""Apple"", ""act"": 0.0}, {""tk"": ""Jobs"", ""act"": 0.0}, {""tk"": ""who"", ""act"": 0.0}, {""tk"": ""called"", ""act"": 0.0}, {""tk"": ""established"", ""act"": 0.0}]"
9_29156,9,29156,relationship: the person who established a company is its founder,relationship,1,0.0,0.0,semantic,"[{""token"": ""relationship"", ""index"": 1, ""distance"": 0, ""direction"": ""self""}]",n/a,Relationship,,1.0,False,,(is) related,"[{""tk"": ""is"", ""act"": 0.0}, {""tk"": ""the"", ""act"": 0.0}, {""tk"": ""iPhone"", ""act"": 0.0}, {""tk"": ""technology"", ""act"": 0.0}, {""tk"": ""company"", ""act"": 0.0}, {""tk"": ""Apple"", ""act"": 0.0}, {""tk"": ""founder"", ""act"": 0.0}, {""tk"": ""of"", ""act"": 0.0}, {""tk"": ""Steve"", ""act"": 0.0}, {""tk"": ""Jobs"", ""act"": 0.0}, {""tk"": ""who"", ""act"": 0.0}, {""tk"": ""started"", ""act"": 0.0}, {""tk"": ""called"", ""act"": 0.0}, {""tk"": ""established"", ""act"": 0.0}]"
9_36706,9,36706,relationship: the person who established a company is its founder,relationship,1,0.0,0.0,semantic,"[{""token"": ""relationship"", ""index"": 1, ""distance"": 0, ""direction"": ""self""}]",n/a,"Say ""X""",,1.0,False,,Say (Steve),"[{""tk"": ""is"", ""act"": 4.144506454467773}, {""tk"": ""the"", ""act"": 0.0}, {""tk"": ""iPhone"", ""act"": 0.0}, {""tk"": ""technology"", ""act"": 0.0}, {""tk"": ""company"", ""act"": 0.0}, {""tk"": ""Apple"", ""act"": 0.0}, {""tk"": ""founder"", ""act"": 0.0}, {""tk"": ""of"", ""act"": 0.0}, {""tk"": ""Steve"", ""act"": 0.0}, {""tk"": ""Jobs"", ""act"": 0.0}, {""tk"": ""who"", ""act"": 0.0}, {""tk"": ""started"", ""act"": 0.0}, {""tk"": ""called"", ""act"": 0.0}, {""tk"": ""established"", ""act"": 0.0}]"
9_58272,9,58272,relationship: the person who established a company is its founder,relationship,1,0.0,0.0,semantic,"[{""token"": ""relationship"", ""index"": 1, ""distance"": 0, ""direction"": ""self""}]",n/a,Semantic,Concept,0.7,False,,founder,"[{""tk"": ""is"", ""act"": 11.63260269165039}, {""tk"": ""founder"", ""act"": 5.879386901855469}, {""tk"": ""of"", ""act"": 4.1122894287109375}, {""tk"": ""the"", ""act"": 0.0}, {""tk"": ""iPhone"", ""act"": 0.0}, {""tk"": ""technology"", ""act"": 0.0}, {""tk"": ""company"", ""act"": 0.0}, {""tk"": ""Apple"", ""act"": 0.0}, {""tk"": ""Steve"", ""act"": 0.0}, {""tk"": ""Jobs"", ""act"": 0.0}, {""tk"": ""who"", ""act"": 0.0}, {""tk"": ""started"", ""act"": 0.0}, {""tk"": ""called"", ""act"": 0.0}, {""tk"": ""established"", ""act"": 0.0}]"
10_95564,10,95564,relationship: the person who established a company is its founder, is,9,3.5890724658966064,0.9090909090909092,functional,"[{""token"": "" founder"", ""index"": 11, ""distance"": 2, ""direction"": ""forward""}]",json,"Say ""X""",,1.0,False,,Say (called),"[{""tk"": ""is"", ""act"": 5.736569404602051}, {""tk"": ""the"", ""act"": 0.0}, {""tk"": ""iPhone"", ""act"": 0.0}, {""tk"": ""technology"", ""act"": 0.0}, {""tk"": ""company"", ""act"": 0.0}, {""tk"": ""Apple"", ""act"": 0.0}, {""tk"": ""founder"", ""act"": 0.0}, {""tk"": ""of"", ""act"": 0.0}, {""tk"": ""Steve"", ""act"": 0.0}, {""tk"": ""Jobs"", ""act"": 0.0}, {""tk"": ""who"", ""act"": 0.0}, {""tk"": ""started"", ""act"": 0.0}, {""tk"": ""called"", ""act"": 0.0}, {""tk"": ""established"", ""act"": 0.0}]"
10_46143,10,46143,relationship: the person who established a company is its founder,relationship,1,0.0,0.0,semantic,"[{""token"": ""relationship"", ""index"": 1, ""distance"": 0, ""direction"": ""self""}]",n/a,Relationship,,1.0,False,,(is) related,"[{""tk"": ""is"", ""act"": 0.0}, {""tk"": ""the"", ""act"": 0.0}, {""tk"": ""iPhone"", ""act"": 0.0}, {""tk"": ""technology"", ""act"": 0.0}, {""tk"": ""company"", ""act"": 0.0}, {""tk"": ""Apple"", ""act"": 0.0}, {""tk"": ""founder"", ""act"": 0.0}, {""tk"": ""of"", ""act"": 0.0}, {""tk"": ""Steve"", ""act"": 0.0}, {""tk"": ""Jobs"", ""act"": 0.0}, {""tk"": ""who"", ""act"": 0.0}, {""tk"": ""started"", ""act"": 0.0}, {""tk"": ""called"", ""act"": 0.0}, {""tk"": ""established"", ""act"": 0.0}]"
11_50131,11,50131,relationship: the person who established a company is its founder, person,4,32.5615234375,0.5325972548926721,semantic,"[{""token"": "" person"", ""index"": 4, ""distance"": 0, ""direction"": ""self""}]",n/a,Semantic,Concept,0.7,False,,Apple,"[{""tk"": ""Apple"", ""act"": 42.86566925048828}, {""tk"": ""Steve"", ""act"": 35.6882438659668}, {""tk"": ""company"", ""act"": 34.74782943725586}, {""tk"": ""iPhone"", ""act"": 29.902135848999023}, {""tk"": ""is"", ""act"": 28.8629207611084}, {""tk"": ""founder"", ""act"": 25.31222915649414}, {""tk"": ""technology"", ""act"": 25.055871963500977}, {""tk"": ""who"", ""act"": 23.43047523498535}, {""tk"": ""Jobs"", ""act"": 22.037641525268555}, {""tk"": ""of"", ""act"": 18.848554611206055}, {""tk"": ""established"", ""act"": 18.09630012512207}, {""tk"": ""the"", ""act"": 12.746837615966797}, {""tk"": ""called"", ""act"": 4.862068176269531}, {""tk"": ""started"", ""act"": 2.9497878551483154}]"
11_4461,11,4461,relationship: the person who established a company is its founder, company,8,6.21978759765625,0.9090909090909092,semantic,"[{""token"": "" company"", ""index"": 8, ""distance"": 0, ""direction"": ""self""}]",n/a,Semantic,Concept,0.7,False,,company,"[{""tk"": ""company"", ""act"": 6.21978759765625}, {""tk"": ""is"", ""act"": 0.0}, {""tk"": ""the"", ""act"": 0.0}, {""tk"": ""iPhone"", ""act"": 0.0}, {""tk"": ""technology"", ""act"": 0.0}, {""tk"": ""Apple"", ""act"": 0.0}, {""tk"": ""founder"", ""act"": 0.0}, {""tk"": ""of"", ""act"": 0.0}, {""tk"": ""Steve"", ""act"": 0.0}, {""tk"": ""Jobs"", ""act"": 0.0}, {""tk"": ""who"", ""act"": 0.0}, {""tk"": ""started"", ""act"": 0.0}, {""tk"": ""called"", ""act"": 0.0}, {""tk"": ""established"", ""act"": 0.0}]"
11_9574,11,9574,relationship: the person who established a company is its founder, is,9,2.307380199432373,0.9090909090909092,functional,"[{""token"": "" founder"", ""index"": 11, ""distance"": 2, ""direction"": ""forward""}]",json,"Say ""X""",,1.0,False,,Say (called),"[{""tk"": ""is"", ""act"": 3.108989715576172}, {""tk"": ""the"", ""act"": 0.0}, {""tk"": ""iPhone"", ""act"": 0.0}, {""tk"": ""technology"", ""act"": 0.0}, {""tk"": ""company"", ""act"": 0.0}, {""tk"": ""Apple"", ""act"": 0.0}, {""tk"": ""founder"", ""act"": 0.0}, {""tk"": ""of"", ""act"": 0.0}, {""tk"": ""Steve"", ""act"": 0.0}, {""tk"": ""Jobs"", ""act"": 0.0}, {""tk"": ""who"", ""act"": 0.0}, {""tk"": ""started"", ""act"": 0.0}, {""tk"": ""called"", ""act"": 0.0}, {""tk"": ""established"", ""act"": 0.0}]"
11_70100,11,70100,relationship: the person who established a company is its founder,relationship,1,0.0,0.0,semantic,"[{""token"": ""relationship"", ""index"": 1, ""distance"": 0, ""direction"": ""self""}]",n/a,Relationship,,1.0,False,,(is) related,"[{""tk"": ""is"", ""act"": 0.0}, {""tk"": ""the"", ""act"": 0.0}, {""tk"": ""iPhone"", ""act"": 0.0}, {""tk"": ""technology"", ""act"": 0.0}, {""tk"": ""company"", ""act"": 0.0}, {""tk"": ""Apple"", ""act"": 0.0}, {""tk"": ""founder"", ""act"": 0.0}, {""tk"": ""of"", ""act"": 0.0}, {""tk"": ""Steve"", ""act"": 0.0}, {""tk"": ""Jobs"", ""act"": 0.0}, {""tk"": ""who"", ""act"": 0.0}, {""tk"": ""started"", ""act"": 0.0}, {""tk"": ""called"", ""act"": 0.0}, {""tk"": ""established"", ""act"": 0.0}]"
12_5914,12,5914,relationship: the person who established a company is its founder,relationship,1,0.0,0.0,semantic,"[{""token"": ""relationship"", ""index"": 1, ""distance"": 0, ""direction"": ""self""}]",n/a,Relationship,,1.0,False,,(is) related,"[{""tk"": ""is"", ""act"": 0.0}, {""tk"": ""the"", ""act"": 0.0}, {""tk"": ""iPhone"", ""act"": 0.0}, {""tk"": ""technology"", ""act"": 0.0}, {""tk"": ""company"", ""act"": 0.0}, {""tk"": ""Apple"", ""act"": 0.0}, {""tk"": ""founder"", ""act"": 0.0}, {""tk"": ""of"", ""act"": 0.0}, {""tk"": ""Steve"", ""act"": 0.0}, {""tk"": ""Jobs"", ""act"": 0.0}, {""tk"": ""who"", ""act"": 0.0}, {""tk"": ""started"", ""act"": 0.0}, {""tk"": ""called"", ""act"": 0.0}, {""tk"": ""established"", ""act"": 0.0}]"
13_14404,13,14404,relationship: the person who established a company is its founder,relationship,1,0.0,0.0,semantic,"[{""token"": ""relationship"", ""index"": 1, ""distance"": 0, ""direction"": ""self""}]",n/a,Semantic,Concept,0.7,False,,iphone,"[{""tk"": ""iPhone"", ""act"": 26.76209259033203}, {""tk"": ""Apple"", ""act"": 20.19862937927246}, {""tk"": ""is"", ""act"": 0.0}, {""tk"": ""the"", ""act"": 0.0}, {""tk"": ""technology"", ""act"": 0.0}, {""tk"": ""company"", ""act"": 0.0}, {""tk"": ""founder"", ""act"": 0.0}, {""tk"": ""of"", ""act"": 0.0}, {""tk"": ""Steve"", ""act"": 0.0}, {""tk"": ""Jobs"", ""act"": 0.0}, {""tk"": ""who"", ""act"": 0.0}, {""tk"": ""started"", ""act"": 0.0}, {""tk"": ""called"", ""act"": 0.0}, {""tk"": ""established"", ""act"": 0.0}]"
13_50639,13,50639,relationship: the person who established a company is its founder,relationship,1,0.0,0.0,semantic,"[{""token"": ""relationship"", ""index"": 1, ""distance"": 0, ""direction"": ""self""}]",n/a,"Say ""X""",,1.0,False,,Say (Steve),"[{""tk"": ""is"", ""act"": 6.498532295227051}, {""tk"": ""the"", ""act"": 0.0}, {""tk"": ""iPhone"", ""act"": 0.0}, {""tk"": ""technology"", ""act"": 0.0}, {""tk"": ""company"", ""act"": 0.0}, {""tk"": ""Apple"", ""act"": 0.0}, {""tk"": ""founder"", ""act"": 0.0}, {""tk"": ""of"", ""act"": 0.0}, {""tk"": ""Steve"", ""act"": 0.0}, {""tk"": ""Jobs"", ""act"": 0.0}, {""tk"": ""who"", ""act"": 0.0}, {""tk"": ""started"", ""act"": 0.0}, {""tk"": ""called"", ""act"": 0.0}, {""tk"": ""established"", ""act"": 0.0}]"
14_48493,14,48493,relationship: the person who established a company is its founder,relationship,1,0.0,0.0,semantic,"[{""token"": ""relationship"", ""index"": 1, ""distance"": 0, ""direction"": ""self""}]",n/a,Relationship,,1.0,False,,(is) related,"[{""tk"": ""is"", ""act"": 0.0}, {""tk"": ""the"", ""act"": 0.0}, {""tk"": ""iPhone"", ""act"": 0.0}, {""tk"": ""technology"", ""act"": 0.0}, {""tk"": ""company"", ""act"": 0.0}, {""tk"": ""Apple"", ""act"": 0.0}, {""tk"": ""founder"", ""act"": 0.0}, {""tk"": ""of"", ""act"": 0.0}, {""tk"": ""Steve"", ""act"": 0.0}, {""tk"": ""Jobs"", ""act"": 0.0}, {""tk"": ""who"", ""act"": 0.0}, {""tk"": ""started"", ""act"": 0.0}, {""tk"": ""called"", ""act"": 0.0}, {""tk"": ""established"", ""act"": 0.0}]"
15_2576,15,2576,relationship: the person who established a company is its founder,relationship,1,0.0,0.0,semantic,"[{""token"": ""relationship"", ""index"": 1, ""distance"": 0, ""direction"": ""self""}]",n/a,Relationship,,1.0,False,,(is) related,"[{""tk"": ""is"", ""act"": 0.0}, {""tk"": ""the"", ""act"": 0.0}, {""tk"": ""iPhone"", ""act"": 0.0}, {""tk"": ""technology"", ""act"": 0.0}, {""tk"": ""company"", ""act"": 0.0}, {""tk"": ""Apple"", ""act"": 0.0}, {""tk"": ""founder"", ""act"": 0.0}, {""tk"": ""of"", ""act"": 0.0}, {""tk"": ""Steve"", ""act"": 0.0}, {""tk"": ""Jobs"", ""act"": 0.0}, {""tk"": ""who"", ""act"": 0.0}, {""tk"": ""started"", ""act"": 0.0}, {""tk"": ""called"", ""act"": 0.0}, {""tk"": ""established"", ""act"": 0.0}]"
15_10570,15,10570,relationship: the person who established a company is its founder,relationship,1,0.0,0.0,semantic,"[{""token"": ""relationship"", ""index"": 1, ""distance"": 0, ""direction"": ""self""}]",n/a,"Say ""X""",,1.0,False,,Say (Steve),"[{""tk"": ""is"", ""act"": 2.233883857727051}, {""tk"": ""the"", ""act"": 0.0}, {""tk"": ""iPhone"", ""act"": 0.0}, {""tk"": ""technology"", ""act"": 0.0}, {""tk"": ""company"", ""act"": 0.0}, {""tk"": ""Apple"", ""act"": 0.0}, {""tk"": ""founder"", ""act"": 0.0}, {""tk"": ""of"", ""act"": 0.0}, {""tk"": ""Steve"", ""act"": 0.0}, {""tk"": ""Jobs"", ""act"": 0.0}, {""tk"": ""who"", ""act"": 0.0}, {""tk"": ""started"", ""act"": 0.0}, {""tk"": ""called"", ""act"": 0.0}, {""tk"": ""established"", ""act"": 0.0}]"
15_60736,15,60736,relationship: the person who established a company is its founder,relationship,1,0.0,0.0,semantic,"[{""token"": ""relationship"", ""index"": 1, ""distance"": 0, ""direction"": ""self""}]",n/a,Relationship,,1.0,False,,(is) related,"[{""tk"": ""is"", ""act"": 0.0}, {""tk"": ""the"", ""act"": 0.0}, {""tk"": ""iPhone"", ""act"": 0.0}, {""tk"": ""technology"", ""act"": 0.0}, {""tk"": ""company"", ""act"": 0.0}, {""tk"": ""Apple"", ""act"": 0.0}, {""tk"": ""founder"", ""act"": 0.0}, {""tk"": ""of"", ""act"": 0.0}, {""tk"": ""Steve"", ""act"": 0.0}, {""tk"": ""Jobs"", ""act"": 0.0}, {""tk"": ""who"", ""act"": 0.0}, {""tk"": ""started"", ""act"": 0.0}, {""tk"": ""called"", ""act"": 0.0}, {""tk"": ""established"", ""act"": 0.0}]"
15_68530,15,68530,relationship: the person who established a company is its founder,relationship,1,0.0,0.0,semantic,"[{""token"": ""relationship"", ""index"": 1, ""distance"": 0, ""direction"": ""self""}]",n/a,"Say ""X""",,1.0,False,,Say (Steve),"[{""tk"": ""is"", ""act"": 9.829694747924805}, {""tk"": ""Steve"", ""act"": 3.0780301094055176}, {""tk"": ""the"", ""act"": 0.0}, {""tk"": ""iPhone"", ""act"": 0.0}, {""tk"": ""technology"", ""act"": 0.0}, {""tk"": ""company"", ""act"": 0.0}, {""tk"": ""Apple"", ""act"": 0.0}, {""tk"": ""founder"", ""act"": 0.0}, {""tk"": ""of"", ""act"": 0.0}, {""tk"": ""Jobs"", ""act"": 0.0}, {""tk"": ""who"", ""act"": 0.0}, {""tk"": ""started"", ""act"": 0.0}, {""tk"": ""called"", ""act"": 0.0}, {""tk"": ""established"", ""act"": 0.0}]"
15_84142,15,84142,relationship: the person who established a company is its founder,relationship,1,0.0,0.0,semantic,"[{""token"": ""relationship"", ""index"": 1, ""distance"": 0, ""direction"": ""self""}]",n/a,Relationship,,1.0,False,,(is) related,"[{""tk"": ""is"", ""act"": 0.0}, {""tk"": ""the"", ""act"": 0.0}, {""tk"": ""iPhone"", ""act"": 0.0}, {""tk"": ""technology"", ""act"": 0.0}, {""tk"": ""company"", ""act"": 0.0}, {""tk"": ""Apple"", ""act"": 0.0}, {""tk"": ""founder"", ""act"": 0.0}, {""tk"": ""of"", ""act"": 0.0}, {""tk"": ""Steve"", ""act"": 0.0}, {""tk"": ""Jobs"", ""act"": 0.0}, {""tk"": ""who"", ""act"": 0.0}, {""tk"": ""started"", ""act"": 0.0}, {""tk"": ""called"", ""act"": 0.0}, {""tk"": ""established"", ""act"": 0.0}]"
16_6418,16,6418,relationship: the person who established a company is its founder, its,10,18.21941947937012,0.7645078437857773,functional,"[{""token"": "" founder"", ""index"": 11, ""distance"": 1, ""direction"": ""forward""}]",json,"Say ""X""",,1.0,False,,Say (founder),"[{""tk"": ""the"", ""act"": 28.591772079467773}, {""tk"": ""called"", ""act"": 24.349594116210938}, {""tk"": ""is"", ""act"": 21.090768814086914}, {""tk"": ""company"", ""act"": 12.138047218322754}, {""tk"": ""founder"", ""act"": 7.059747695922852}, {""tk"": ""iPhone"", ""act"": 0.0}, {""tk"": ""technology"", ""act"": 0.0}, {""tk"": ""Apple"", ""act"": 0.0}, {""tk"": ""of"", ""act"": 0.0}, {""tk"": ""Steve"", ""act"": 0.0}, {""tk"": ""Jobs"", ""act"": 0.0}, {""tk"": ""who"", ""act"": 0.0}, {""tk"": ""started"", ""act"": 0.0}, {""tk"": ""established"", ""act"": 0.0}]"
16_45093,16,45093,relationship: the person who established a company is its founder,relationship,1,0.0,0.0,semantic,"[{""token"": ""relationship"", ""index"": 1, ""distance"": 0, ""direction"": ""self""}]",n/a,Relationship,,1.0,False,,(is) related,"[{""tk"": ""is"", ""act"": 0.0}, {""tk"": ""the"", ""act"": 0.0}, {""tk"": ""iPhone"", ""act"": 0.0}, {""tk"": ""technology"", ""act"": 0.0}, {""tk"": ""company"", ""act"": 0.0}, {""tk"": ""Apple"", ""act"": 0.0}, {""tk"": ""founder"", ""act"": 0.0}, {""tk"": ""of"", ""act"": 0.0}, {""tk"": ""Steve"", ""act"": 0.0}, {""tk"": ""Jobs"", ""act"": 0.0}, {""tk"": ""who"", ""act"": 0.0}, {""tk"": ""started"", ""act"": 0.0}, {""tk"": ""called"", ""act"": 0.0}, {""tk"": ""established"", ""act"": 0.0}]"
16_47358,16,47358,relationship: the person who established a company is its founder,relationship,1,0.0,0.0,semantic,"[{""token"": ""relationship"", ""index"": 1, ""distance"": 0, ""direction"": ""self""}]",n/a,Semantic,Concept,0.5,False,,called,"[{""tk"": ""is"", ""act"": 28.910015106201172}, {""tk"": ""Apple"", ""act"": 19.838096618652344}, {""tk"": ""called"", ""act"": 12.649178504943848}, {""tk"": ""the"", ""act"": 12.119336128234863}, {""tk"": ""Steve"", ""act"": 10.320988655090332}, {""tk"": ""Jobs"", ""act"": 0.8038663864135742}, {""tk"": ""iPhone"", ""act"": 0.0}, {""tk"": ""technology"", ""act"": 0.0}, {""tk"": ""company"", ""act"": 0.0}, {""tk"": ""founder"", ""act"": 0.0}, {""tk"": ""of"", ""act"": 0.0}, {""tk"": ""who"", ""act"": 0.0}, {""tk"": ""started"", ""act"": 0.0}, {""tk"": ""established"", ""act"": 0.0}]"
16_49171,16,49171,relationship: the person who established a company is its founder,relationship,1,0.0,0.0,semantic,"[{""token"": ""relationship"", ""index"": 1, ""distance"": 0, ""direction"": ""self""}]",n/a,Relationship,,1.0,False,,(is) related,"[{""tk"": ""is"", ""act"": 0.0}, {""tk"": ""the"", ""act"": 0.0}, {""tk"": ""iPhone"", ""act"": 0.0}, {""tk"": ""technology"", ""act"": 0.0}, {""tk"": ""company"", ""act"": 0.0}, {""tk"": ""Apple"", ""act"": 0.0}, {""tk"": ""founder"", ""act"": 0.0}, {""tk"": ""of"", ""act"": 0.0}, {""tk"": ""Steve"", ""act"": 0.0}, {""tk"": ""Jobs"", ""act"": 0.0}, {""tk"": ""who"", ""act"": 0.0}, {""tk"": ""started"", ""act"": 0.0}, {""tk"": ""called"", ""act"": 0.0}, {""tk"": ""established"", ""act"": 0.0}]"
16_59763,16,59763,relationship: the person who established a company is its founder,relationship,1,0.0,0.0,semantic,"[{""token"": ""relationship"", ""index"": 1, ""distance"": 0, ""direction"": ""self""}]",n/a,"Say ""X""",,1.0,False,,Say (Steve),"[{""tk"": ""is"", ""act"": 9.955143928527832}, {""tk"": ""the"", ""act"": 0.0}, {""tk"": ""iPhone"", ""act"": 0.0}, {""tk"": ""technology"", ""act"": 0.0}, {""tk"": ""company"", ""act"": 0.0}, {""tk"": ""Apple"", ""act"": 0.0}, {""tk"": ""founder"", ""act"": 0.0}, {""tk"": ""of"", ""act"": 0.0}, {""tk"": ""Steve"", ""act"": 0.0}, {""tk"": ""Jobs"", ""act"": 0.0}, {""tk"": ""who"", ""act"": 0.0}, {""tk"": ""started"", ""act"": 0.0}, {""tk"": ""called"", ""act"": 0.0}, {""tk"": ""established"", ""act"": 0.0}]"
16_62641,16,62641,relationship: the person who established a company is its founder,relationship,1,0.0,0.0,semantic,"[{""token"": ""relationship"", ""index"": 1, ""distance"": 0, ""direction"": ""self""}]",n/a,Relationship,,1.0,False,,(is) related,"[{""tk"": ""is"", ""act"": 0.0}, {""tk"": ""the"", ""act"": 0.0}, {""tk"": ""iPhone"", ""act"": 0.0}, {""tk"": ""technology"", ""act"": 0.0}, {""tk"": ""company"", ""act"": 0.0}, {""tk"": ""Apple"", ""act"": 0.0}, {""tk"": ""founder"", ""act"": 0.0}, {""tk"": ""of"", ""act"": 0.0}, {""tk"": ""Steve"", ""act"": 0.0}, {""tk"": ""Jobs"", ""act"": 0.0}, {""tk"": ""who"", ""act"": 0.0}, {""tk"": ""started"", ""act"": 0.0}, {""tk"": ""called"", ""act"": 0.0}, {""tk"": ""established"", ""act"": 0.0}]"
16_71228,16,71228,relationship: the person who established a company is its founder,relationship,1,0.0,0.0,semantic,"[{""token"": ""relationship"", ""index"": 1, ""distance"": 0, ""direction"": ""self""}]",n/a,"Say ""X""",,1.0,False,,Say (Apple),"[{""tk"": ""is"", ""act"": 7.649389743804932}, {""tk"": ""technology"", ""act"": 7.600085735321045}, {""tk"": ""the"", ""act"": 4.7744832038879395}, {""tk"": ""called"", ""act"": 2.8876395225524902}, {""tk"": ""founder"", ""act"": 1.6726727485656738}, {""tk"": ""iPhone"", ""act"": 0.0}, {""tk"": ""company"", ""act"": 0.0}, {""tk"": ""Apple"", ""act"": 0.0}, {""tk"": ""of"", ""act"": 0.0}, {""tk"": ""Steve"", ""act"": 0.0}, {""tk"": ""Jobs"", ""act"": 0.0}, {""tk"": ""who"", ""act"": 0.0}, {""tk"": ""started"", ""act"": 0.0}, {""tk"": ""established"", ""act"": 0.0}]"
16_73155,16,73155,relationship: the person who established a company is its founder,relationship,1,0.0,0.0,semantic,"[{""token"": ""relationship"", ""index"": 1, ""distance"": 0, ""direction"": ""self""}]",n/a,Relationship,,1.0,False,,(is) related,"[{""tk"": ""is"", ""act"": 0.0}, {""tk"": ""the"", ""act"": 0.0}, {""tk"": ""iPhone"", ""act"": 0.0}, {""tk"": ""technology"", ""act"": 0.0}, {""tk"": ""company"", ""act"": 0.0}, {""tk"": ""Apple"", ""act"": 0.0}, {""tk"": ""founder"", ""act"": 0.0}, {""tk"": ""of"", ""act"": 0.0}, {""tk"": ""Steve"", ""act"": 0.0}, {""tk"": ""Jobs"", ""act"": 0.0}, {""tk"": ""who"", ""act"": 0.0}, {""tk"": ""started"", ""act"": 0.0}, {""tk"": ""called"", ""act"": 0.0}, {""tk"": ""established"", ""act"": 0.0}]"
16_83757,16,83757,relationship: the person who established a company is its founder,relationship,1,0.0,0.0,semantic,"[{""token"": ""relationship"", ""index"": 1, ""distance"": 0, ""direction"": ""self""}]",n/a,"Say ""X""",,1.0,False,,Say (Steve),"[{""tk"": ""is"", ""act"": 6.296390056610107}, {""tk"": ""the"", ""act"": 0.0}, {""tk"": ""iPhone"", ""act"": 0.0}, {""tk"": ""technology"", ""act"": 0.0}, {""tk"": ""company"", ""act"": 0.0}, {""tk"": ""Apple"", ""act"": 0.0}, {""tk"": ""founder"", ""act"": 0.0}, {""tk"": ""of"", ""act"": 0.0}, {""tk"": ""Steve"", ""act"": 0.0}, {""tk"": ""Jobs"", ""act"": 0.0}, {""tk"": ""who"", ""act"": 0.0}, {""tk"": ""started"", ""act"": 0.0}, {""tk"": ""called"", ""act"": 0.0}, {""tk"": ""established"", ""act"": 0.0}]"
16_83969,16,83969,relationship: the person who established a company is its founder,relationship,1,0.0,0.0,semantic,"[{""token"": ""relationship"", ""index"": 1, ""distance"": 0, ""direction"": ""self""}]",n/a,Semantic,Concept,0.7,False,,iphone,"[{""tk"": ""iPhone"", ""act"": 21.878177642822266}, {""tk"": ""Apple"", ""act"": 16.727567672729492}, {""tk"": ""is"", ""act"": 12.604499816894531}, {""tk"": ""Steve"", ""act"": 2.620940685272217}, {""tk"": ""the"", ""act"": 2.4702186584472656}, {""tk"": ""technology"", ""act"": 0.0}, {""tk"": ""company"", ""act"": 0.0}, {""tk"": ""founder"", ""act"": 0.0}, {""tk"": ""of"", ""act"": 0.0}, {""tk"": ""Jobs"", ""act"": 0.0}, {""tk"": ""who"", ""act"": 0.0}, {""tk"": ""started"", ""act"": 0.0}, {""tk"": ""called"", ""act"": 0.0}, {""tk"": ""established"", ""act"": 0.0}]"
17_7609,17,7609,relationship: the person who established a company is its founder,relationship,1,0.0,0.0,semantic,"[{""token"": ""relationship"", ""index"": 1, ""distance"": 0, ""direction"": ""self""}]",n/a,"Say ""X""",,1.0,False,,Say (Steve),"[{""tk"": ""is"", ""act"": 21.694923400878906}, {""tk"": ""the"", ""act"": 0.0}, {""tk"": ""iPhone"", ""act"": 0.0}, {""tk"": ""technology"", ""act"": 0.0}, {""tk"": ""company"", ""act"": 0.0}, {""tk"": ""Apple"", ""act"": 0.0}, {""tk"": ""founder"", ""act"": 0.0}, {""tk"": ""of"", ""act"": 0.0}, {""tk"": ""Steve"", ""act"": 0.0}, {""tk"": ""Jobs"", ""act"": 0.0}, {""tk"": ""who"", ""act"": 0.0}, {""tk"": ""started"", ""act"": 0.0}, {""tk"": ""called"", ""act"": 0.0}, {""tk"": ""established"", ""act"": 0.0}]"
17_26364,17,26364,relationship: the person who established a company is its founder,relationship,1,0.0,0.0,semantic,"[{""token"": ""relationship"", ""index"": 1, ""distance"": 0, ""direction"": ""self""}]",n/a,"Say ""X""",,1.0,False,,Say (Steve),"[{""tk"": ""is"", ""act"": 17.194828033447266}, {""tk"": ""Apple"", ""act"": 6.905239105224609}, {""tk"": ""the"", ""act"": 0.0}, {""tk"": ""iPhone"", ""act"": 0.0}, {""tk"": ""technology"", ""act"": 0.0}, {""tk"": ""company"", ""act"": 0.0}, {""tk"": ""founder"", ""act"": 0.0}, {""tk"": ""of"", ""act"": 0.0}, {""tk"": ""Steve"", ""act"": 0.0}, {""tk"": ""Jobs"", ""act"": 0.0}, {""tk"": ""who"", ""act"": 0.0}, {""tk"": ""started"", ""act"": 0.0}, {""tk"": ""called"", ""act"": 0.0}, {""tk"": ""established"", ""act"": 0.0}]"
17_63557,17,63557,relationship: the person who established a company is its founder,relationship,1,0.0,0.0,semantic,"[{""token"": ""relationship"", ""index"": 1, ""distance"": 0, ""direction"": ""self""}]",n/a,"Say ""X""",,1.0,False,,Say (Steve),"[{""tk"": ""is"", ""act"": 31.50575828552246}, {""tk"": ""Apple"", ""act"": 6.035430908203125}, {""tk"": ""the"", ""act"": 0.0}, {""tk"": ""iPhone"", ""act"": 0.0}, {""tk"": ""technology"", ""act"": 0.0}, {""tk"": ""company"", ""act"": 0.0}, {""tk"": ""founder"", ""act"": 0.0}, {""tk"": ""of"", ""act"": 0.0}, {""tk"": ""Steve"", ""act"": 0.0}, {""tk"": ""Jobs"", ""act"": 0.0}, {""tk"": ""who"", ""act"": 0.0}, {""tk"": ""started"", ""act"": 0.0}, {""tk"": ""called"", ""act"": 0.0}, {""tk"": ""established"", ""act"": 0.0}]"
18_32240,18,32240,relationship: the person who established a company is its founder, company,8,24.703628540039062,0.9090909090909092,semantic,"[{""token"": "" company"", ""index"": 8, ""distance"": 0, ""direction"": ""self""}]",n/a,Semantic,Concept,0.7,False,,company,"[{""tk"": ""company"", ""act"": 24.703628540039062}, {""tk"": ""is"", ""act"": 0.0}, {""tk"": ""the"", ""act"": 0.0}, {""tk"": ""iPhone"", ""act"": 0.0}, {""tk"": ""technology"", ""act"": 0.0}, {""tk"": ""Apple"", ""act"": 0.0}, {""tk"": ""founder"", ""act"": 0.0}, {""tk"": ""of"", ""act"": 0.0}, {""tk"": ""Steve"", ""act"": 0.0}, {""tk"": ""Jobs"", ""act"": 0.0}, {""tk"": ""who"", ""act"": 0.0}, {""tk"": ""started"", ""act"": 0.0}, {""tk"": ""called"", ""act"": 0.0}, {""tk"": ""established"", ""act"": 0.0}]"
18_8654,18,8654,relationship: the person who established a company is its founder,relationship,1,0.0,0.0,semantic,"[{""token"": ""relationship"", ""index"": 1, ""distance"": 0, ""direction"": ""self""}]",n/a,Semantic,Concept,0.7,False,,iphone,"[{""tk"": ""iPhone"", ""act"": 33.774173736572266}, {""tk"": ""Apple"", ""act"": 24.499181747436523}, {""tk"": ""is"", ""act"": 22.238235473632812}, {""tk"": ""Steve"", ""act"": 15.52254867553711}, {""tk"": ""the"", ""act"": 0.0}, {""tk"": ""technology"", ""act"": 0.0}, {""tk"": ""company"", ""act"": 0.0}, {""tk"": ""founder"", ""act"": 0.0}, {""tk"": ""of"", ""act"": 0.0}, {""tk"": ""Jobs"", ""act"": 0.0}, {""tk"": ""who"", ""act"": 0.0}, {""tk"": ""started"", ""act"": 0.0}, {""tk"": ""called"", ""act"": 0.0}, {""tk"": ""established"", ""act"": 0.0}]"
18_12598,18,12598,relationship: the person who established a company is its founder,relationship,1,0.0,0.0,semantic,"[{""token"": ""relationship"", ""index"": 1, ""distance"": 0, ""direction"": ""self""}]",n/a,Semantic,Concept,0.7258062960427178,False,,Apple,"[{""tk"": ""is"", ""act"": 48.25050354003906}, {""tk"": ""Apple"", ""act"": 41.0167236328125}, {""tk"": ""Steve"", ""act"": 38.064613342285156}, {""tk"": ""iPhone"", ""act"": 28.66970443725586}, {""tk"": ""Jobs"", ""act"": 11.661492347717285}, {""tk"": ""the"", ""act"": 0.0}, {""tk"": ""technology"", ""act"": 0.0}, {""tk"": ""company"", ""act"": 0.0}, {""tk"": ""founder"", ""act"": 0.0}, {""tk"": ""of"", ""act"": 0.0}, {""tk"": ""who"", ""act"": 0.0}, {""tk"": ""started"", ""act"": 0.0}, {""tk"": ""called"", ""act"": 0.0}, {""tk"": ""established"", ""act"": 0.0}]"
18_13087,18,13087,relationship: the person who established a company is its founder,relationship,1,0.0,0.0,semantic,"[{""token"": ""relationship"", ""index"": 1, ""distance"": 0, ""direction"": ""self""}]",n/a,"Say ""X""",,1.0,False,,Say (Steve),"[{""tk"": ""is"", ""act"": 19.087020874023438}, {""tk"": ""Apple"", ""act"": 3.1269655227661133}, {""tk"": ""the"", ""act"": 0.0}, {""tk"": ""iPhone"", ""act"": 0.0}, {""tk"": ""technology"", ""act"": 0.0}, {""tk"": ""company"", ""act"": 0.0}, {""tk"": ""founder"", ""act"": 0.0}, {""tk"": ""of"", ""act"": 0.0}, {""tk"": ""Steve"", ""act"": 0.0}, {""tk"": ""Jobs"", ""act"": 0.0}, {""tk"": ""who"", ""act"": 0.0}, {""tk"": ""started"", ""act"": 0.0}, {""tk"": ""called"", ""act"": 0.0}, {""tk"": ""established"", ""act"": 0.0}]"
18_80625,18,80625,relationship: the person who established a company is its founder,relationship,1,0.0,0.0,semantic,"[{""token"": ""relationship"", ""index"": 1, ""distance"": 0, ""direction"": ""self""}]",n/a,Relationship,,1.0,False,,(is) related,"[{""tk"": ""is"", ""act"": 0.0}, {""tk"": ""the"", ""act"": 0.0}, {""tk"": ""iPhone"", ""act"": 0.0}, {""tk"": ""technology"", ""act"": 0.0}, {""tk"": ""company"", ""act"": 0.0}, {""tk"": ""Apple"", ""act"": 0.0}, {""tk"": ""founder"", ""act"": 0.0}, {""tk"": ""of"", ""act"": 0.0}, {""tk"": ""Steve"", ""act"": 0.0}, {""tk"": ""Jobs"", ""act"": 0.0}, {""tk"": ""who"", ""act"": 0.0}, {""tk"": ""started"", ""act"": 0.0}, {""tk"": ""called"", ""act"": 0.0}, {""tk"": ""established"", ""act"": 0.0}]"
19_4971,19,4971,relationship: the person who established a company is its founder, its,10,24.328941345214844,0.903130567440348,functional,"[{""token"": "" founder"", ""index"": 11, ""distance"": 1, ""direction"": ""forward""}]",json,"Say ""X""",,1.0,False,,Say (founder),"[{""tk"": ""the"", ""act"": 27.69141960144043}, {""tk"": ""called"", ""act"": 21.956043243408203}, {""tk"": ""is"", ""act"": 15.361166954040527}, {""tk"": ""founder"", ""act"": 13.689627647399902}, {""tk"": ""Jobs"", ""act"": 0.07552623748779297}, {""tk"": ""iPhone"", ""act"": 0.0}, {""tk"": ""technology"", ""act"": 0.0}, {""tk"": ""company"", ""act"": 0.0}, {""tk"": ""Apple"", ""act"": 0.0}, {""tk"": ""of"", ""act"": 0.0}, {""tk"": ""Steve"", ""act"": 0.0}, {""tk"": ""who"", ""act"": 0.0}, {""tk"": ""started"", ""act"": 0.0}, {""tk"": ""established"", ""act"": 0.0}]"
19_46054,19,46054,relationship: the person who established a company is its founder,relationship,1,0.0,0.0,semantic,"[{""token"": ""relationship"", ""index"": 1, ""distance"": 0, ""direction"": ""self""}]",n/a,Relationship,,1.0,False,,(is) related,"[{""tk"": ""is"", ""act"": 0.0}, {""tk"": ""the"", ""act"": 0.0}, {""tk"": ""iPhone"", ""act"": 0.0}, {""tk"": ""technology"", ""act"": 0.0}, {""tk"": ""company"", ""act"": 0.0}, {""tk"": ""Apple"", ""act"": 0.0}, {""tk"": ""founder"", ""act"": 0.0}, {""tk"": ""of"", ""act"": 0.0}, {""tk"": ""Steve"", ""act"": 0.0}, {""tk"": ""Jobs"", ""act"": 0.0}, {""tk"": ""who"", ""act"": 0.0}, {""tk"": ""started"", ""act"": 0.0}, {""tk"": ""called"", ""act"": 0.0}, {""tk"": ""established"", ""act"": 0.0}]"
19_9922,19,9922,relationship: the person who established a company is its founder,relationship,1,0.0,0.0,semantic,"[{""token"": ""relationship"", ""index"": 1, ""distance"": 0, ""direction"": ""self""}]",n/a,Relationship,,1.0,False,,(is) related,"[{""tk"": ""is"", ""act"": 0.0}, {""tk"": ""the"", ""act"": 0.0}, {""tk"": ""iPhone"", ""act"": 0.0}, {""tk"": ""technology"", ""act"": 0.0}, {""tk"": ""company"", ""act"": 0.0}, {""tk"": ""Apple"", ""act"": 0.0}, {""tk"": ""founder"", ""act"": 0.0}, {""tk"": ""of"", ""act"": 0.0}, {""tk"": ""Steve"", ""act"": 0.0}, {""tk"": ""Jobs"", ""act"": 0.0}, {""tk"": ""who"", ""act"": 0.0}, {""tk"": ""started"", ""act"": 0.0}, {""tk"": ""called"", ""act"": 0.0}, {""tk"": ""established"", ""act"": 0.0}]"
19_16402,19,16402,relationship: the person who established a company is its founder,relationship,1,0.0,0.0,semantic,"[{""token"": ""relationship"", ""index"": 1, ""distance"": 0, ""direction"": ""self""}]",n/a,Semantic,Concept,0.7,False,,Apple,"[{""tk"": ""Apple"", ""act"": 16.021486282348633}, {""tk"": ""is"", ""act"": 14.374685287475586}, {""tk"": ""Steve"", ""act"": 12.850915908813477}, {""tk"": ""technology"", ""act"": 4.547060966491699}, {""tk"": ""company"", ""act"": 2.788982391357422}, {""tk"": ""started"", ""act"": 2.372182846069336}, {""tk"": ""the"", ""act"": 0.0}, {""tk"": ""iPhone"", ""act"": 0.0}, {""tk"": ""founder"", ""act"": 0.0}, {""tk"": ""of"", ""act"": 0.0}, {""tk"": ""Jobs"", ""act"": 0.0}, {""tk"": ""who"", ""act"": 0.0}, {""tk"": ""called"", ""act"": 0.0}, {""tk"": ""established"", ""act"": 0.0}]"
19_72684,19,72684,relationship: the person who established a company is its founder,relationship,1,0.0,0.0,semantic,"[{""token"": ""relationship"", ""index"": 1, ""distance"": 0, ""direction"": ""self""}]",n/a,Semantic,Dictionary,1.0,False,,Steve,"[{""tk"": ""Steve"", ""act"": 46.7109375}, {""tk"": ""is"", ""act"": 39.66258239746094}, {""tk"": ""Apple"", ""act"": 11.21017074584961}, {""tk"": ""Jobs"", ""act"": 2.215528964996338}, {""tk"": ""the"", ""act"": 0.0}, {""tk"": ""iPhone"", ""act"": 0.0}, {""tk"": ""technology"", ""act"": 0.0}, {""tk"": ""company"", ""act"": 0.0}, {""tk"": ""founder"", ""act"": 0.0}, {""tk"": ""of"", ""act"": 0.0}, {""tk"": ""who"", ""act"": 0.0}, {""tk"": ""started"", ""act"": 0.0}, {""tk"": ""called"", ""act"": 0.0}, {""tk"": ""established"", ""act"": 0.0}]"
19_80360,19,80360,relationship: the person who established a company is its founder,relationship,1,0.0,0.0,semantic,"[{""token"": ""relationship"", ""index"": 1, ""distance"": 0, ""direction"": ""self""}]",n/a,Semantic,Dictionary,1.0,False,,iphone,"[{""tk"": ""iPhone"", ""act"": 36.54338455200195}, {""tk"": ""is"", ""act"": 0.0}, {""tk"": ""the"", ""act"": 0.0}, {""tk"": ""technology"", ""act"": 0.0}, {""tk"": ""company"", ""act"": 0.0}, {""tk"": ""Apple"", ""act"": 0.0}, {""tk"": ""founder"", ""act"": 0.0}, {""tk"": ""of"", ""act"": 0.0}, {""tk"": ""Steve"", ""act"": 0.0}, {""tk"": ""Jobs"", ""act"": 0.0}, {""tk"": ""who"", ""act"": 0.0}, {""tk"": ""started"", ""act"": 0.0}, {""tk"": ""called"", ""act"": 0.0}, {""tk"": ""established"", ""act"": 0.0}]"
19_93684,19,93684,relationship: the person who established a company is its founder,relationship,1,0.0,0.0,semantic,"[{""token"": ""relationship"", ""index"": 1, ""distance"": 0, ""direction"": ""self""}]",n/a,"Say ""X""",,1.0,False,,Say (Steve),"[{""tk"": ""is"", ""act"": 9.75384521484375}, {""tk"": ""Apple"", ""act"": 8.901876449584961}, {""tk"": ""Jobs"", ""act"": 0.8906574249267578}, {""tk"": ""the"", ""act"": 0.0}, {""tk"": ""iPhone"", ""act"": 0.0}, {""tk"": ""technology"", ""act"": 0.0}, {""tk"": ""company"", ""act"": 0.0}, {""tk"": ""founder"", ""act"": 0.0}, {""tk"": ""of"", ""act"": 0.0}, {""tk"": ""Steve"", ""act"": 0.0}, {""tk"": ""who"", ""act"": 0.0}, {""tk"": ""started"", ""act"": 0.0}, {""tk"": ""called"", ""act"": 0.0}, {""tk"": ""established"", ""act"": 0.0}]"
20_23306,20,23306,relationship: the person who established a company is its founder,relationship,1,0.0,0.0,semantic,"[{""token"": ""relationship"", ""index"": 1, ""distance"": 0, ""direction"": ""self""}]",n/a,"Say ""X""",,1.0,False,,Say (Steve),"[{""tk"": ""is"", ""act"": 19.553627014160156}, {""tk"": ""Apple"", ""act"": 1.0233337879180908}, {""tk"": ""the"", ""act"": 0.0}, {""tk"": ""iPhone"", ""act"": 0.0}, {""tk"": ""technology"", ""act"": 0.0}, {""tk"": ""company"", ""act"": 0.0}, {""tk"": ""founder"", ""act"": 0.0}, {""tk"": ""of"", ""act"": 0.0}, {""tk"": ""Steve"", ""act"": 0.0}, {""tk"": ""Jobs"", ""act"": 0.0}, {""tk"": ""who"", ""act"": 0.0}, {""tk"": ""started"", ""act"": 0.0}, {""tk"": ""called"", ""act"": 0.0}, {""tk"": ""established"", ""act"": 0.0}]"
20_51510,20,51510,relationship: the person who established a company is its founder,relationship,1,0.0,0.0,semantic,"[{""token"": ""relationship"", ""index"": 1, ""distance"": 0, ""direction"": ""self""}]",n/a,"Say ""X""",,1.0,False,,Say (Steve),"[{""tk"": ""is"", ""act"": 14.046775817871094}, {""tk"": ""Steve"", ""act"": 1.7046761512756348}, {""tk"": ""the"", ""act"": 0.0}, {""tk"": ""iPhone"", ""act"": 0.0}, {""tk"": ""technology"", ""act"": 0.0}, {""tk"": ""company"", ""act"": 0.0}, {""tk"": ""Apple"", ""act"": 0.0}, {""tk"": ""founder"", ""act"": 0.0}, {""tk"": ""of"", ""act"": 0.0}, {""tk"": ""Jobs"", ""act"": 0.0}, {""tk"": ""who"", ""act"": 0.0}, {""tk"": ""started"", ""act"": 0.0}, {""tk"": ""called"", ""act"": 0.0}, {""tk"": ""established"", ""act"": 0.0}]"
20_13074,20,13074,relationship: the person who established a company is its founder,relationship,1,0.0,0.0,semantic,"[{""token"": ""relationship"", ""index"": 1, ""distance"": 0, ""direction"": ""self""}]",n/a,Semantic,Concept,0.7949928930285114,False,,iphone,"[{""tk"": ""iPhone"", ""act"": 4.699283599853516}, {""tk"": ""is"", ""act"": 3.7358970642089844}, {""tk"": ""the"", ""act"": 0.0}, {""tk"": ""technology"", ""act"": 0.0}, {""tk"": ""company"", ""act"": 0.0}, {""tk"": ""Apple"", ""act"": 0.0}, {""tk"": ""founder"", ""act"": 0.0}, {""tk"": ""of"", ""act"": 0.0}, {""tk"": ""Steve"", ""act"": 0.0}, {""tk"": ""Jobs"", ""act"": 0.0}, {""tk"": ""who"", ""act"": 0.0}, {""tk"": ""started"", ""act"": 0.0}, {""tk"": ""called"", ""act"": 0.0}, {""tk"": ""established"", ""act"": 0.0}]"
20_31449,20,31449,relationship: the person who established a company is its founder,relationship,1,0.0,0.0,semantic,"[{""token"": ""relationship"", ""index"": 1, ""distance"": 0, ""direction"": ""self""}]",n/a,"Say ""X""",,1.0,False,,Say (Steve),"[{""tk"": ""is"", ""act"": 4.13261604309082}, {""tk"": ""the"", ""act"": 0.0}, {""tk"": ""iPhone"", ""act"": 0.0}, {""tk"": ""technology"", ""act"": 0.0}, {""tk"": ""company"", ""act"": 0.0}, {""tk"": ""Apple"", ""act"": 0.0}, {""tk"": ""founder"", ""act"": 0.0}, {""tk"": ""of"", ""act"": 0.0}, {""tk"": ""Steve"", ""act"": 0.0}, {""tk"": ""Jobs"", ""act"": 0.0}, {""tk"": ""who"", ""act"": 0.0}, {""tk"": ""started"", ""act"": 0.0}, {""tk"": ""called"", ""act"": 0.0}, {""tk"": ""established"", ""act"": 0.0}]"
20_42046,20,42046,relationship: the person who established a company is its founder,relationship,1,0.0,0.0,semantic,"[{""token"": ""relationship"", ""index"": 1, ""distance"": 0, ""direction"": ""self""}]",n/a,Semantic,Dictionary,1.0,False,,Steve,"[{""tk"": ""Steve"", ""act"": 23.987308502197266}, {""tk"": ""is"", ""act"": 11.391357421875}, {""tk"": ""Apple"", ""act"": 7.007885932922363}, {""tk"": ""the"", ""act"": 0.0}, {""tk"": ""iPhone"", ""act"": 0.0}, {""tk"": ""technology"", ""act"": 0.0}, {""tk"": ""company"", ""act"": 0.0}, {""tk"": ""founder"", ""act"": 0.0}, {""tk"": ""of"", ""act"": 0.0}, {""tk"": ""Jobs"", ""act"": 0.0}, {""tk"": ""who"", ""act"": 0.0}, {""tk"": ""started"", ""act"": 0.0}, {""tk"": ""called"", ""act"": 0.0}, {""tk"": ""established"", ""act"": 0.0}]"
20_43021,20,43021,relationship: the person who established a company is its founder,relationship,1,0.0,0.0,semantic,"[{""token"": ""relationship"", ""index"": 1, ""distance"": 0, ""direction"": ""self""}]",n/a,"Say ""X""",,1.0,False,,Say (Steve),"[{""tk"": ""is"", ""act"": 17.233726501464844}, {""tk"": ""Apple"", ""act"": 3.005618095397949}, {""tk"": ""the"", ""act"": 0.0}, {""tk"": ""iPhone"", ""act"": 0.0}, {""tk"": ""technology"", ""act"": 0.0}, {""tk"": ""company"", ""act"": 0.0}, {""tk"": ""founder"", ""act"": 0.0}, {""tk"": ""of"", ""act"": 0.0}, {""tk"": ""Steve"", ""act"": 0.0}, {""tk"": ""Jobs"", ""act"": 0.0}, {""tk"": ""who"", ""act"": 0.0}, {""tk"": ""started"", ""act"": 0.0}, {""tk"": ""called"", ""act"": 0.0}, {""tk"": ""established"", ""act"": 0.0}]"
20_47716,20,47716,relationship: the person who established a company is its founder,relationship,1,0.0,0.0,semantic,"[{""token"": ""relationship"", ""index"": 1, ""distance"": 0, ""direction"": ""self""}]",n/a,Relationship,,1.0,False,,(is) related,"[{""tk"": ""is"", ""act"": 0.0}, {""tk"": ""the"", ""act"": 0.0}, {""tk"": ""iPhone"", ""act"": 0.0}, {""tk"": ""technology"", ""act"": 0.0}, {""tk"": ""company"", ""act"": 0.0}, {""tk"": ""Apple"", ""act"": 0.0}, {""tk"": ""founder"", ""act"": 0.0}, {""tk"": ""of"", ""act"": 0.0}, {""tk"": ""Steve"", ""act"": 0.0}, {""tk"": ""Jobs"", ""act"": 0.0}, {""tk"": ""who"", ""act"": 0.0}, {""tk"": ""started"", ""act"": 0.0}, {""tk"": ""called"", ""act"": 0.0}, {""tk"": ""established"", ""act"": 0.0}]"
20_57602,20,57602,relationship: the person who established a company is its founder,relationship,1,0.0,0.0,semantic,"[{""token"": ""relationship"", ""index"": 1, ""distance"": 0, ""direction"": ""self""}]",n/a,Semantic,Dictionary,1.0,False,,Steve,"[{""tk"": ""Steve"", ""act"": 19.095165252685547}, {""tk"": ""is"", ""act"": 15.213094711303711}, {""tk"": ""Apple"", ""act"": 3.0712602138519287}, {""tk"": ""the"", ""act"": 0.0}, {""tk"": ""iPhone"", ""act"": 0.0}, {""tk"": ""technology"", ""act"": 0.0}, {""tk"": ""company"", ""act"": 0.0}, {""tk"": ""founder"", ""act"": 0.0}, {""tk"": ""of"", ""act"": 0.0}, {""tk"": ""Jobs"", ""act"": 0.0}, {""tk"": ""who"", ""act"": 0.0}, {""tk"": ""started"", ""act"": 0.0}, {""tk"": ""called"", ""act"": 0.0}, {""tk"": ""established"", ""act"": 0.0}]"
20_63285,20,63285,relationship: the person who established a company is its founder,relationship,1,0.0,0.0,semantic,"[{""token"": ""relationship"", ""index"": 1, ""distance"": 0, ""direction"": ""self""}]",n/a,Semantic,Dictionary,1.0,False,,Apple,"[{""tk"": ""Apple"", ""act"": 41.258174896240234}, {""tk"": ""is"", ""act"": 35.194068908691406}, {""tk"": ""Steve"", ""act"": 31.91263198852539}, {""tk"": ""the"", ""act"": 0.0}, {""tk"": ""iPhone"", ""act"": 0.0}, {""tk"": ""technology"", ""act"": 0.0}, {""tk"": ""company"", ""act"": 0.0}, {""tk"": ""founder"", ""act"": 0.0}, {""tk"": ""of"", ""act"": 0.0}, {""tk"": ""Jobs"", ""act"": 0.0}, {""tk"": ""who"", ""act"": 0.0}, {""tk"": ""started"", ""act"": 0.0}, {""tk"": ""called"", ""act"": 0.0}, {""tk"": ""established"", ""act"": 0.0}]"
20_74716,20,74716,relationship: the person who established a company is its founder,relationship,1,0.0,0.0,semantic,"[{""token"": ""relationship"", ""index"": 1, ""distance"": 0, ""direction"": ""self""}]",n/a,"Say ""X""",,1.0,False,,Say (Steve),"[{""tk"": ""is"", ""act"": 25.283451080322266}, {""tk"": ""Apple"", ""act"": 17.071884155273438}, {""tk"": ""Steve"", ""act"": 16.503746032714844}, {""tk"": ""the"", ""act"": 0.0}, {""tk"": ""iPhone"", ""act"": 0.0}, {""tk"": ""technology"", ""act"": 0.0}, {""tk"": ""company"", ""act"": 0.0}, {""tk"": ""founder"", ""act"": 0.0}, {""tk"": ""of"", ""act"": 0.0}, {""tk"": ""Jobs"", ""act"": 0.0}, {""tk"": ""who"", ""act"": 0.0}, {""tk"": ""started"", ""act"": 0.0}, {""tk"": ""called"", ""act"": 0.0}, {""tk"": ""established"", ""act"": 0.0}]"
21_32828,21,32828,relationship: the person who established a company is its founder,relationship,1,0.0,0.0,semantic,"[{""token"": ""relationship"", ""index"": 1, ""distance"": 0, ""direction"": ""self""}]",n/a,"Say ""X""",,1.0,False,,Say (Steve),"[{""tk"": ""is"", ""act"": 21.2418155670166}, {""tk"": ""the"", ""act"": 0.0}, {""tk"": ""iPhone"", ""act"": 0.0}, {""tk"": ""technology"", ""act"": 0.0}, {""tk"": ""company"", ""act"": 0.0}, {""tk"": ""Apple"", ""act"": 0.0}, {""tk"": ""founder"", ""act"": 0.0}, {""tk"": ""of"", ""act"": 0.0}, {""tk"": ""Steve"", ""act"": 0.0}, {""tk"": ""Jobs"", ""act"": 0.0}, {""tk"": ""who"", ""act"": 0.0}, {""tk"": ""started"", ""act"": 0.0}, {""tk"": ""called"", ""act"": 0.0}, {""tk"": ""established"", ""act"": 0.0}]"
21_13776,21,13776,relationship: the person who established a company is its founder,relationship,1,0.0,0.0,semantic,"[{""token"": ""relationship"", ""index"": 1, ""distance"": 0, ""direction"": ""self""}]",n/a,Semantic,Concept,0.8517820074216358,False,,Apple,"[{""tk"": ""Apple"", ""act"": 15.109707832336426}, {""tk"": ""is"", ""act"": 12.870177268981934}, {""tk"": ""company"", ""act"": 10.632230758666992}, {""tk"": ""the"", ""act"": 0.0}, {""tk"": ""iPhone"", ""act"": 0.0}, {""tk"": ""technology"", ""act"": 0.0}, {""tk"": ""founder"", ""act"": 0.0}, {""tk"": ""of"", ""act"": 0.0}, {""tk"": ""Steve"", ""act"": 0.0}, {""tk"": ""Jobs"", ""act"": 0.0}, {""tk"": ""who"", ""act"": 0.0}, {""tk"": ""started"", ""act"": 0.0}, {""tk"": ""called"", ""act"": 0.0}, {""tk"": ""established"", ""act"": 0.0}]"
21_19215,21,19215,relationship: the person who established a company is its founder,relationship,1,0.0,0.0,semantic,"[{""token"": ""relationship"", ""index"": 1, ""distance"": 0, ""direction"": ""self""}]",n/a,Relationship,,1.0,False,,(is) related,"[{""tk"": ""is"", ""act"": 0.0}, {""tk"": ""the"", ""act"": 0.0}, {""tk"": ""iPhone"", ""act"": 0.0}, {""tk"": ""technology"", ""act"": 0.0}, {""tk"": ""company"", ""act"": 0.0}, {""tk"": ""Apple"", ""act"": 0.0}, {""tk"": ""founder"", ""act"": 0.0}, {""tk"": ""of"", ""act"": 0.0}, {""tk"": ""Steve"", ""act"": 0.0}, {""tk"": ""Jobs"", ""act"": 0.0}, {""tk"": ""who"", ""act"": 0.0}, {""tk"": ""started"", ""act"": 0.0}, {""tk"": ""called"", ""act"": 0.0}, {""tk"": ""established"", ""act"": 0.0}]"
21_39908,21,39908,relationship: the person who established a company is its founder,relationship,1,0.0,0.0,semantic,"[{""token"": ""relationship"", ""index"": 1, ""distance"": 0, ""direction"": ""self""}]",n/a,"Say ""X""",,1.0,False,,Say (Steve),"[{""tk"": ""is"", ""act"": 33.599021911621094}, {""tk"": ""Steve"", ""act"": 1.5713090896606445}, {""tk"": ""the"", ""act"": 0.0}, {""tk"": ""iPhone"", ""act"": 0.0}, {""tk"": ""technology"", ""act"": 0.0}, {""tk"": ""company"", ""act"": 0.0}, {""tk"": ""Apple"", ""act"": 0.0}, {""tk"": ""founder"", ""act"": 0.0}, {""tk"": ""of"", ""act"": 0.0}, {""tk"": ""Jobs"", ""act"": 0.0}, {""tk"": ""who"", ""act"": 0.0}, {""tk"": ""started"", ""act"": 0.0}, {""tk"": ""called"", ""act"": 0.0}, {""tk"": ""established"", ""act"": 0.0}]"
21_49378,21,49378,relationship: the person who established a company is its founder,relationship,1,0.0,0.0,semantic,"[{""token"": ""relationship"", ""index"": 1, ""distance"": 0, ""direction"": ""self""}]",n/a,"Say ""X""",,1.0,False,,Say (Steve),"[{""tk"": ""is"", ""act"": 15.311559677124023}, {""tk"": ""the"", ""act"": 0.0}, {""tk"": ""iPhone"", ""act"": 0.0}, {""tk"": ""technology"", ""act"": 0.0}, {""tk"": ""company"", ""act"": 0.0}, {""tk"": ""Apple"", ""act"": 0.0}, {""tk"": ""founder"", ""act"": 0.0}, {""tk"": ""of"", ""act"": 0.0}, {""tk"": ""Steve"", ""act"": 0.0}, {""tk"": ""Jobs"", ""act"": 0.0}, {""tk"": ""who"", ""act"": 0.0}, {""tk"": ""started"", ""act"": 0.0}, {""tk"": ""called"", ""act"": 0.0}, {""tk"": ""established"", ""act"": 0.0}]"
21_64230,21,64230,relationship: the person who established a company is its founder,relationship,1,0.0,0.0,semantic,"[{""token"": ""relationship"", ""index"": 1, ""distance"": 0, ""direction"": ""self""}]",n/a,Relationship,,1.0,False,,(is) related,"[{""tk"": ""is"", ""act"": 0.0}, {""tk"": ""the"", ""act"": 0.0}, {""tk"": ""iPhone"", ""act"": 0.0}, {""tk"": ""technology"", ""act"": 0.0}, {""tk"": ""company"", ""act"": 0.0}, {""tk"": ""Apple"", ""act"": 0.0}, {""tk"": ""founder"", ""act"": 0.0}, {""tk"": ""of"", ""act"": 0.0}, {""tk"": ""Steve"", ""act"": 0.0}, {""tk"": ""Jobs"", ""act"": 0.0}, {""tk"": ""who"", ""act"": 0.0}, {""tk"": ""started"", ""act"": 0.0}, {""tk"": ""called"", ""act"": 0.0}, {""tk"": ""established"", ""act"": 0.0}]"
21_71862,21,71862,relationship: the person who established a company is its founder,relationship,1,0.0,0.0,semantic,"[{""token"": ""relationship"", ""index"": 1, ""distance"": 0, ""direction"": ""self""}]",n/a,"Say ""X""",,1.0,False,,Say (Steve),"[{""tk"": ""is"", ""act"": 3.673218250274658}, {""tk"": ""the"", ""act"": 0.0}, {""tk"": ""iPhone"", ""act"": 0.0}, {""tk"": ""technology"", ""act"": 0.0}, {""tk"": ""company"", ""act"": 0.0}, {""tk"": ""Apple"", ""act"": 0.0}, {""tk"": ""founder"", ""act"": 0.0}, {""tk"": ""of"", ""act"": 0.0}, {""tk"": ""Steve"", ""act"": 0.0}, {""tk"": ""Jobs"", ""act"": 0.0}, {""tk"": ""who"", ""act"": 0.0}, {""tk"": ""started"", ""act"": 0.0}, {""tk"": ""called"", ""act"": 0.0}, {""tk"": ""established"", ""act"": 0.0}]"
21_85860,21,85860,relationship: the person who established a company is its founder,relationship,1,0.0,0.0,semantic,"[{""token"": ""relationship"", ""index"": 1, ""distance"": 0, ""direction"": ""self""}]",n/a,Semantic,Concept,0.7,False,,Apple,"[{""tk"": ""Apple"", ""act"": 14.669970512390137}, {""tk"": ""iPhone"", ""act"": 7.410037040710449}, {""tk"": ""is"", ""act"": 0.0}, {""tk"": ""the"", ""act"": 0.0}, {""tk"": ""technology"", ""act"": 0.0}, {""tk"": ""company"", ""act"": 0.0}, {""tk"": ""founder"", ""act"": 0.0}, {""tk"": ""of"", ""act"": 0.0}, {""tk"": ""Steve"", ""act"": 0.0}, {""tk"": ""Jobs"", ""act"": 0.0}, {""tk"": ""who"", ""act"": 0.0}, {""tk"": ""started"", ""act"": 0.0}, {""tk"": ""called"", ""act"": 0.0}, {""tk"": ""established"", ""act"": 0.0}]"
21_86750,21,86750,relationship: the person who established a company is its founder,relationship,1,0.0,0.0,semantic,"[{""token"": ""relationship"", ""index"": 1, ""distance"": 0, ""direction"": ""self""}]",n/a,Relationship,,1.0,False,,(is) related,"[{""tk"": ""is"", ""act"": 0.0}, {""tk"": ""the"", ""act"": 0.0}, {""tk"": ""iPhone"", ""act"": 0.0}, {""tk"": ""technology"", ""act"": 0.0}, {""tk"": ""company"", ""act"": 0.0}, {""tk"": ""Apple"", ""act"": 0.0}, {""tk"": ""founder"", ""act"": 0.0}, {""tk"": ""of"", ""act"": 0.0}, {""tk"": ""Steve"", ""act"": 0.0}, {""tk"": ""Jobs"", ""act"": 0.0}, {""tk"": ""who"", ""act"": 0.0}, {""tk"": ""started"", ""act"": 0.0}, {""tk"": ""called"", ""act"": 0.0}, {""tk"": ""established"", ""act"": 0.0}]"
22_94412,22,94412,relationship: the person who established a company is its founder,relationship,1,0.0,0.0,semantic,"[{""token"": ""relationship"", ""index"": 1, ""distance"": 0, ""direction"": ""self""}]",n/a,Semantic,Concept,0.5,False,,Apple,"[{""tk"": ""is"", ""act"": 24.150474548339844}, {""tk"": ""Apple"", ""act"": 12.276620864868164}, {""tk"": ""Steve"", ""act"": 5.13266134262085}, {""tk"": ""the"", ""act"": 0.0}, {""tk"": ""iPhone"", ""act"": 0.0}, {""tk"": ""technology"", ""act"": 0.0}, {""tk"": ""company"", ""act"": 0.0}, {""tk"": ""founder"", ""act"": 0.0}, {""tk"": ""of"", ""act"": 0.0}, {""tk"": ""Jobs"", ""act"": 0.0}, {""tk"": ""who"", ""act"": 0.0}, {""tk"": ""started"", ""act"": 0.0}, {""tk"": ""called"", ""act"": 0.0}, {""tk"": ""established"", ""act"": 0.0}]"
22_24121,22,24121,relationship: the person who established a company is its founder,relationship,1,0.0,0.0,semantic,"[{""token"": ""relationship"", ""index"": 1, ""distance"": 0, ""direction"": ""self""}]",n/a,Semantic,Dictionary,1.0,False,,Steve,"[{""tk"": ""Steve"", ""act"": 17.731365203857422}, {""tk"": ""is"", ""act"": 11.471420288085938}, {""tk"": ""the"", ""act"": 0.0}, {""tk"": ""iPhone"", ""act"": 0.0}, {""tk"": ""technology"", ""act"": 0.0}, {""tk"": ""company"", ""act"": 0.0}, {""tk"": ""Apple"", ""act"": 0.0}, {""tk"": ""founder"", ""act"": 0.0}, {""tk"": ""of"", ""act"": 0.0}, {""tk"": ""Jobs"", ""act"": 0.0}, {""tk"": ""who"", ""act"": 0.0}, {""tk"": ""started"", ""act"": 0.0}, {""tk"": ""called"", ""act"": 0.0}, {""tk"": ""established"", ""act"": 0.0}]"
22_7261,22,7261,relationship: the person who established a company is its founder,relationship,1,0.0,0.0,semantic,"[{""token"": ""relationship"", ""index"": 1, ""distance"": 0, ""direction"": ""self""}]",n/a,"Say ""X""",,1.0,False,,Say (Steve),"[{""tk"": ""is"", ""act"": 9.73313045501709}, {""tk"": ""the"", ""act"": 0.0}, {""tk"": ""iPhone"", ""act"": 0.0}, {""tk"": ""technology"", ""act"": 0.0}, {""tk"": ""company"", ""act"": 0.0}, {""tk"": ""Apple"", ""act"": 0.0}, {""tk"": ""founder"", ""act"": 0.0}, {""tk"": ""of"", ""act"": 0.0}, {""tk"": ""Steve"", ""act"": 0.0}, {""tk"": ""Jobs"", ""act"": 0.0}, {""tk"": ""who"", ""act"": 0.0}, {""tk"": ""started"", ""act"": 0.0}, {""tk"": ""called"", ""act"": 0.0}, {""tk"": ""established"", ""act"": 0.0}]"
22_1063,22,1063,relationship: the person who established a company is its founder,relationship,1,0.0,0.0,semantic,"[{""token"": ""relationship"", ""index"": 1, ""distance"": 0, ""direction"": ""self""}]",n/a,"Say ""X""",,1.0,False,,Say (Steve),"[{""tk"": ""is"", ""act"": 8.293167114257812}, {""tk"": ""the"", ""act"": 0.0}, {""tk"": ""iPhone"", ""act"": 0.0}, {""tk"": ""technology"", ""act"": 0.0}, {""tk"": ""company"", ""act"": 0.0}, {""tk"": ""Apple"", ""act"": 0.0}, {""tk"": ""founder"", ""act"": 0.0}, {""tk"": ""of"", ""act"": 0.0}, {""tk"": ""Steve"", ""act"": 0.0}, {""tk"": ""Jobs"", ""act"": 0.0}, {""tk"": ""who"", ""act"": 0.0}, {""tk"": ""started"", ""act"": 0.0}, {""tk"": ""called"", ""act"": 0.0}, {""tk"": ""established"", ""act"": 0.0}]"
22_10942,22,10942,relationship: the person who established a company is its founder,relationship,1,0.0,0.0,semantic,"[{""token"": ""relationship"", ""index"": 1, ""distance"": 0, ""direction"": ""self""}]",n/a,"Say ""X""",,1.0,False,,Say (Steve),"[{""tk"": ""is"", ""act"": 9.650199890136719}, {""tk"": ""the"", ""act"": 0.0}, {""tk"": ""iPhone"", ""act"": 0.0}, {""tk"": ""technology"", ""act"": 0.0}, {""tk"": ""company"", ""act"": 0.0}, {""tk"": ""Apple"", ""act"": 0.0}, {""tk"": ""founder"", ""act"": 0.0}, {""tk"": ""of"", ""act"": 0.0}, {""tk"": ""Steve"", ""act"": 0.0}, {""tk"": ""Jobs"", ""act"": 0.0}, {""tk"": ""who"", ""act"": 0.0}, {""tk"": ""started"", ""act"": 0.0}, {""tk"": ""called"", ""act"": 0.0}, {""tk"": ""established"", ""act"": 0.0}]"
22_85005,22,85005,relationship: the person who established a company is its founder,relationship,1,0.0,0.0,semantic,"[{""token"": ""relationship"", ""index"": 1, ""distance"": 0, ""direction"": ""self""}]",n/a,"Say ""X""",,1.0,False,,Say (Steve),"[{""tk"": ""is"", ""act"": 31.72748374938965}, {""tk"": ""Steve"", ""act"": 11.590015411376953}, {""tk"": ""Apple"", ""act"": 6.004422664642334}, {""tk"": ""Jobs"", ""act"": 1.5522236824035645}, {""tk"": ""the"", ""act"": 0.0}, {""tk"": ""iPhone"", ""act"": 0.0}, {""tk"": ""technology"", ""act"": 0.0}, {""tk"": ""company"", ""act"": 0.0}, {""tk"": ""founder"", ""act"": 0.0}, {""tk"": ""of"", ""act"": 0.0}, {""tk"": ""who"", ""act"": 0.0}, {""tk"": ""started"", ""act"": 0.0}, {""tk"": ""called"", ""act"": 0.0}, {""tk"": ""established"", ""act"": 0.0}]"
23_1666,23,1666,relationship: the person who established a company is its founder,relationship,1,0.0,0.0,semantic,"[{""token"": ""relationship"", ""index"": 1, ""distance"": 0, ""direction"": ""self""}]",n/a,"Say ""X""",,1.0,False,,Say (Steve),"[{""tk"": ""is"", ""act"": 5.953601360321045}, {""tk"": ""the"", ""act"": 0.0}, {""tk"": ""iPhone"", ""act"": 0.0}, {""tk"": ""technology"", ""act"": 0.0}, {""tk"": ""company"", ""act"": 0.0}, {""tk"": ""Apple"", ""act"": 0.0}, {""tk"": ""founder"", ""act"": 0.0}, {""tk"": ""of"", ""act"": 0.0}, {""tk"": ""Steve"", ""act"": 0.0}, {""tk"": ""Jobs"", ""act"": 0.0}, {""tk"": ""who"", ""act"": 0.0}, {""tk"": ""started"", ""act"": 0.0}, {""tk"": ""called"", ""act"": 0.0}, {""tk"": ""established"", ""act"": 0.0}]"
23_16389,23,16389,relationship: the person who established a company is its founder,relationship,1,0.0,0.0,semantic,"[{""token"": ""relationship"", ""index"": 1, ""distance"": 0, ""direction"": ""self""}]",n/a,Relationship,,1.0,False,,(is) related,"[{""tk"": ""is"", ""act"": 0.0}, {""tk"": ""the"", ""act"": 0.0}, {""tk"": ""iPhone"", ""act"": 0.0}, {""tk"": ""technology"", ""act"": 0.0}, {""tk"": ""company"", ""act"": 0.0}, {""tk"": ""Apple"", ""act"": 0.0}, {""tk"": ""founder"", ""act"": 0.0}, {""tk"": ""of"", ""act"": 0.0}, {""tk"": ""Steve"", ""act"": 0.0}, {""tk"": ""Jobs"", ""act"": 0.0}, {""tk"": ""who"", ""act"": 0.0}, {""tk"": ""started"", ""act"": 0.0}, {""tk"": ""called"", ""act"": 0.0}, {""tk"": ""established"", ""act"": 0.0}]"
23_87989,23,87989,relationship: the person who established a company is its founder,relationship,1,0.0,0.0,semantic,"[{""token"": ""relationship"", ""index"": 1, ""distance"": 0, ""direction"": ""self""}]",n/a,Relationship,,1.0,False,,(is) related,"[{""tk"": ""is"", ""act"": 0.0}, {""tk"": ""the"", ""act"": 0.0}, {""tk"": ""iPhone"", ""act"": 0.0}, {""tk"": ""technology"", ""act"": 0.0}, {""tk"": ""company"", ""act"": 0.0}, {""tk"": ""Apple"", ""act"": 0.0}, {""tk"": ""founder"", ""act"": 0.0}, {""tk"": ""of"", ""act"": 0.0}, {""tk"": ""Steve"", ""act"": 0.0}, {""tk"": ""Jobs"", ""act"": 0.0}, {""tk"": ""who"", ""act"": 0.0}, {""tk"": ""started"", ""act"": 0.0}, {""tk"": ""called"", ""act"": 0.0}, {""tk"": ""established"", ""act"": 0.0}]"
23_44742,23,44742,relationship: the person who established a company is its founder,relationship,1,0.0,0.0,semantic,"[{""token"": ""relationship"", ""index"": 1, ""distance"": 0, ""direction"": ""self""}]",n/a,Semantic,Concept,0.8564568621180703,False,,iphone,"[{""tk"": ""is"", ""act"": 16.861608505249023}, {""tk"": ""Apple"", ""act"": 16.3062686920166}, {""tk"": ""iPhone"", ""act"": 14.441240310668945}, {""tk"": ""the"", ""act"": 0.0}, {""tk"": ""technology"", ""act"": 0.0}, {""tk"": ""company"", ""act"": 0.0}, {""tk"": ""founder"", ""act"": 0.0}, {""tk"": ""of"", ""act"": 0.0}, {""tk"": ""Steve"", ""act"": 0.0}, {""tk"": ""Jobs"", ""act"": 0.0}, {""tk"": ""who"", ""act"": 0.0}, {""tk"": ""started"", ""act"": 0.0}, {""tk"": ""called"", ""act"": 0.0}, {""tk"": ""established"", ""act"": 0.0}]"
24_79427,24,79427,relationship: the person who established a company is its founder, its,10,63.538700103759766,0.8000086470205174,functional,"[{""token"": "" founder"", ""index"": 11, ""distance"": 1, ""direction"": ""forward""}]",json,Semantic,Concept,0.7,False,,Steve,"[{""tk"": ""Steve"", ""act"": 138.78564453125}, {""tk"": ""is"", ""act"": 71.5973892211914}, {""tk"": ""the"", ""act"": 62.97042465209961}, {""tk"": ""of"", ""act"": 43.29286193847656}, {""tk"": ""Apple"", ""act"": 20.790451049804688}, {""tk"": ""founder"", ""act"": 13.590836524963379}, {""tk"": ""established"", ""act"": 8.82997989654541}, {""tk"": ""iPhone"", ""act"": 0.0}, {""tk"": ""technology"", ""act"": 0.0}, {""tk"": ""company"", ""act"": 0.0}, {""tk"": ""Jobs"", ""act"": 0.0}, {""tk"": ""who"", ""act"": 0.0}, {""tk"": ""started"", ""act"": 0.0}, {""tk"": ""called"", ""act"": 0.0}]"
24_2574,24,2574,relationship: the person who established a company is its founder,relationship,1,0.0,0.0,semantic,"[{""token"": ""relationship"", ""index"": 1, ""distance"": 0, ""direction"": ""self""}]",n/a,Semantic,Dictionary,1.0,False,,Steve,"[{""tk"": ""Steve"", ""act"": 43.48797607421875}, {""tk"": ""is"", ""act"": 34.782955169677734}, {""tk"": ""the"", ""act"": 0.0}, {""tk"": ""iPhone"", ""act"": 0.0}, {""tk"": ""technology"", ""act"": 0.0}, {""tk"": ""company"", ""act"": 0.0}, {""tk"": ""Apple"", ""act"": 0.0}, {""tk"": ""founder"", ""act"": 0.0}, {""tk"": ""of"", ""act"": 0.0}, {""tk"": ""Jobs"", ""act"": 0.0}, {""tk"": ""who"", ""act"": 0.0}, {""tk"": ""started"", ""act"": 0.0}, {""tk"": ""called"", ""act"": 0.0}, {""tk"": ""established"", ""act"": 0.0}]"
24_66779,24,66779,relationship: the person who established a company is its founder,relationship,1,0.0,0.0,semantic,"[{""token"": ""relationship"", ""index"": 1, ""distance"": 0, ""direction"": ""self""}]",n/a,Relationship,,1.0,False,,(is) related,"[{""tk"": ""is"", ""act"": 0.0}, {""tk"": ""the"", ""act"": 0.0}, {""tk"": ""iPhone"", ""act"": 0.0}, {""tk"": ""technology"", ""act"": 0.0}, {""tk"": ""company"", ""act"": 0.0}, {""tk"": ""Apple"", ""act"": 0.0}, {""tk"": ""founder"", ""act"": 0.0}, {""tk"": ""of"", ""act"": 0.0}, {""tk"": ""Steve"", ""act"": 0.0}, {""tk"": ""Jobs"", ""act"": 0.0}, {""tk"": ""who"", ""act"": 0.0}, {""tk"": ""started"", ""act"": 0.0}, {""tk"": ""called"", ""act"": 0.0}, {""tk"": ""established"", ""act"": 0.0}]"
25_288,25,288,relationship: the person who established a company is its founder, its,10,88.1889877319336,0.909090909090909,functional,"[{""token"": "" founder"", ""index"": 11, ""distance"": 1, ""direction"": ""forward""}]",json,Semantic,Concept,0.7,False,,Steve,"[{""tk"": ""Steve"", ""act"": 176.8882293701172}, {""tk"": ""the"", ""act"": 135.9422607421875}, {""tk"": ""is"", ""act"": 15.380372047424316}, {""tk"": ""Apple"", ""act"": 9.173041343688965}, {""tk"": ""iPhone"", ""act"": 0.0}, {""tk"": ""technology"", ""act"": 0.0}, {""tk"": ""company"", ""act"": 0.0}, {""tk"": ""founder"", ""act"": 0.0}, {""tk"": ""of"", ""act"": 0.0}, {""tk"": ""Jobs"", ""act"": 0.0}, {""tk"": ""who"", ""act"": 0.0}, {""tk"": ""started"", ""act"": 0.0}, {""tk"": ""called"", ""act"": 0.0}, {""tk"": ""established"", ""act"": 0.0}]"
